DATE                      TIME                      FRAC_DAYS_SINCE_JAN1      FRAC_HRS_SINCE_JAN1       EPOCH_TIME                ALARM_STATUS              INST_STATUS               CH4                       CH4_dry                   CO2                       CO2_dry                   H2O                       CavityPressure            CavityTemp                Battery_Current           Battery_Temperature       Battery_Voltage           GPS_ABS_LAT               GPS_ABS_LONG              GPS_FIT                   GPS_TIME                  GPS_ALTITUDE              
2022-10-24                22:41:53.891              296.61242931              7118.698303               1666651313.892            0                         899                       2.0385580130E+00          2.0790877682E+00          -1.9631491968E+01         -2.0048491998E+01         1.7884411749E+00          7.4226459791E+02          2.4089042146E+01          -1.1247579633E+00         2.7923929214E+01          1.9145629479E+01          0.0000000000E+00          0.0000000000E+00          0.0000000000E+00          0.0000000000E+00          0.0000000000E+00          
2022-10-24                22:41:56.273              296.61245686              7118.698965               1666651316.273            0                         899                       2.0386152609E+00          2.0791466613E+00          9.7830859408E+02          9.9908948138E+02          1.7884631064E+00          7.4226906277E+02          2.4092248917E+01          -1.2821445876E+00         2.8100392234E+01          1.9135870952E+01          0.0000000000E+00          0.0000000000E+00          0.0000000000E+00          0.0000000000E+00          0.0000000000E+00          
2022-10-24                22:41:58.595              296.61248375              7118.699610               1666651318.596            0                         899                       2.0405653427E+00          2.0767808489E+00          9.7830903480E+02          9.9685672571E+02          1.5998430972E+00          7.4227669500E+02          2.4092302272E+01          -1.3431222936E+00         2.8055864183E+01          1.9114755454E+01          0.0000000000E+00          0.0000000000E+00          0.0000000000E+00          0.0000000000E+00          0.0000000000E+00          
2022-10-24                22:42:00.855              296.61250991              7118.700238               1666651320.856            0                         899                       2.0406363774E+00          2.0768537046E+00          9.7311383747E+02          9.9156331876E+02          1.5998674159E+00          7.4227444276E+02          2.4096277237E+01          -1.5637071306E+00         2.8172956467E+01          1.9140090210E+01          0.0000000000E+00          0.0000000000E+00          0.0000000000E+00          0.0000000000E+00          0.0000000000E+00          
2022-10-24                22:42:03.217              296.61253725              7118.700894               1666651323.218            0                         899                       2.0462815697E+00          2.0805531600E+00          9.7311383747E+02          9.9052280993E+02          1.5112243494E+00          7.4228148201E+02          2.4096277237E+01          -1.0969585283E+00         2.8172956467E+01          1.9142018729E+01          0.0000000000E+00          0.0000000000E+00          0.0000000000E+00          0.0000000000E+00          0.0000000000E+00          
2022-10-24                22:42:05.588              296.61256469              7118.701552               1666651325.589            0                         899                       2.0463197516E+00          2.0805922653E+00          9.8258967697E+02          1.0001683176E+03          1.5112366610E+00          7.4228088136E+02          2.4098407606E+01          -1.1197564239E+00         2.8172956467E+01          1.9139228669E+01          0.0000000000E+00          0.0000000000E+00          0.0000000000E+00          0.0000000000E+00          0.0000000000E+00          
2022-10-24                22:42:07.776              296.61259001              7118.702160               1666651327.777            0                         899                       2.0400662396E+00          2.0755159900E+00          9.8260415552E+02          1.0008433829E+03          1.5669697024E+00          7.4227707778E+02          2.4100152969E+01          -1.0979609805E+00         2.8172956467E+01          1.9143807847E+01          0.0000000000E+00          0.0000000000E+00          0.0000000000E+00          0.0000000000E+00          0.0000000000E+00          
2022-10-24                22:42:09.927              296.61261491              7118.702758               1666651329.928            0                         899                       2.0400853039E+00          2.0755355327E+00          9.7755009539E+02          9.9569558401E+02          1.5669760968E+00          7.4228160004E+02          2.4101220074E+01          -1.1089341862E+00         2.8172956467E+01          1.9141150683E+01          0.0000000000E+00          0.0000000000E+00          0.0000000000E+00          0.0000000000E+00          0.0000000000E+00          
2022-10-24                22:42:12.036              296.61263932              7118.703344               1666651332.037            0                         899                       2.0458074255E+00          2.0810035147E+00          9.7757453645E+02          9.9553979356E+02          1.5516547595E+00          7.4226702800E+02          2.4104181290E+01          -1.1639617887E+00         2.8172956467E+01          1.9142381794E+01          0.0000000000E+00          0.0000000000E+00          0.0000000000E+00          0.0000000000E+00          0.0000000000E+00          
2022-10-24                22:42:14.407              296.61266675              7118.704002               1666651334.407            0                         899                       2.0458377863E+00          2.0810346298E+00          9.7618722690E+02          9.9412710728E+02          1.5516648139E+00          7.4226575273E+02          2.4105875723E+01          -1.1186138455E+00         2.8172956467E+01          1.9146207569E+01          0.0000000000E+00          0.0000000000E+00          0.0000000000E+00          0.0000000000E+00          0.0000000000E+00          
2022-10-24                22:42:16.934              296.61269601              7118.704704               1666651336.935            0                         899                       2.0422816160E+00          2.0760040228E+00          9.7620621210E+02          9.9342403561E+02          1.4902662759E+00          7.4227048962E+02          2.4108179092E+01          -1.0938972701E+00         2.8172956467E+01          1.9145551164E+01          0.0000000000E+00          0.0000000000E+00          0.0000000000E+00          0.0000000000E+00          0.0000000000E+00          
2022-10-24                22:42:19.394              296.61272447              7118.705387               1666651339.394            0                         899                       2.0423118710E+00          2.0760349991E+00          9.8093453043E+02          9.9823586349E+02          1.4902759164E+00          7.4227456079E+02          2.4109870696E+01          -1.1169646331E+00         2.8172956467E+01          1.9143168847E+01          0.0000000000E+00          0.0000000000E+00          0.0000000000E+00          0.0000000000E+00          0.0000000000E+00          
2022-10-24                22:42:21.789              296.61275220              7118.706053               1666651341.790            0                         899                       2.0329798925E+00          2.0689135478E+00          9.8095464035E+02          9.9947651170E+02          1.5934284106E+00          7.4227953657E+02          2.4112298965E+01          -1.1432981712E+00         2.8172956467E+01          1.9143452891E+01          0.0000000000E+00          0.0000000000E+00          0.0000000000E+00          0.0000000000E+00          0.0000000000E+00          
2022-10-24                22:42:24.259              296.61278078              7118.706739               1666651344.259            0                         899                       2.0330044879E+00          2.0689387712E+00          9.8583550237E+02          1.0044496318E+03          1.5934368307E+00          7.4227352319E+02          2.4113680745E+01          -1.1221817637E+00         2.8172956467E+01          1.9144618142E+01          0.0000000000E+00          0.0000000000E+00          0.0000000000E+00          0.0000000000E+00          0.0000000000E+00          
2022-10-24                22:42:26.586              296.61280772              7118.707385               1666651346.587            0                         899                       2.0405885745E+00          2.0756998100E+00          9.8585676519E+02          1.0039767759E+03          1.5518690368E+00          7.4227161736E+02          2.4116235733E+01          -1.1323572792E+00         2.8172956467E+01          1.9137332866E+01          0.0000000000E+00          0.0000000000E+00          0.0000000000E+00          0.0000000000E+00          0.0000000000E+00          
2022-10-24                22:42:28.723              296.61283244              7118.707979               1666651348.723            0                         899                       2.0405890584E+00          2.0757003059E+00          9.8030570178E+02          9.9832368603E+02          1.5518691976E+00          7.4226395684E+02          2.4116262815E+01          -1.1070046883E+00         2.8172956467E+01          1.9142407436E+01          0.0000000000E+00          0.0000000000E+00          0.0000000000E+00          0.0000000000E+00          0.0000000000E+00          
2022-10-24                22:42:30.948              296.61285821              7118.708597               1666651350.949            0                         899                       2.0435929963E+00          2.0778447898E+00          9.8033932245E+02          9.9789050242E+02          1.5123200698E+00          7.4226850416E+02          2.4120325089E+01          -1.1347394779E+00         2.8172956467E+01          1.9145842281E+01          0.0000000000E+00          0.0000000000E+00          0.0000000000E+00          0.0000000000E+00          0.0000000000E+00          
2022-10-24                22:42:33.302              296.61288545              7118.709251               1666651353.303            0                         899                       2.0435929963E+00          2.0778447898E+00          9.7766574834E+02          9.9516906287E+02          1.5123200698E+00          7.4225903078E+02          2.4120325089E+01          -1.1985736714E+00         2.8172956467E+01          1.9133593856E+01          0.0000000000E+00          0.0000000000E+00          0.0000000000E+00          0.0000000000E+00          0.0000000000E+00          
2022-10-24                22:42:35.686              296.61291303              7118.709913               1666651355.686            0                         899                       2.0408104604E+00          2.0751031141E+00          9.7768597734E+02          9.9523447904E+02          1.5161246677E+00          7.4226441925E+02          2.4122775791E+01          -1.1356449001E+00         2.8172956467E+01          1.9143483800E+01          0.0000000000E+00          0.0000000000E+00          0.0000000000E+00          0.0000000000E+00          0.0000000000E+00          
2022-10-24                22:42:37.835              296.61293791              7118.710510               1666651357.835            0                         899                       2.0408370181E+00          2.0751303162E+00          9.7439937098E+02          9.9188898251E+02          1.5161332841E+00          7.4226837643E+02          2.4124261856E+01          -1.2469936767E+00         2.8172956467E+01          1.9138393705E+01          0.0000000000E+00          0.0000000000E+00          0.0000000000E+00          0.0000000000E+00          0.0000000000E+00          
2022-10-24                22:42:40.056              296.61296362              7118.711127               1666651360.057            0                         899                       2.0367031704E+00          2.0705290065E+00          9.7441755323E+02          9.9170386913E+02          1.4987897795E+00          7.4226719009E+02          2.4126471854E+01          -1.1042452466E+00         2.8172956467E+01          1.9143607714E+01          0.0000000000E+00          0.0000000000E+00          0.0000000000E+00          0.0000000000E+00          0.0000000000E+00          
2022-10-24                22:42:42.289              296.61298947              7118.711747               1666651362.290            0                         899                       2.0367372299E+00          2.0705638828E+00          9.7524276843E+02          9.9254385238E+02          1.4988007268E+00          7.4226252150E+02          2.4128381729E+01          -1.2805492420E+00         2.8172956467E+01          1.9122787412E+01          0.0000000000E+00          0.0000000000E+00          0.0000000000E+00          0.0000000000E+00          0.0000000000E+00          
2022-10-24                22:42:44.619              296.61301644              7118.712394               1666651364.620            0                         899                       2.0417759307E+00          2.0764500088E+00          9.7525171489E+02          9.9294306622E+02          1.5319935789E+00          7.4226680690E+02          2.4129468236E+01          -1.1068968915E+00         2.8172956467E+01          1.9142999308E+01          0.0000000000E+00          0.0000000000E+00          0.0000000000E+00          0.0000000000E+00          0.0000000000E+00          
2022-10-24                22:42:46.984              296.61304381              7118.713051               1666651366.985            0                         899                       2.0418263472E+00          2.0765016617E+00          9.7458651133E+02          9.9226598979E+02          1.5320100996E+00          7.4226052594E+02          2.4132287979E+01          -1.0950613780E+00         2.8172956467E+01          1.9146538551E+01          0.0000000000E+00          0.0000000000E+00          0.0000000000E+00          0.0000000000E+00          0.0000000000E+00          
2022-10-24                22:42:49.197              296.61306942              7118.713666               1666651369.198            0                         899                       2.0378120240E+00          2.0762628242E+00          9.7459849853E+02          9.9424428291E+02          1.6990124296E+00          7.4225768235E+02          2.4133744739E+01          -1.0963656350E+00         2.8172956467E+01          1.9145746686E+01          0.0000000000E+00          0.0000000000E+00          0.0000000000E+00          0.0000000000E+00          0.0000000000E+00          
2022-10-24                22:42:51.312              296.61309390              7118.714254               1666651371.313            0                         899                       2.0378600871E+00          2.0763121978E+00          9.7470517040E+02          9.9435331154E+02          1.6990299321E+00          7.4225519567E+02          2.4136438370E+01          -1.1642527936E+00         2.8172956467E+01          1.9135857247E+01          0.0000000000E+00          0.0000000000E+00          0.0000000000E+00          0.0000000000E+00          0.0000000000E+00          
2022-10-24                22:42:53.292              296.61311682              7118.714804               1666651373.293            0                         899                       2.0438497705E+00          2.0790073989E+00          9.7470517040E+02          9.9261525760E+02          1.5514473399E+00          7.4226062618E+02          2.4136438370E+01          -1.1007204561E+00         2.8172956467E+01          1.9145105627E+01          0.0000000000E+00          0.0000000000E+00          0.0000000000E+00          0.0000000000E+00          0.0000000000E+00          
2022-10-24                22:42:55.631              296.61314388              7118.715453               1666651375.631            0                         899                       2.0439174873E+00          2.0790767981E+00          9.6159318220E+02          9.7926259859E+02          1.5514697884E+00          7.4226845081E+02          2.4140221741E+01          -1.1634336363E+00         2.8172956467E+01          1.9120405096E+01          0.0000000000E+00          0.0000000000E+00          0.0000000000E+00          0.0000000000E+00          0.0000000000E+00          
2022-10-24                22:42:57.897              296.61317010              7118.716083               1666651377.897            0                         899                       2.0310182697E+00          2.0639666364E+00          9.6159467576E+02          9.7825707094E+02          1.4645517425E+00          7.4227281017E+02          2.4140405655E+01          -1.1190881224E+00         2.8172956467E+01          1.9139025871E+01          0.0000000000E+00          0.0000000000E+00          0.0000000000E+00          0.0000000000E+00          0.0000000000E+00          
2022-10-24                22:43:00.145              296.61319613              7118.716707               1666651380.146            0                         899                       2.0310726827E+00          2.0640223240E+00          9.6699483323E+02          9.8375100118E+02          1.4645688835E+00          7.4227541245E+02          2.4143465901E+01          -1.0986184782E+00         2.8172956467E+01          1.9146061120E+01          0.0000000000E+00          0.0000000000E+00          0.0000000000E+00          0.0000000000E+00          0.0000000000E+00          
2022-10-24                22:43:02.460              296.61322293              7118.717350               1666651382.461            0                         899                       2.0422352316E+00          2.0788563792E+00          9.6700323659E+02          9.8552699918E+02          1.6161473894E+00          7.4226513308E+02          2.4144495010E+01          -1.2211560919E+00         2.8172956467E+01          1.9142104521E+01          0.0000000000E+00          0.0000000000E+00          0.0000000000E+00          0.0000000000E+00          0.0000000000E+00          
2022-10-24                22:43:04.884              296.61325097              7118.718023               1666651384.884            0                         899                       2.0422743958E+00          2.0788965579E+00          9.7016613492E+02          9.8875064414E+02          1.6161609257E+00          7.4226641927E+02          2.4146685000E+01          -1.1005587404E+00         2.8172956467E+01          1.9145482752E+01          0.0000000000E+00          0.0000000000E+00          0.0000000000E+00          0.0000000000E+00          0.0000000000E+00          
2022-10-24                22:43:07.052              296.61327608              7118.718626               1666651387.053            0                         899                       2.0432248184E+00          2.0789473554E+00          9.7018044431E+02          9.8829971401E+02          1.5764213394E+00          7.4227136230E+02          2.4148431778E+01          -1.1210176100E+00         2.8172956467E+01          1.9144854767E+01          0.0000000000E+00          0.0000000000E+00          0.0000000000E+00          0.0000000000E+00          0.0000000000E+00          
2022-10-24                22:43:09.082              296.61329956              7118.719189               1666651389.082            0                         899                       2.0432357967E+00          2.0789586110E+00          9.6666793358E+02          9.8472164614E+02          1.5764250388E+00          7.4226029635E+02          2.4149045363E+01          -1.1116397026E+00         2.8172956467E+01          1.9145675066E+01          0.0000000000E+00          0.0000000000E+00          0.0000000000E+00          0.0000000000E+00          0.0000000000E+00          
2022-10-24                22:43:11.252              296.61332468              7118.719792               1666651391.252            0                         899                       2.0409580961E+00          2.0758791244E+00          9.6669580784E+02          9.8436407400E+02          1.5433288095E+00          7.4227460081E+02          2.4152460098E+01          -1.1200366754E+00         2.8172956467E+01          1.9144372725E+01          0.0000000000E+00          0.0000000000E+00          0.0000000000E+00          0.0000000000E+00          0.0000000000E+00          
2022-10-24                22:43:13.641              296.61335234              7118.720456               1666651393.642            0                         899                       2.0409580961E+00          2.0758791244E+00          9.6594743523E+02          9.8360202341E+02          1.5433288095E+00          7.4227240516E+02          2.4152460098E+01          -1.1345670586E+00         2.8172956467E+01          1.9142443209E+01          0.0000000000E+00          0.0000000000E+00          0.0000000000E+00          0.0000000000E+00          0.0000000000E+00          
2022-10-24                22:43:15.966              296.61337924              7118.721102               1666651395.966            0                         899                       2.0393944878E+00          2.0746607593E+00          9.6597814755E+02          9.8382173122E+02          1.5595020703E+00          7.4227182997E+02          2.4156225280E+01          -1.1462516311E+00         2.8172956467E+01          1.9140505507E+01          0.0000000000E+00          0.0000000000E+00          0.0000000000E+00          0.0000000000E+00          0.0000000000E+00          
2022-10-24                22:43:18.046              296.61340332              7118.721680               1666651398.047            0                         899                       2.0394008214E+00          2.0746672511E+00          9.6991184820E+02          9.8782812008E+02          1.5595041858E+00          7.4226611369E+02          2.4156579971E+01          -1.1250058902E+00         2.8172956467E+01          1.9144103322E+01          0.0000000000E+00          0.0000000000E+00          0.0000000000E+00          0.0000000000E+00          0.0000000000E+00          
2022-10-24                22:43:20.318              296.61342961              7118.722311               1666651400.318            0                         899                       2.0396450433E+00          2.0748376635E+00          9.6994025067E+02          9.8781736231E+02          1.5561124671E+00          7.4226494270E+02          2.4160048062E+01          -1.1644468671E+00         2.8172956467E+01          1.9141666387E+01          0.0000000000E+00          0.0000000000E+00          0.0000000000E+00          0.0000000000E+00          0.0000000000E+00          
2022-10-24                22:43:22.746              296.61345772              7118.722985               1666651402.747            0                         899                       2.0396550482E+00          2.0748479178E+00          9.7210319309E+02          9.9002020933E+02          1.5561158013E+00          7.4226935906E+02          2.4160608292E+01          -1.2159604979E+00         2.8172956467E+01          1.9130474040E+01          0.0000000000E+00          0.0000000000E+00          0.0000000000E+00          0.0000000000E+00          0.0000000000E+00          
2022-10-24                22:43:25.148              296.61348552              7118.723652               1666651405.149            0                         899                       2.0381370158E+00          2.0746318192E+00          9.7213581857E+02          9.9073093639E+02          1.6138512221E+00          7.4226766948E+02          2.4164583257E+01          -1.1884305185E+00         2.8172956467E+01          1.9142868989E+01          0.0000000000E+00          0.0000000000E+00          0.0000000000E+00          0.0000000000E+00          0.0000000000E+00          
2022-10-24                22:43:27.401              296.61351159              7118.724278               1666651407.401            0                         899                       2.0381379679E+00          2.0746327959E+00          9.7595390932E+02          9.9462206387E+02          1.6138515514E+00          7.4226458094E+02          2.4164636612E+01          -1.1821462587E+00         2.8172956467E+01          1.9141602194E+01          0.0000000000E+00          0.0000000000E+00          0.0000000000E+00          0.0000000000E+00          0.0000000000E+00          
2022-10-24                22:43:29.634              296.61353743              7118.724898               1666651409.634            0                         899                       2.0401821837E+00          2.0746097751E+00          9.7596904289E+02          9.9356115728E+02          1.5224523924E+00          7.4225845357E+02          2.4166473326E+01          -1.1183012574E+00         2.8172956467E+01          1.9128167765E+01          0.0000000000E+00          0.0000000000E+00          0.0000000000E+00          0.0000000000E+00          0.0000000000E+00          
2022-10-24                22:43:32.006              296.61356488              7118.725557               1666651412.006            0                         899                       2.0402191527E+00          2.0746476449E+00          9.7153872474E+02          9.8905112252E+02          1.5224644431E+00          7.4225259662E+02          2.4168542862E+01          -1.1570200399E+00         2.8172956467E+01          1.9140724523E+01          0.0000000000E+00          0.0000000000E+00          0.0000000000E+00          0.0000000000E+00          0.0000000000E+00          
2022-10-24                22:43:34.299              296.61359142              7118.726194               1666651414.299            0                         899                       2.0411845469E+00          2.0758968420E+00          9.7154894524E+02          9.8919769204E+02          1.5340907928E+00          7.4226126523E+02          2.4169788828E+01          -1.5497912319E+00         2.8172956467E+01          1.9113472427E+01          0.0000000000E+00          0.0000000000E+00          0.0000000000E+00          0.0000000000E+00          0.0000000000E+00          
2022-10-24                22:43:36.706              296.61361928              7118.726863               1666651416.706            0                         899                       2.0412370015E+00          2.0759505850E+00          9.6592299225E+02          9.8346974091E+02          1.5341080135E+00          7.4226176685E+02          2.4172723770E+01          -1.2987983582E+00         2.8220782893E+01          1.9130614855E+01          0.0000000000E+00          0.0000000000E+00          0.0000000000E+00          0.0000000000E+00          0.0000000000E+00          
2022-10-24                22:43:39.223              296.61364843              7118.727562               1666651419.224            0                         899                       2.0439981967E+00          2.0803186327E+00          9.6593242122E+02          9.8426770543E+02          1.6017498639E+00          7.4226206192E+02          2.4173879800E+01          -1.1057435408E+00         2.8245520699E+01          1.9145377039E+01          0.0000000000E+00          0.0000000000E+00          0.0000000000E+00          0.0000000000E+00          0.0000000000E+00          
2022-10-24                22:43:41.730              296.61367744              7118.728259               1666651421.731            0                         899                       2.0440485128E+00          2.0803702403E+00          9.6866307854E+02          9.8705039742E+02          1.6017670865E+00          7.4226305627E+02          2.4176691055E+01          -1.1117583032E+00         2.8308189809E+01          1.9145663129E+01          0.0000000000E+00          0.0000000000E+00          0.0000000000E+00          0.0000000000E+00          0.0000000000E+00          
2022-10-24                22:43:44.128              296.61370520              7118.728925               1666651424.129            0                         899                       2.0374460318E+00          2.0742356986E+00          9.6866329343E+02          9.8734821644E+02          1.6272011858E+00          7.4226038406E+02          2.4176717329E+01          -1.1308373931E+00         2.8420334532E+01          1.9130511833E+01          0.0000000000E+00          0.0000000000E+00          0.0000000000E+00          0.0000000000E+00          0.0000000000E+00          
2022-10-24                22:43:46.622              296.61373406              7118.729617               1666651426.623            0                         899                       2.0375163312E+00          2.0743078320E+00          9.7297023220E+02          9.9173852179E+02          1.6272257136E+00          7.4225971267E+02          2.4180658340E+01          -1.1317751866E+00         2.8172956467E+01          1.9139576704E+01          0.0000000000E+00          0.0000000000E+00          0.0000000000E+00          0.0000000000E+00          0.0000000000E+00          
2022-10-24                22:43:49.161              296.61376344              7118.730323               1666651429.161            0                         899                       2.0442041408E+00          2.0792231181E+00          9.7297632838E+02          9.9078097000E+02          1.5451685690E+00          7.4226583721E+02          2.4181400463E+01          -1.0978100481E+00         2.8326330867E+01          1.9125328013E+01          0.0000000000E+00          0.0000000000E+00          0.0000000000E+00          0.0000000000E+00          0.0000000000E+00          
2022-10-24                22:43:51.434              296.61378976              7118.730954               1666651431.435            0                         899                       2.0442651476E+00          2.0792856343E+00          9.7299389133E+02          9.9079909069E+02          1.5451887119E+00          7.4226744676E+02          2.4184808731E+01          -1.1518783482E+00         2.8421983719E+01          1.9118082665E+01          0.0000000000E+00          0.0000000000E+00          0.0000000000E+00          0.0000000000E+00          0.0000000000E+00          
2022-10-24                22:43:53.710              296.61381609              7118.731586               1666651433.710            0                         899                       2.0372290370E+00          2.0704210956E+00          9.7299389133E+02          9.8992680942E+02          1.4707843727E+00          7.4227347226E+02          2.4184808731E+01          -1.4903225488E+00         2.8421983719E+01          1.9109129280E+01          0.0000000000E+00          0.0000000000E+00          0.0000000000E+00          0.0000000000E+00          0.0000000000E+00          
2022-10-24                22:43:55.990              296.61384248              7118.732219               1666651435.990            0                         899                       2.0372966019E+00          2.0704902501E+00          9.7655500483E+02          9.9355014716E+02          1.4708056836E+00          7.4226510519E+02          2.4188596953E+01          -1.1216751345E+00         2.8421983719E+01          1.9141368032E+01          0.0000000000E+00          0.0000000000E+00          0.0000000000E+00          0.0000000000E+00          0.0000000000E+00          
2022-10-24                22:43:58.191              296.61386796              7118.732831               1666651438.192            0                         899                       2.0392074365E+00          2.0734285350E+00          9.7655698421E+02          9.9406237161E+02          1.5141830379E+00          7.4226335821E+02          2.4188837051E+01          -1.1010438243E+00         2.8421983719E+01          1.9139169529E+01          0.0000000000E+00          0.0000000000E+00          0.0000000000E+00          0.0000000000E+00          0.0000000000E+00          
2022-10-24                22:44:00.453              296.61389414              7118.733459               1666651440.454            0                         899                       2.0392712483E+00          2.0734938933E+00          9.7692019497E+02          9.9443233685E+02          1.5142037382E+00          7.4225934606E+02          2.4192411246E+01          -1.1143884154E+00         2.8421983719E+01          1.9141773123E+01          0.0000000000E+00          0.0000000000E+00          0.0000000000E+00          0.0000000000E+00          0.0000000000E+00          
2022-10-24                22:44:02.799              296.61392128              7118.734111               1666651442.799            0                         899                       2.0409306552E+00          2.0743188381E+00          9.7692368847E+02          9.9399451216E+02          1.4766949014E+00          7.4226722404E+02          2.4192834854E+01          -1.1168784045E+00         2.8380754041E+01          1.9143414592E+01          0.0000000000E+00          0.0000000000E+00          0.0000000000E+00          0.0000000000E+00          0.0000000000E+00          
2022-10-24                22:44:05.017              296.61394697              7118.734727               1666651445.018            0                         899                       2.0409783255E+00          2.0743676346E+00          9.7223272622E+02          9.8922175613E+02          1.4767099696E+00          7.4226318279E+02          2.4195502616E+01          -1.1116828682E+00         2.8337875177E+01          1.9142026257E+01          0.0000000000E+00          0.0000000000E+00          0.0000000000E+00          0.0000000000E+00          0.0000000000E+00          
2022-10-24                22:44:07.243              296.61397272              7118.735345               1666651447.243            0                         899                       2.0370643180E+00          2.0743094910E+00          9.7224389395E+02          9.9123393128E+02          1.6472895509E+00          7.4226848395E+02          2.4196863174E+01          -1.1080179593E+00         2.8421983719E+01          1.9143192594E+01          0.0000000000E+00          0.0000000000E+00          0.0000000000E+00          0.0000000000E+00          0.0000000000E+00          
2022-10-24                22:44:09.515              296.61399902              7118.735976               1666651449.515            0                         899                       2.0370959554E+00          2.0743419643E+00          9.7594646742E+02          9.9500895594E+02          1.6473007289E+00          7.4227344639E+02          2.4198637236E+01          -1.1519215020E+00         2.8421983719E+01          1.9140199712E+01          0.0000000000E+00          0.0000000000E+00          0.0000000000E+00          0.0000000000E+00          0.0000000000E+00          
2022-10-24                22:44:11.730              296.61402465              7118.736592               1666651451.730            0                         899                       2.0410784299E+00          2.0777384154E+00          9.7596529145E+02          9.9469120061E+02          1.6187318857E+00          7.4226722889E+02          2.4200922012E+01          -1.1544653493E+00         2.8385701603E+01          1.9137507091E+01          0.0000000000E+00          0.0000000000E+00          0.0000000000E+00          0.0000000000E+00          0.0000000000E+00          
2022-10-24                22:44:14.032              296.61405131              7118.737231               1666651454.033            0                         899                       2.0410913990E+00          2.0777517211E+00          9.7382694525E+02          9.9251187869E+02          1.6187363793E+00          7.4227728878E+02          2.4201647765E+01          -1.1090743155E+00         2.8352717861E+01          1.9143424028E+01          0.0000000000E+00          0.0000000000E+00          0.0000000000E+00          0.0000000000E+00          0.0000000000E+00          
2022-10-24                22:44:16.257              296.61407706              7118.737849               1666651456.258            0                         899                       2.0416741816E+00          2.0753806225E+00          9.7385434767E+02          9.9102766256E+02          1.4900081413E+00          7.4227331866E+02          2.4204980850E+01          -1.1513286434E+00         2.8421983719E+01          1.9136265142E+01          0.0000000000E+00          0.0000000000E+00          0.0000000000E+00          0.0000000000E+00          0.0000000000E+00          
2022-10-24                22:44:18.496              296.61410296              7118.738471               1666651458.496            0                         899                       2.0416741816E+00          2.0753806225E+00          9.7692465163E+02          9.9415210941E+02          1.4900081413E+00          7.4227066626E+02          2.4204980850E+01          -1.1397086982E+00         2.8421983719E+01          1.9137294908E+01          0.0000000000E+00          0.0000000000E+00          0.0000000000E+00          0.0000000000E+00          0.0000000000E+00          
2022-10-24                22:44:20.944              296.61413130              7118.739151               1666651460.944            0                         899                       2.0395522493E+00          2.0755192062E+00          9.7694863246E+02          9.9535241226E+02          1.5898290931E+00          7.4227569701E+02          2.4207888711E+01          -1.1207696697E+00         2.8421983719E+01          1.9142622550E+01          0.0000000000E+00          0.0000000000E+00          0.0000000000E+00          0.0000000000E+00          0.0000000000E+00          
2022-10-24                22:44:23.200              296.61415741              7118.739778               1666651463.200            0                         899                       2.0395722558E+00          2.0755397223E+00          9.7468462815E+02          9.9304583875E+02          1.5898359067E+00          7.4227051347E+02          2.4209009171E+01          -1.1150028350E+00         2.8421983719E+01          1.9141321157E+01          0.0000000000E+00          0.0000000000E+00          0.0000000000E+00          0.0000000000E+00          0.0000000000E+00          
2022-10-24                22:44:25.461              296.61418359              7118.740406               1666651465.462            0                         899                       2.0428225837E+00          2.0765166341E+00          9.7470071730E+02          9.9187296224E+02          1.4886455649E+00          7.4227325076E+02          2.4210964519E+01          -1.1442898480E+00         2.8421983719E+01          1.9144015811E+01          0.0000000000E+00          0.0000000000E+00          0.0000000000E+00          0.0000000000E+00          0.0000000000E+00          
2022-10-24                22:44:27.710              296.61420962              7118.741031               1666651467.711            0                         899                       2.0428580224E+00          2.0765529168E+00          9.7791471520E+02          9.9514371712E+02          1.4886568474E+00          7.4228659522E+02          2.4212945938E+01          -1.1279378316E+00         2.8421983719E+01          1.9146123886E+01          0.0000000000E+00          0.0000000000E+00          0.0000000000E+00          0.0000000000E+00          0.0000000000E+00          
2022-10-24                22:44:29.871              296.61423463              7118.741631               1666651469.872            0                         899                       2.0395631276E+00          2.0754205400E+00          9.7793045107E+02          9.9629645348E+02          1.5850623047E+00          7.4228100465E+02          2.4214852175E+01          -1.2177175062E+00         2.8421983719E+01          1.9138673555E+01          0.0000000000E+00          0.0000000000E+00          0.0000000000E+00          0.0000000000E+00          0.0000000000E+00          
2022-10-24                22:44:32.061              296.61425997              7118.742239               1666651472.061            0                         899                       2.0396004734E+00          2.0754588343E+00          9.7982758694E+02          9.9822936845E+02          1.5850749859E+00          7.4228250910E+02          2.4216943741E+01          -1.1259436939E+00         2.8421983719E+01          1.9139956645E+01          0.0000000000E+00          0.0000000000E+00          0.0000000000E+00          0.0000000000E+00          0.0000000000E+00          
2022-10-24                22:44:34.476              296.61428793              7118.742910               1666651474.477            0                         899                       2.0383505033E+00          2.0752153130E+00          9.7983612177E+02          9.9876679885E+02          1.6297550501E+00          7.4227546459E+02          2.4217975680E+01          -1.3155384419E+00         2.8421983719E+01          1.9140414345E+01          0.0000000000E+00          0.0000000000E+00          0.0000000000E+00          0.0000000000E+00          0.0000000000E+00          
2022-10-24                22:44:36.760              296.61431436              7118.743545               1666651476.761            0                         899                       2.0384072387E+00          2.0752735310E+00          9.8103623027E+02          9.9999032871E+02          1.6297748711E+00          7.4228004425E+02          2.4221155167E+01          -1.1265042002E+00         2.8421983719E+01          1.9135958804E+01          0.0000000000E+00          0.0000000000E+00          0.0000000000E+00          0.0000000000E+00          0.0000000000E+00          
2022-10-24                22:44:39.099              296.61434144              7118.744194               1666651479.100            0                         899                       2.0389521875E+00          2.0736058587E+00          9.8104536947E+02          9.9885599348E+02          1.5331919881E+00          7.4227914570E+02          2.4222258852E+01          -1.1288863894E+00         2.8421983719E+01          1.9136903523E+01          0.0000000000E+00          0.0000000000E+00          0.0000000000E+00          0.0000000000E+00          0.0000000000E+00          
2022-10-24                22:44:41.323              296.61436718              7118.744812               1666651481.324            0                         899                       2.0390016672E+00          2.0736565530E+00          9.8175773599E+02          9.9958148526E+02          1.5332082453E+00          7.4227155713E+02          2.4225030899E+01          -1.1093652880E+00         2.8421983719E+01          1.9143873947E+01          0.0000000000E+00          0.0000000000E+00          0.0000000000E+00          0.0000000000E+00          0.0000000000E+00          
2022-10-24                22:44:43.602              296.61439355              7118.745445               1666651483.603            0                         899                       2.0400507714E+00          2.0748990717E+00          9.8175862694E+02          9.9967275597E+02          1.5408420665E+00          7.4227460364E+02          2.4225138418E+01          -1.1010222553E+00         2.8421983719E+01          1.9144444030E+01          0.0000000000E+00          0.0000000000E+00          0.0000000000E+00          0.0000000000E+00          0.0000000000E+00          
2022-10-24                22:44:45.941              296.61442062              7118.746095               1666651485.942            0                         899                       2.0401213400E+00          2.0749713815E+00          9.7388076995E+02          9.9165142538E+02          1.5408653557E+00          7.4227352643E+02          2.4229089737E+01          -1.0985646248E+00         2.8421983719E+01          1.9145457817E+01          0.0000000000E+00          0.0000000000E+00          0.0000000000E+00          0.0000000000E+00          0.0000000000E+00          
2022-10-24                22:44:48.256              296.61444742              7118.746738               1666651488.257            0                         899                       2.0400255343E+00          2.0742917325E+00          9.7388076995E+02          9.9135419952E+02          1.5155476251E+00          7.4226873213E+02          2.4229089737E+01          -1.1057112209E+00         2.8421983719E+01          1.9144516395E+01          0.0000000000E+00          0.0000000000E+00          0.0000000000E+00          0.0000000000E+00          0.0000000000E+00          
2022-10-24                22:44:50.436              296.61447264              7118.747343               1666651490.436            0                         899                       2.0400649484E+00          2.0743321028E+00          9.8163774369E+02          9.9925050072E+02          1.5155604195E+00          7.4227597794E+02          2.4231296704E+01          -1.1064118376E+00         2.8421983719E+01          1.9145578094E+01          0.0000000000E+00          0.0000000000E+00          0.0000000000E+00          0.0000000000E+00          0.0000000000E+00          
2022-10-24                22:44:52.721              296.61449910              7118.747978               1666651492.722            0                         899                       2.0403259967E+00          2.0743146343E+00          9.8165232872E+02          9.9911979471E+02          1.5032549002E+00          7.4226467512E+02          2.4233057022E+01          -1.3275571738E+00         2.8421983719E+01          1.9131773942E+01          0.0000000000E+00          0.0000000000E+00          0.0000000000E+00          0.0000000000E+00          0.0000000000E+00          
2022-10-24                22:44:55.081              296.61452640              7118.748634               1666651495.081            0                         899                       2.0403490998E+00          2.0743382933E+00          9.8143811914E+02          9.9890186144E+02          1.5032623380E+00          7.4226564076E+02          2.4234350482E+01          -1.0949751486E+00         2.8421983719E+01          1.9146414498E+01          0.0000000000E+00          0.0000000000E+00          0.0000000000E+00          0.0000000000E+00          0.0000000000E+00          
2022-10-24                22:44:57.388              296.61455311              7118.749275               1666651497.389            0                         899                       2.0425031898E+00          2.0797471848E+00          9.8145976289E+02          1.0005780914E+03          1.6429305919E+00          7.4225692567E+02          2.4236963272E+01          -1.2258342276E+00         2.8421983719E+01          1.9135802389E+01          0.0000000000E+00          0.0000000000E+00          0.0000000000E+00          0.0000000000E+00          0.0000000000E+00          
2022-10-24                22:44:59.713              296.61458001              7118.749920               1666651499.713            0                         899                       2.0425299035E+00          2.0797746023E+00          9.8511902951E+02          1.0043087505E+03          1.6429399808E+00          7.4226054332E+02          2.4238457219E+01          -1.1551444144E+00         2.8421983719E+01          1.9137830873E+01          0.0000000000E+00          0.0000000000E+00          0.0000000000E+00          0.0000000000E+00          0.0000000000E+00          
2022-10-24                22:45:01.927              296.61460564              7118.750535               1666651501.927            0                         899                       2.0365973034E+00          2.0716598170E+00          9.8514010068E+02          1.0032572612E+03          1.5527377286E+00          7.4225838445E+02          2.4240991592E+01          -1.0988771947E+00         2.8421983719E+01          1.9145412331E+01          0.0000000000E+00          0.0000000000E+00          0.0000000000E+00          0.0000000000E+00          0.0000000000E+00          
2022-10-24                22:45:04.176              296.61463167              7118.751160               1666651504.176            0                         899                       2.0366036265E+00          2.0716662972E+00          9.8527368956E+02          1.0033933319E+03          1.5527398354E+00          7.4225212936E+02          2.4241346283E+01          -1.0979609710E+00         2.8421983719E+01          1.9143206514E+01          0.0000000000E+00          0.0000000000E+00          0.0000000000E+00          0.0000000000E+00          0.0000000000E+00          
2022-10-24                22:45:06.621              296.61465998              7118.751839               1666651506.622            0                         899                       2.0461229965E+00          2.0788234186E+00          9.8530499862E+02          1.0021244030E+03          1.4431426431E+00          7.4225181165E+02          2.4245111465E+01          -1.1274743349E+00         2.8421983719E+01          1.9146574614E+01          0.0000000000E+00          0.0000000000E+00          0.0000000000E+00          0.0000000000E+00          0.0000000000E+00          
2022-10-24                22:45:09.032              296.61468788              7118.752509               1666651509.033            0                         899                       2.0461229965E+00          2.0788234186E+00          9.7916552945E+02          9.9588013155E+02          1.4431426431E+00          7.4226005585E+02          2.4245111465E+01          -1.1157466205E+00         2.8421983719E+01          1.9144437840E+01          0.0000000000E+00          0.0000000000E+00          0.0000000000E+00          0.0000000000E+00          0.0000000000E+00          
2022-10-24                22:45:11.211              296.61471310              7118.753114               1666651511.212            0                         899                       2.0397175536E+00          2.0767460941E+00          9.7919766695E+02          9.9818738364E+02          1.6357867814E+00          7.4225958050E+02          2.4248999930E+01          -1.1493775931E+00         2.8421983719E+01          1.9138527636E+01          0.0000000000E+00          0.0000000000E+00          0.0000000000E+00          0.0000000000E+00          0.0000000000E+00          
2022-10-24                22:45:13.407              296.61473852              7118.753724               1666651513.408            0                         899                       2.0397189610E+00          2.0767475384E+00          9.8282442955E+02          1.0018844864E+03          1.6357872746E+00          7.4225602348E+02          2.4249078751E+01          -1.1194007302E+00         2.8421983719E+01          1.9138957320E+01          0.0000000000E+00          0.0000000000E+00          0.0000000000E+00          0.0000000000E+00          0.0000000000E+00          
2022-10-24                22:45:15.904              296.61476742              7118.754418               1666651515.905            0                         899                       2.0384094282E+00          2.0735315796E+00          9.8285742886E+02          1.0009472751E+03          1.5539747564E+00          7.4225983232E+02          2.4253056949E+01          -1.2840093224E+00         2.8421983719E+01          1.9140302039E+01          0.0000000000E+00          0.0000000000E+00          0.0000000000E+00          0.0000000000E+00          0.0000000000E+00          
2022-10-24                22:45:18.173              296.61479367              7118.755048               1666651518.173            0                         899                       2.0384108670E+00          2.0735330543E+00          9.8104257572E+02          9.9909902463E+02          1.5539752358E+00          7.4226615855E+02          2.4253137589E+01          -1.1724989130E+00         2.8421983719E+01          1.9141514166E+01          0.0000000000E+00          0.0000000000E+00          0.0000000000E+00          0.0000000000E+00          0.0000000000E+00          
2022-10-24                22:45:20.506              296.61482068              7118.755696               1666651520.507            0                         899                       2.0418641770E+00          2.0794692969E+00          9.8106121128E+02          1.0003633510E+03          1.6590824436E+00          7.4227623420E+02          2.4255388209E+01          -1.1298241955E+00         2.8421983719E+01          1.9144289926E+01          0.0000000000E+00          0.0000000000E+00          0.0000000000E+00          0.0000000000E+00          0.0000000000E+00          
2022-10-24                22:45:22.871              296.61484806              7118.756353               1666651522.872            0                         899                       2.0418937707E+00          2.0794996782E+00          9.7958592186E+02          9.9885916009E+02          1.6590929514E+00          7.4227684698E+02          2.4257043839E+01          -1.3047268849E+00         2.8421983719E+01          1.9117137884E+01          0.0000000000E+00          0.0000000000E+00          0.0000000000E+00          0.0000000000E+00          0.0000000000E+00          
2022-10-24                22:45:25.065              296.61487344              7118.756963               1666651525.065            0                         899                       2.0434877999E+00          2.0789154935E+00          9.7959713092E+02          9.9773875238E+02          1.5634339749E+00          7.4227237484E+02          2.4258399547E+01          -1.3006307826E+00         2.8421983719E+01          1.9114262082E+01          0.0000000000E+00          0.0000000000E+00          0.0000000000E+00          0.0000000000E+00          0.0000000000E+00          
2022-10-24                22:45:27.282              296.61489910              7118.757578               1666651527.282            0                         899                       2.0435339735E+00          2.0789628234E+00          9.7823801518E+02          9.9635464872E+02          1.5634494118E+00          7.4226039780E+02          2.4260980606E+01          -1.1357850428E+00         2.8421983719E+01          1.9138110571E+01          0.0000000000E+00          0.0000000000E+00          0.0000000000E+00          0.0000000000E+00          0.0000000000E+00          
2022-10-24                22:45:29.644              296.61492644              7118.758234               1666651529.644            0                         899                       2.0420705745E+00          2.0761387417E+00          9.7825332917E+02          9.9568616686E+02          1.5054484831E+00          7.4226411933E+02          2.4262835307E+01          -1.1360761172E+00         2.8421983719E+01          1.9135956392E+01          0.0000000000E+00          0.0000000000E+00          0.0000000000E+00          0.0000000000E+00          0.0000000000E+00          
2022-10-24                22:45:31.826              296.61495170              7118.758841               1666651531.827            0                         899                       2.0421099760E+00          2.0761790925E+00          9.7826338952E+02          9.9569655610E+02          1.5054611769E+00          7.4226763471E+02          2.4265039444E+01          -1.1316566120E+00         2.8421983719E+01          1.9137630741E+01          0.0000000000E+00          0.0000000000E+00          0.0000000000E+00          0.0000000000E+00          0.0000000000E+00          
2022-10-24                22:45:34.348              296.61498088              7118.759541               1666651534.348            0                         899                       2.0432149757E+00          2.0763769693E+00          9.7826572077E+02          9.9522506080E+02          1.4652371776E+00          7.4226017549E+02          2.4265321782E+01          -1.1135584124E+00         2.8421983719E+01          1.9141969062E+01          0.0000000000E+00          0.0000000000E+00          0.0000000000E+00          0.0000000000E+00          0.0000000000E+00          
2022-10-24                22:45:36.809              296.61500937              7118.760225               1666651536.810            0                         899                       2.0432792493E+00          2.0764427493E+00          9.6522499317E+02          9.8195849149E+02          1.4652573196E+00          7.4225946813E+02          2.4268915176E+01          -1.1701059184E+00         2.8421983719E+01          1.9127025453E+01          0.0000000000E+00          0.0000000000E+00          0.0000000000E+00          0.0000000000E+00          0.0000000000E+00          
2022-10-24                22:45:39.086              296.61503573              7118.760857               1666651539.087            0                         899                       2.0377457488E+00          2.0709521296E+00          9.6523419962E+02          9.8203506674E+02          1.4710417075E+00          7.4225247698E+02          2.4270044933E+01          -1.2770459841E+00         2.8421983719E+01          1.9138030917E+01          0.0000000000E+00          0.0000000000E+00          0.0000000000E+00          0.0000000000E+00          0.0000000000E+00          
2022-10-24                22:45:41.328              296.61506167              7118.761480               1666651541.328            0                         899                       2.0377963595E+00          2.0710039314E+00          9.7062633405E+02          9.8752124325E+02          1.4710576758E+00          7.4225517586E+02          2.4272882462E+01          -1.1310853445E+00         2.8421983719E+01          1.9136062129E+01          0.0000000000E+00          0.0000000000E+00          0.0000000000E+00          0.0000000000E+00          0.0000000000E+00          
2022-10-24                22:45:43.641              296.61508844              7118.762123               1666651543.641            0                         899                       2.0411690209E+00          2.0753127080E+00          9.7063063956E+02          9.8797368925E+02          1.5093861982E+00          7.4225717143E+02          2.4273407930E+01          -1.3056323678E+00         2.8421983719E+01          1.9135716243E+01          0.0000000000E+00          0.0000000000E+00          0.0000000000E+00          0.0000000000E+00          0.0000000000E+00          
2022-10-24                22:45:46.009              296.61511586              7118.762781               1666651546.010            0                         899                       2.0412305174E+00          2.0753756903E+00          9.7322158916E+02          9.9061116651E+02          1.5094060722E+00          7.4225961647E+02          2.4276849747E+01          -1.1040512008E+00         2.8421983719E+01          1.9136777208E+01          0.0000000000E+00          0.0000000000E+00          0.0000000000E+00          0.0000000000E+00          0.0000000000E+00          
2022-10-24                22:45:48.226              296.61514152              7118.763396               1666651548.227            0                         899                       2.0435280983E+00          2.0776042766E+00          9.7322158916E+02          9.9055645567E+02          1.5047403064E+00          7.4226238892E+02          2.4276849747E+01          -1.1721970711E+00         2.8421983719E+01          1.9135098413E+01          0.0000000000E+00          0.0000000000E+00          0.0000000000E+00          0.0000000000E+00          0.0000000000E+00          
2022-10-24                22:45:50.588              296.61516884              7118.764052               1666651550.588            0                         899                       2.0435953883E+00          2.0776731873E+00          9.7451068036E+02          9.9186876219E+02          1.5047619600E+00          7.4225309218E+02          2.4280611291E+01          -1.1630024634E+00         2.8421983719E+01          1.9141189095E+01          0.0000000000E+00          0.0000000000E+00          0.0000000000E+00          0.0000000000E+00          0.0000000000E+00          
2022-10-24                22:45:52.880              296.61519537              7118.764689               1666651552.880            0                         899                       2.0347645095E+00          2.0713573316E+00          9.7451287477E+02          9.9323460300E+02          1.6207438427E+00          7.4225586665E+02          2.4280878067E+01          -1.1873202521E+00         2.8421983719E+01          1.9140566529E+01          0.0000000000E+00          0.0000000000E+00          0.0000000000E+00          0.0000000000E+00          0.0000000000E+00          
2022-10-24                22:45:55.181              296.61522201              7118.765328               1666651555.182            0                         899                       2.0348143321E+00          2.0714084489E+00          9.7001039046E+02          9.8864582308E+02          1.6207611896E+00          7.4225696084E+02          2.4283675781E+01          -1.1666566031E+00         2.8421983719E+01          1.9134681184E+01          0.0000000000E+00          0.0000000000E+00          0.0000000000E+00          0.0000000000E+00          0.0000000000E+00          
2022-10-24                22:45:57.721              296.61525141              7118.766034               1666651557.722            0                         899                       2.0367290104E+00          2.0708809314E+00          9.7001921772E+02          9.8739336220E+02          1.5129811273E+00          7.4226077695E+02          2.4284753799E+01          -1.1222895439E+00         2.8421983719E+01          1.9142808851E+01          0.0000000000E+00          0.0000000000E+00          0.0000000000E+00          0.0000000000E+00          0.0000000000E+00          
2022-10-24                22:46:00.220              296.61528034              7118.766728               1666651560.221            0                         899                       2.0367804537E+00          2.0709336207E+00          9.7039606202E+02          9.8777715154E+02          1.5129978310E+00          7.4225321546E+02          2.4287639631E+01          -1.1640372616E+00         2.8421983719E+01          1.9140729487E+01          0.0000000000E+00          0.0000000000E+00          0.0000000000E+00          0.0000000000E+00          0.0000000000E+00          
2022-10-24                22:46:02.578              296.61530762              7118.767383               1666651562.578            0                         899                       2.0426376872E+00          2.0772131190E+00          9.7040517078E+02          9.8795105263E+02          1.5270739114E+00          7.4225461402E+02          2.4288751602E+01          -1.1401937718E+00         2.8421983719E+01          1.9140576571E+01          0.0000000000E+00          0.0000000000E+00          0.0000000000E+00          0.0000000000E+00          0.0000000000E+00          
2022-10-24                22:46:04.869              296.61533414              7118.768019               1666651564.870            0                         899                       2.0426567996E+00          2.0772326987E+00          9.7180502695E+02          9.8937629274E+02          1.5270801561E+00          7.4226204414E+02          2.4289820526E+01          -1.1277007109E+00         2.8421983719E+01          1.9143609394E+01          0.0000000000E+00          0.0000000000E+00          0.0000000000E+00          0.0000000000E+00          0.0000000000E+00          
2022-10-24                22:46:07.168              296.61536075              7118.768658               1666651567.169            0                         899                       2.0379835887E+00          2.0719294643E+00          9.7182855246E+02          9.8911930693E+02          1.5030919539E+00          7.4226749930E+02          2.4292688370E+01          -1.1124589562E+00         2.8421983719E+01          1.9137733068E+01          0.0000000000E+00          0.0000000000E+00          0.0000000000E+00          0.0000000000E+00          0.0000000000E+00          
2022-10-24                22:46:09.697              296.61539001              7118.769360               1666651569.697            0                         899                       2.0380133152E+00          2.0719599059E+00          9.7423706028E+02          9.9157077936E+02          1.5031015372E+00          7.4225790749E+02          2.4294354912E+01          -1.1412824692E+00         2.8421983719E+01          1.9142899785E+01          0.0000000000E+00          0.0000000000E+00          0.0000000000E+00          0.0000000000E+00          0.0000000000E+00          
2022-10-24                22:46:11.937              296.61541595              7118.769983               1666651571.938            0                         899                       2.0400684099E+00          2.0735892578E+00          9.7425673270E+02          9.9135590449E+02          1.4830840468E+00          7.4225547134E+02          2.4296747208E+01          -1.0973034923E+00         2.8421983719E+01          1.9145192822E+01          0.0000000000E+00          0.0000000000E+00          0.0000000000E+00          0.0000000000E+00          0.0000000000E+00          
2022-10-24                22:46:14.233              296.61544251              7118.770620               1666651574.233            0                         899                       2.0400715928E+00          2.0735925162E+00          9.6937581742E+02          9.8638933611E+02          1.4830850582E+00          7.4226408255E+02          2.4296925463E+01          -1.1234105762E+00         2.8421983719E+01          1.9144074926E+01          0.0000000000E+00          0.0000000000E+00          0.0000000000E+00          0.0000000000E+00          0.0000000000E+00          
2022-10-24                22:46:16.694              296.61547101              7118.771304               1666651576.695            0                         899                       2.0428820920E+00          2.0778812199E+00          9.6940582422E+02          9.8714654879E+02          1.5452900468E+00          7.4226745201E+02          2.4300592422E+01          -1.1865009985E+00         2.8421983719E+01          1.9134120221E+01          0.0000000000E+00          0.0000000000E+00          0.0000000000E+00          0.0000000000E+00          0.0000000000E+00          
2022-10-24                22:46:19.296              296.61550111              7118.772027               1666651579.296            0                         899                       2.0428944011E+00          2.0778938336E+00          9.6581231320E+02          9.8348732171E+02          1.5452941164E+00          7.4226376767E+02          2.4301280786E+01          -1.1244669592E+00         2.8421983719E+01          1.9145183639E+01          0.0000000000E+00          0.0000000000E+00          0.0000000000E+00          0.0000000000E+00          0.0000000000E+00          
2022-10-24                22:46:21.898              296.61553124              7118.772750               1666651581.899            0                         899                       2.0381216224E+00          2.0750659484E+00          9.6583929659E+02          9.8454195267E+02          1.6333879455E+00          7.4227307371E+02          2.4304590225E+01          -1.1075975050E+00         2.8421983719E+01          1.9146083301E+01          0.0000000000E+00          0.0000000000E+00          0.0000000000E+00          0.0000000000E+00          0.0000000000E+00          
2022-10-24                22:46:24.302              296.61555906              7118.773417               1666651584.303            0                         899                       2.0381511554E+00          2.0750962550E+00          9.6344441943E+02          9.8210082120E+02          1.6333982916E+00          7.4226955712E+02          2.4306245854E+01          -1.1745684818E+00         2.8421983719E+01          1.9143867240E+01          0.0000000000E+00          0.0000000000E+00          0.0000000000E+00          0.0000000000E+00          0.0000000000E+00          
2022-10-24                22:46:26.618              296.61558586              7118.774061               1666651586.618            0                         899                       2.0398489295E+00          2.0716374887E+00          9.6346272546E+02          9.7949940594E+02          1.4077663646E+00          7.4226963068E+02          2.4308496475E+01          -1.1172556822E+00         2.8421983719E+01          1.9142083882E+01          0.0000000000E+00          0.0000000000E+00          0.0000000000E+00          0.0000000000E+00          0.0000000000E+00          
2022-10-24                22:46:29.062              296.61561414              7118.774739               1666651589.062            0                         899                       2.0398489295E+00          2.0716374887E+00          9.6567794752E+02          9.8175150001E+02          1.4077663646E+00          7.4226190347E+02          2.4308496475E+01          -1.1327237672E+00         2.8421983719E+01          1.9144864796E+01          0.0000000000E+00          0.0000000000E+00          0.0000000000E+00          0.0000000000E+00          0.0000000000E+00          
2022-10-24                22:46:31.427              296.61564153              7118.775397               1666651591.428            0                         899                       2.0393249585E+00          2.0741522489E+00          9.6570958137E+02          9.8332650278E+02          1.5404675623E+00          7.4225908777E+02          2.4312376856E+01          -1.1136877647E+00         2.8421983719E+01          1.9144468497E+01          0.0000000000E+00          0.0000000000E+00          0.0000000000E+00          0.0000000000E+00          0.0000000000E+00          
2022-10-24                22:46:33.882              296.61566994              7118.776079               1666651593.883            0                         899                       2.0393343301E+00          2.0741618517E+00          9.6847031758E+02          9.8613763776E+02          1.5404706568E+00          7.4226434326E+02          2.4312901920E+01          -1.1030810969E+00         2.8421983719E+01          1.9144767155E+01          0.0000000000E+00          0.0000000000E+00          0.0000000000E+00          0.0000000000E+00          0.0000000000E+00          
2022-10-24                22:46:36.453              296.61569970              7118.776793               1666651596.454            0                         899                       2.0397193883E+00          2.0761069832E+00          9.6849867016E+02          9.8695538318E+02          1.6079669736E+00          7.4226804741E+02          2.4316370010E+01          -1.0900167598E+00         2.8421983719E+01          1.9146484375E+01          0.0000000000E+00          0.0000000000E+00          0.0000000000E+00          0.0000000000E+00          0.0000000000E+00          
2022-10-24                22:46:38.750              296.61572627              7118.777431               1666651598.750            0                         899                       2.0397193883E+00          2.0761069832E+00          9.7230493798E+02          9.9083418717E+02          1.6079669736E+00          7.4225740627E+02          2.4316370010E+01          -1.0941559337E+00         2.8421983719E+01          1.9145138873E+01          0.0000000000E+00          0.0000000000E+00          0.0000000000E+00          0.0000000000E+00          0.0000000000E+00          
2022-10-24                22:46:41.085              296.61575330              7118.778079               1666651601.085            0                         899                       2.0369028127E+00          2.0729821917E+00          9.7233583033E+02          9.9073396317E+02          1.5967502193E+00          7.4226299119E+02          2.4320134182E+01          -1.1238740967E+00         2.8421983719E+01          1.9140815078E+01          0.0000000000E+00          0.0000000000E+00          0.0000000000E+00          0.0000000000E+00          0.0000000000E+00          
2022-10-24                22:46:43.305              296.61577899              7118.778696               1666651603.305            0                         899                       2.0369037134E+00          2.0729831154E+00          9.6750255003E+02          9.8580923317E+02          1.5967505279E+00          7.4225542283E+02          2.4320184708E+01          -1.1285737895E+00         2.8421983719E+01          1.9141453636E+01          0.0000000000E+00          0.0000000000E+00          0.0000000000E+00          0.0000000000E+00          0.0000000000E+00          
2022-10-24                22:46:45.609              296.61580567              7118.779336               1666651605.610            0                         899                       2.0401180587E+00          2.0744636024E+00          9.6753436057E+02          9.8493337493E+02          1.5189311120E+00          7.4225847499E+02          2.4324079640E+01          -1.1023804478E+00         2.8421983719E+01          1.9139288227E+01          0.0000000000E+00          0.0000000000E+00          0.0000000000E+00          0.0000000000E+00          0.0000000000E+00          
2022-10-24                22:46:47.887              296.61583203              7118.779969               1666651607.887            0                         899                       2.0401204404E+00          2.0744660420E+00          9.6827849280E+02          9.8569089781E+02          1.5189318872E+00          7.4226976569E+02          2.4324213028E+01          -1.1311500688E+00         2.8421983719E+01          1.9142560188E+01          0.0000000000E+00          0.0000000000E+00          0.0000000000E+00          0.0000000000E+00          0.0000000000E+00          
2022-10-24                22:46:50.181              296.61585859              7118.780606               1666651610.182            0                         899                       2.0412727442E+00          2.0765528847E+00          9.6830427715E+02          9.8618138779E+02          1.5586938131E+00          7.4226019610E+02          2.4327367656E+01          -1.1562762166E+00         2.8421983719E+01          1.9143579028E+01          0.0000000000E+00          0.0000000000E+00          0.0000000000E+00          0.0000000000E+00          0.0000000000E+00          
2022-10-24                22:46:52.631              296.61588694              7118.781287               1666651612.632            0                         899                       2.0412867177E+00          2.0765672071E+00          9.6058514675E+02          9.7831979865E+02          1.5586984774E+00          7.4225655582E+02          2.4328149796E+01          -1.1268814778E+00         2.8421983719E+01          1.9143194969E+01          0.0000000000E+00          0.0000000000E+00          0.0000000000E+00          0.0000000000E+00          0.0000000000E+00          
2022-10-24                22:46:54.907              296.61591328              7118.781919               1666651614.907            0                         899                       2.0448830263E+00          2.0787667094E+00          9.6059537415E+02          9.7759729802E+02          1.4954033863E+00          7.4225749439E+02          2.4329410919E+01          -1.1013779569E+00         2.8421983719E+01          1.9143931736E+01          0.0000000000E+00          0.0000000000E+00          0.0000000000E+00          0.0000000000E+00          0.0000000000E+00          
2022-10-24                22:46:57.019              296.61593773              7118.782506               1666651617.020            0                         899                       2.0449314634E+00          2.0788163057E+00          9.7484465280E+02          9.9209896159E+02          1.4954188696E+00          7.4226856318E+02          2.4332117081E+01          -1.1501968057E+00         2.8421983719E+01          1.9129789491E+01          0.0000000000E+00          0.0000000000E+00          0.0000000000E+00          0.0000000000E+00          0.0000000000E+00          
2022-10-24                22:46:59.239              296.61596341              7118.783122               1666651619.239            0                         899                       2.0425616717E+00          2.0772077670E+00          9.7484976101E+02          9.9251272812E+02          1.5301988132E+00          7.4226615491E+02          2.4332737942E+01          -1.1451737257E+00         2.8421983719E+01          1.9132219390E+01          0.0000000000E+00          0.0000000000E+00          0.0000000000E+00          0.0000000000E+00          0.0000000000E+00          
2022-10-24                22:47:01.461              296.61598914              7118.783739               1666651621.462            0                         899                       2.0426204059E+00          2.0772679404E+00          9.7841391794E+02          9.9614168967E+02          1.5302180481E+00          7.4227077499E+02          2.4336023331E+01          -1.1863178181E+00         2.8421983719E+01          1.9132717979E+01          0.0000000000E+00          0.0000000000E+00          0.0000000000E+00          0.0000000000E+00          0.0000000000E+00          
2022-10-24                22:47:03.880              296.61601713              7118.784411               1666651623.880            0                         899                       2.0416439424E+00          2.0761667254E+00          9.7841543653E+02          9.9608779068E+02          1.5255170805E+00          7.4225968721E+02          2.4336207245E+01          -1.1629377856E+00         2.8421983719E+01          1.9140986083E+01          0.0000000000E+00          0.0000000000E+00          0.0000000000E+00          0.0000000000E+00          0.0000000000E+00          
2022-10-24                22:47:06.342              296.61604563              7118.785095               1666651626.342            0                         899                       2.0417115469E+00          2.0762359813E+00          9.7328447224E+02          9.9086440887E+02          1.5255391633E+00          7.4225324376E+02          2.4339990616E+01          -1.1398056485E+00         2.8421983719E+01          1.9136641344E+01          0.0000000000E+00          0.0000000000E+00          0.0000000000E+00          0.0000000000E+00          0.0000000000E+00          
2022-10-24                22:47:08.743              296.61607343              7118.785762               1666651628.744            0                         899                       2.0445777193E+00          2.0798425580E+00          9.7329175386E+02          9.9122407464E+02          1.5555534657E+00          7.4225755542E+02          2.4340877040E+01          -1.1329070495E+00         2.8421983719E+01          1.9137845260E+01          0.0000000000E+00          0.0000000000E+00          0.0000000000E+00          0.0000000000E+00          0.0000000000E+00          
2022-10-24                22:47:11.084              296.61610051              7118.786412               1666651631.084            0                         899                       2.0446323067E+00          2.0798985056E+00          9.7436854120E+02          9.9232091452E+02          1.5555716206E+00          7.4226392410E+02          2.4343927383E+01          -1.1227530730E+00         2.8421983719E+01          1.9137812292E+01          0.0000000000E+00          0.0000000000E+00          0.0000000000E+00          0.0000000000E+00          0.0000000000E+00          
2022-10-24                22:47:13.289              296.61612603              7118.787025               1666651633.289            0                         899                       2.0433490716E+00          2.0773923503E+00          9.7436854120E+02          9.9170858303E+02          1.5034408772E+00          7.4226418845E+02          2.4343927383E+01          -1.1257496527E+00         2.8421983719E+01          1.9127456551E+01          0.0000000000E+00          0.0000000000E+00          0.0000000000E+00          0.0000000000E+00          0.0000000000E+00          
2022-10-24                22:47:15.358              296.61614999              7118.787600               1666651635.359            0                         899                       2.0434114639E+00          2.0774562441E+00          9.7484264558E+02          9.9219136036E+02          1.5034609457E+00          7.4226060274E+02          2.4347416088E+01          -1.1187539756E+00         2.8421983719E+01          1.9146025310E+01          0.0000000000E+00          0.0000000000E+00          0.0000000000E+00          0.0000000000E+00          0.0000000000E+00          
2022-10-24                22:47:17.779              296.61617801              7118.788272               1666651637.780            0                         899                       1.9833831908E+00          2.0199852293E+00          9.7484557872E+02          9.9406431285E+02          1.6623810568E+00          7.3794086663E+02          2.4347772598E+01          -1.1699011271E+00         2.8421983719E+01          1.9137456250E+01          0.0000000000E+00          0.0000000000E+00          0.0000000000E+00          0.0000000000E+00          0.0000000000E+00          
2022-10-24                22:47:24.855              296.61625990              7118.790238               1666651644.855            0                         899                       2.2467225633E+00          2.2467225633E+00          1.0821500470E+03          1.0821500470E+03          0.0000000000E+00          7.1938223085E+02          2.4353076594E+01          -1.1266874162E+00         2.8421983719E+01          1.9143307035E+01          0.0000000000E+00          0.0000000000E+00          0.0000000000E+00          0.0000000000E+00          0.0000000000E+00          
2022-10-24                22:47:27.490              296.61629039              7118.790969               1666651647.490            0                         899                       2.4091595492E+00          2.4091595492E+00          1.0821717990E+03          1.0821717990E+03          0.0000000000E+00          7.1914486957E+02          2.4355463028E+01          -1.1089880372E+00         2.8421983719E+01          1.9144373508E+01          0.0000000000E+00          0.0000000000E+00          0.0000000000E+00          0.0000000000E+00          0.0000000000E+00          
2022-10-24                22:47:29.730              296.61631633              7118.791592               1666651649.731            0                         899                       2.4092007280E+00          2.4092007280E+00          1.0821894728E+03          1.0821894728E+03          0.0000000000E+00          7.1901760521E+02          2.4357402006E+01          -1.1147440917E+00         2.8421983719E+01          1.9143934237E+01          0.0000000000E+00          0.0000000000E+00          0.0000000000E+00          0.0000000000E+00          0.0000000000E+00          
2022-10-24                22:47:31.954              296.61634207              7118.792210               1666651651.955            0                         899                       2.6091151778E+00          2.6127172321E+00          1.0822060139E+03          1.0838002782E+03          1.2648276545E-01          7.1863089333E+02          2.4359216690E+01          -1.1164041639E+00         2.8421983719E+01          1.9142212874E+01          0.0000000000E+00          0.0000000000E+00          0.0000000000E+00          0.0000000000E+00          0.0000000000E+00          
2022-10-24                22:47:37.209              296.61640288              7118.793669               1666651657.209            0                         899                       2.6083891295E+00          2.6117172797E+00          1.0822393950E+03          1.0837128749E+03          1.1690962316E-01          7.1800585089E+02          2.4362878799E+01          -1.1068861003E+00         2.8421983719E+01          1.9139705494E+01          0.0000000000E+00          0.0000000000E+00          0.0000000000E+00          0.0000000000E+00          0.0000000000E+00          
2022-10-24                22:47:42.003              296.61645837              7118.795001               1666651662.003            0                         899                       2.5742036587E+00          2.5767780493E+00          1.0822736114E+03          1.0834285288E+03          9.1658117630E-02          7.1774923403E+02          2.4366632462E+01          -1.1054201521E+00         2.8421983719E+01          1.9143672084E+01          0.0000000000E+00          0.0000000000E+00          0.0000000000E+00          0.0000000000E+00          0.0000000000E+00          
2022-10-24                22:47:44.364              296.61648569              7118.795657               1666651664.364            0                         899                       2.5742141417E+00          2.5767885474E+00          1.0822778119E+03          1.0834327358E+03          9.1658279237E-02          7.1704433861E+02          2.4367093257E+01          -1.1465319158E+00         2.8421983719E+01          1.9141964843E+01          0.0000000000E+00          0.0000000000E+00          0.0000000000E+00          0.0000000000E+00          0.0000000000E+00          
2022-10-24                22:47:47.046              296.61651674              7118.796402               1666651667.046            0                         899                       2.3365277735E+00          2.3365277735E+00          1.0823069941E+03          1.0823069941E+03          0.0000000000E+00          7.1609541897E+02          2.4370294571E+01          -1.1153585500E+00         2.8421983719E+01          1.9143717002E+01          0.0000000000E+00          0.0000000000E+00          0.0000000000E+00          0.0000000000E+00          0.0000000000E+00          
2022-10-24                22:47:49.559              296.61654582              7118.797100               1666651669.559            0                         899                       2.3365574988E+00          2.3365574988E+00          1.9010616251E+03          1.9010616251E+03          0.0000000000E+00          7.1583887931E+02          2.4371739609E+01          -1.1313440902E+00         2.8421983719E+01          1.9143683642E+01          0.0000000000E+00          0.0000000000E+00          0.0000000000E+00          0.0000000000E+00          0.0000000000E+00          
2022-10-24                22:47:51.887              296.61657277              7118.797746               1666651671.887            0                         899                       2.3366093836E+00          2.3366093836E+00          1.9011016977E+03          1.9011016977E+03          0.0000000000E+00          7.1561659898E+02          2.4374261856E+01          -1.1119954254E+00         2.8421983719E+01          1.9144163397E+01          0.0000000000E+00          0.0000000000E+00          0.0000000000E+00          0.0000000000E+00          0.0000000000E+00          
2022-10-24                22:47:54.081              296.61659816              7118.798356               1666651674.081            0                         899                       2.3366187047E+00          2.3366187047E+00          1.7916156314E+03          1.7916156314E+03          0.0000000000E+00          7.1557556314E+02          2.4374714971E+01          -1.1817258304E+00         2.8421983719E+01          1.9142516850E+01          0.0000000000E+00          0.0000000000E+00          0.0000000000E+00          0.0000000000E+00          0.0000000000E+00          
