SN:3K60180500001585 BD:Jul 23 2018 VC:834b9c1 MD5:48f99e4865ed8b810be1bb0eaaabf929
SysTime,                      Time,         Batt_v,      Batt_v_sd,   BATT_PERCENT,BATT_PERCENT_sd,      [CH4]_ppm,   [CH4]_ppm_sd,      [H2O]_ppm,   [H2O]_ppm_sd,     [H2Oa]_ppm,  [H2Oa]_ppm_sd,      [CO2]_ppm,   [CO2]_ppm_sd,     [CH4]d_ppm,  [CH4]d_ppm_sd,     [CO2]d_ppm,  [CO2]d_ppm_sd,      GasP_torr,   GasP_torr_sd,         GasT_C,      GasT_C_sd,         AmbT_C,      AmbT_C_sd,         RD0_us,      RD0_us_sd,         RD1_us,      RD1_us_sd, Temp_Status_mA,Temp_Status_mA_sd,Analyzer_Status_mA,Analyzer_Status_mA_sd,       Fit_Flag,      MIU_VALVE,       MIU_DESC
10/23/2022 12:42:38.594, 10/23/2022 12:42:38.531, 4.11550e+0, 0.00000e+0, 4.92284e+1, 0.00000e+0, 2.34024e+0, 0.00000e+0, -3.00894e+2, 0.00000e+0, 9.84690e+2, 0.00000e+0, 4.91041e+2, 0.00000e+0, 1.16977e+0, 0.00000e+0, 2.45447e+2, 0.00000e+0, 5.04796e+2, 0.00000e+0, 4.16931e+1, 0.00000e+0, 4.38422e+1, 0.00000e+0, 3.41930e+0, 0.00000e+0, 2.85153e+0, 0.00000e+0, 2.00000e+1, 0.00000e+0, 1.50000e+1, 0.00000e+0, 2, -1, Disabled
10/23/2022 12:42:39.581, 10/23/2022 12:42:39.525, 4.11515e+0, 0.00000e+0, 9.84486e+1, 0.00000e+0, 2.33599e+0, 0.00000e+0, -3.33189e+2, 0.00000e+0, 9.68517e+2, 0.00000e+0, 4.93630e+2, 0.00000e+0, 2.33521e+0, 0.00000e+0, 4.93465e+2, 0.00000e+0, 5.04716e+2, 0.00000e+0, 4.16951e+1, 0.00000e+0, 4.38218e+1, 0.00000e+0, 3.41993e+0, 0.00000e+0, 2.85151e+0, 0.00000e+0, 2.00000e+1, 0.00000e+0, 1.50000e+1, 0.00000e+0, 2, -1, Disabled
10/23/2022 12:42:40.575, 10/23/2022 12:42:40.520, 4.11532e+0, 0.00000e+0, 9.84527e+1, 0.00000e+0, 2.33670e+0, 0.00000e+0, -2.72009e+2, 0.00000e+0, 1.15352e+3, 0.00000e+0, 4.93179e+2, 0.00000e+0, 2.33607e+0, 0.00000e+0, 4.93045e+2, 0.00000e+0, 5.04662e+2, 0.00000e+0, 4.16959e+1, 0.00000e+0, 4.38321e+1, 0.00000e+0, 3.41976e+0, 0.00000e+0, 2.85134e+0, 0.00000e+0, 2.00000e+1, 0.00000e+0, 1.50000e+1, 0.00000e+0, 2, -1, Disabled
10/23/2022 12:42:41.569, 10/23/2022 12:42:41.514, 4.11559e+0, 0.00000e+0, 9.84590e+1, 0.00000e+0, 2.33761e+0, 0.00000e+0, -3.20195e+2, 0.00000e+0, 1.01179e+3, 0.00000e+0, 4.95865e+2, 0.00000e+0, 2.33686e+0, 0.00000e+0, 4.95707e+2, 0.00000e+0, 5.04888e+2, 0.00000e+0, 4.16967e+1, 0.00000e+0, 4.38475e+1, 0.00000e+0, 3.41992e+0, 0.00000e+0, 2.85077e+0, 0.00000e+0, 2.00000e+1, 0.00000e+0, 1.50000e+1, 0.00000e+0, 2, -1, Disabled
10/23/2022 12:42:42.566, 10/23/2022 12:42:42.509, 4.11603e+0, 0.00000e+0, 9.84697e+1, 0.00000e+0, 2.33579e+0, 0.00000e+0, -2.77744e+2, 0.00000e+0, 9.89260e+2, 0.00000e+0, 4.94875e+2, 0.00000e+0, 2.33514e+0, 0.00000e+0, 4.94738e+2, 0.00000e+0, 5.04781e+2, 0.00000e+0, 4.16939e+1, 0.00000e+0, 4.37985e+1, 0.00000e+0, 3.41927e+0, 0.00000e+0, 2.85071e+0, 0.00000e+0, 2.00000e+1, 0.00000e+0, 1.50000e+1, 0.00000e+0, 2, -1, Disabled
10/23/2022 12:42:43.559, 10/23/2022 12:42:43.504, 4.11560e+0, 0.00000e+0, 9.84593e+1, 0.00000e+0, 2.33547e+0, 0.00000e+0, -3.93164e+2, 0.00000e+0, 9.22571e+2, 0.00000e+0, 4.95433e+2, 0.00000e+0, 2.33455e+0, 0.00000e+0, 4.95238e+2, 0.00000e+0, 5.04713e+2, 0.00000e+0, 4.16962e+1, 0.00000e+0, 4.38074e+1, 0.00000e+0, 3.42034e+0, 0.00000e+0, 2.85191e+0, 0.00000e+0, 2.00000e+1, 0.00000e+0, 1.50000e+1, 0.00000e+0, 2, -1, Disabled
10/23/2022 12:42:44.555, 10/23/2022 12:42:44.498, 4.11547e+0, 0.00000e+0, 9.84562e+1, 0.00000e+0, 2.33733e+0, 0.00000e+0, -3.28004e+2, 0.00000e+0, 9.38418e+2, 0.00000e+0, 4.93332e+2, 0.00000e+0, 2.33657e+0, 0.00000e+0, 4.93170e+2, 0.00000e+0, 5.04765e+2, 0.00000e+0, 4.16965e+1, 0.00000e+0, 4.38366e+1, 0.00000e+0, 3.42040e+0, 0.00000e+0, 2.85149e+0, 0.00000e+0, 2.00000e+1, 0.00000e+0, 1.50000e+1, 0.00000e+0, 2, -1, Disabled
10/23/2022 12:42:45.560, 10/23/2022 12:42:45.493, 4.11637e+0, 0.00000e+0, 9.84778e+1, 0.00000e+0, 2.33388e+0, 0.00000e+0, -2.66902e+2, 0.00000e+0, 9.40597e+2, 0.00000e+0, 4.96191e+2, 0.00000e+0, 2.33325e+0, 0.00000e+0, 4.96058e+2, 0.00000e+0, 5.04772e+2, 0.00000e+0, 4.16971e+1, 0.00000e+0, 4.38040e+1, 0.00000e+0, 3.41968e+0, 0.00000e+0, 2.85000e+0, 0.00000e+0, 2.00000e+1, 0.00000e+0, 1.50000e+1, 0.00000e+0, 2, -1, Disabled
10/23/2022 12:42:46.545, 10/23/2022 12:42:46.488, 4.11585e+0, 0.00000e+0, 9.84652e+1, 0.00000e+0, 2.33519e+0, 0.00000e+0, -2.11718e+2, 0.00000e+0, 9.14259e+2, 0.00000e+0, 4.95828e+2, 0.00000e+0, 2.33470e+0, 0.00000e+0, 4.95723e+2, 0.00000e+0, 5.04628e+2, 0.00000e+0, 4.16951e+1, 0.00000e+0, 4.37892e+1, 0.00000e+0, 3.42033e+0, 0.00000e+0, 2.85106e+0, 0.00000e+0, 2.00000e+1, 0.00000e+0, 1.50000e+1, 0.00000e+0, 2, -1, Disabled
10/23/2022 12:42:47.561, 10/23/2022 12:42:47.481, 4.11608e+0, 0.00000e+0, 9.84708e+1, 0.00000e+0, 2.33368e+0, 0.00000e+0, -5.47210e+1, 0.00000e+0, 1.07807e+3, 0.00000e+0, 4.96007e+2, 0.00000e+0, 2.33355e+0, 0.00000e+0, 4.95980e+2, 0.00000e+0, 5.04836e+2, 0.00000e+0, 4.17004e+1, 0.00000e+0, 4.37741e+1, 0.00000e+0, 3.42044e+0, 0.00000e+0, 2.85096e+0, 0.00000e+0, 2.00000e+1, 0.00000e+0, 1.50000e+1, 0.00000e+0, 2, -1, Disabled
10/23/2022 12:42:48.531, 10/23/2022 12:42:48.477, 4.11583e+0, 0.00000e+0, 9.84647e+1, 0.00000e+0, 2.33116e+0, 0.00000e+0, -1.57154e+2, 0.00000e+0, 1.14457e+3, 0.00000e+0, 4.95428e+2, 0.00000e+0, 2.33079e+0, 0.00000e+0, 4.95350e+2, 0.00000e+0, 5.04696e+2, 0.00000e+0, 4.16963e+1, 0.00000e+0, 4.37357e+1, 0.00000e+0, 3.41958e+0, 0.00000e+0, 2.85088e+0, 0.00000e+0, 2.00000e+1, 0.00000e+0, 1.50000e+1, 0.00000e+0, 2, -1, Disabled
10/23/2022 12:42:49.522, 10/23/2022 12:42:49.470, 4.11552e+0, 0.00000e+0, 9.84575e+1, 0.00000e+0, 2.33212e+0, 0.00000e+0, -2.79339e+2, 0.00000e+0, 8.28976e+2, 0.00000e+0, 4.96309e+2, 0.00000e+0, 2.33147e+0, 0.00000e+0, 4.96170e+2, 0.00000e+0, 5.04777e+2, 0.00000e+0, 4.16982e+1, 0.00000e+0, 4.38289e+1, 0.00000e+0, 3.42128e+0, 0.00000e+0, 2.84986e+0, 0.00000e+0, 2.00000e+1, 0.00000e+0, 1.50000e+1, 0.00000e+0, 2, -1, Disabled
10/23/2022 12:42:50.543, 10/23/2022 12:42:50.465, 4.11639e+0, 0.00000e+0, 9.84783e+1, 0.00000e+0, 2.33164e+0, 0.00000e+0, -2.69616e+2, 0.00000e+0, 8.86804e+2, 0.00000e+0, 4.93748e+2, 0.00000e+0, 2.33101e+0, 0.00000e+0, 4.93615e+2, 0.00000e+0, 5.04810e+2, 0.00000e+0, 4.16959e+1, 0.00000e+0, 4.37602e+1, 0.00000e+0, 3.42158e+0, 0.00000e+0, 2.85002e+0, 0.00000e+0, 2.00000e+1, 0.00000e+0, 1.50000e+1, 0.00000e+0, 3, -1, Disabled
10/23/2022 12:42:51.522, 10/23/2022 12:42:51.460, 4.11593e+0, 0.00000e+0, 9.84673e+1, 0.00000e+0, 2.33761e+0, 0.00000e+0, -1.03110e+2, 0.00000e+0, 1.03853e+3, 0.00000e+0, 4.96461e+2, 0.00000e+0, 2.33737e+0, 0.00000e+0, 4.96410e+2, 0.00000e+0, 5.04557e+2, 0.00000e+0, 4.16966e+1, 0.00000e+0, 4.37877e+1, 0.00000e+0, 3.42007e+0, 0.00000e+0, 2.85067e+0, 0.00000e+0, 2.00000e+1, 0.00000e+0, 1.50000e+1, 0.00000e+0, 3, -1, Disabled
10/23/2022 12:42:52.517, 10/23/2022 12:42:52.454, 4.11608e+0, 0.00000e+0, 9.84709e+1, 0.00000e+0, 2.33927e+0, 0.00000e+0, -2.98760e+2, 0.00000e+0, 1.10074e+3, 0.00000e+0, 4.95572e+2, 0.00000e+0, 2.33857e+0, 0.00000e+0, 4.95424e+2, 0.00000e+0, 5.04812e+2, 0.00000e+0, 4.17013e+1, 0.00000e+0, 4.37837e+1, 0.00000e+0, 3.42093e+0, 0.00000e+0, 2.85024e+0, 0.00000e+0, 2.00000e+1, 0.00000e+0, 1.50000e+1, 0.00000e+0, 3, -1, Disabled
10/23/2022 12:42:53.512, 10/23/2022 12:42:53.449, 4.11573e+0, 0.00000e+0, 9.84624e+1, 0.00000e+0, 2.33991e+0, 0.00000e+0, -4.60689e+1, 0.00000e+0, 1.11145e+3, 0.00000e+0, 4.95627e+2, 0.00000e+0, 2.33980e+0, 0.00000e+0, 4.95604e+2, 0.00000e+0, 5.04679e+2, 0.00000e+0, 4.16945e+1, 0.00000e+0, 4.37500e+1, 0.00000e+0, 3.42088e+0, 0.00000e+0, 2.85043e+0, 0.00000e+0, 2.00000e+1, 0.00000e+0, 1.50000e+1, 0.00000e+0, 3, -1, Disabled
10/23/2022 12:42:54.496, 10/23/2022 12:42:54.444, 4.11510e+0, 0.00000e+0, 9.84473e+1, 0.00000e+0, 2.33678e+0, 0.00000e+0, -7.18822e+1, 0.00000e+0, 1.01727e+3, 0.00000e+0, 4.96337e+2, 0.00000e+0, 2.33662e+0, 0.00000e+0, 4.96301e+2, 0.00000e+0, 5.04739e+2, 0.00000e+0, 4.16957e+1, 0.00000e+0, 4.37730e+1, 0.00000e+0, 3.42007e+0, 0.00000e+0, 2.85001e+0, 0.00000e+0, 2.00000e+1, 0.00000e+0, 1.50000e+1, 0.00000e+0, 3, -1, Disabled
10/23/2022 12:42:55.491, 10/23/2022 12:42:55.438, 4.11646e+0, 0.00000e+0, 9.84800e+1, 0.00000e+0, 2.33756e+0, 0.00000e+0, -3.28997e+1, 0.00000e+0, 1.03693e+3, 0.00000e+0, 4.94238e+2, 0.00000e+0, 2.33748e+0, 0.00000e+0, 4.94221e+2, 0.00000e+0, 5.04894e+2, 0.00000e+0, 4.16974e+1, 0.00000e+0, 4.37744e+1, 0.00000e+0, 3.42139e+0, 0.00000e+0, 2.85013e+0, 0.00000e+0, 2.00000e+1, 0.00000e+0, 1.50000e+1, 0.00000e+0, 3, -1, Disabled
10/23/2022 12:42:56.483, 10/23/2022 12:42:56.432, 4.11638e+0, 0.00000e+0, 9.84779e+1, 0.00000e+0, 2.33169e+0, 0.00000e+0, 7.32839e+1, 0.00000e+0, 1.25112e+3, 0.00000e+0, 4.96459e+2, 0.00000e+0, 2.33186e+0, 0.00000e+0, 4.96495e+2, 0.00000e+0, 5.04699e+2, 0.00000e+0, 4.16986e+1, 0.00000e+0, 4.37354e+1, 0.00000e+0, 3.41890e+0, 0.00000e+0, 2.84983e+0, 0.00000e+0, 2.00000e+1, 0.00000e+0, 1.50000e+1, 0.00000e+0, 3, -1, Disabled
10/23/2022 12:42:57.480, 10/23/2022 12:42:57.427, 4.11599e+0, 0.00000e+0, 9.84687e+1, 0.00000e+0, 2.33356e+0, 0.00000e+0, -1.15257e+2, 0.00000e+0, 1.03340e+3, 0.00000e+0, 4.94044e+2, 0.00000e+0, 2.33329e+0, 0.00000e+0, 4.93987e+2, 0.00000e+0, 5.04723e+2, 0.00000e+0, 4.16965e+1, 0.00000e+0, 4.38041e+1, 0.00000e+0, 3.42039e+0, 0.00000e+0, 2.84997e+0, 0.00000e+0, 2.00000e+1, 0.00000e+0, 1.50000e+1, 0.00000e+0, 3, -1, Disabled
10/23/2022 12:42:58.472, 10/23/2022 12:42:58.422, 4.11618e+0, 0.00000e+0, 9.84733e+1, 0.00000e+0, 2.33204e+0, 0.00000e+0, -5.16532e+1, 0.00000e+0, 1.03092e+3, 0.00000e+0, 4.95567e+2, 0.00000e+0, 2.33192e+0, 0.00000e+0, 4.95541e+2, 0.00000e+0, 5.04788e+2, 0.00000e+0, 4.16974e+1, 0.00000e+0, 4.37292e+1, 0.00000e+0, 3.42077e+0, 0.00000e+0, 2.84955e+0, 0.00000e+0, 2.00000e+1, 0.00000e+0, 1.50000e+1, 0.00000e+0, 3, -1, Disabled
10/23/2022 12:42:59.469, 10/23/2022 12:42:59.417, 4.11640e+0, 0.00000e+0, 9.84784e+1, 0.00000e+0, 2.33252e+0, 0.00000e+0, 1.24621e+1, 0.00000e+0, 1.22870e+3, 0.00000e+0, 4.93153e+2, 0.00000e+0, 2.33255e+0, 0.00000e+0, 4.93159e+2, 0.00000e+0, 5.04780e+2, 0.00000e+0, 4.16984e+1, 0.00000e+0, 4.37316e+1, 0.00000e+0, 3.41906e+0, 0.00000e+0, 2.84936e+0, 0.00000e+0, 2.00000e+1, 0.00000e+0, 1.50000e+1, 0.00000e+0, 3, -1, Disabled
10/23/2022 12:43:00.461, 10/23/2022 12:43:00.410, 4.11603e+0, 0.00000e+0, 9.84695e+1, 0.00000e+0, 2.33837e+0, 0.00000e+0, -1.33017e+2, 0.00000e+0, 9.99477e+2, 0.00000e+0, 4.96344e+2, 0.00000e+0, 2.33806e+0, 0.00000e+0, 4.96278e+2, 0.00000e+0, 5.04712e+2, 0.00000e+0, 4.16961e+1, 0.00000e+0, 4.37598e+1, 0.00000e+0, 3.42040e+0, 0.00000e+0, 2.84955e+0, 0.00000e+0, 2.00000e+1, 0.00000e+0, 1.50000e+1, 0.00000e+0, 3, -1, Disabled
10/23/2022 12:43:01.464, 10/23/2022 12:43:01.406, 4.11623e+0, 0.00000e+0, 9.84743e+1, 0.00000e+0, 2.33311e+0, 0.00000e+0, -2.25227e+2, 0.00000e+0, 9.73834e+2, 0.00000e+0, 4.96301e+2, 0.00000e+0, 2.33258e+0, 0.00000e+0, 4.96190e+2, 0.00000e+0, 5.04777e+2, 0.00000e+0, 4.16986e+1, 0.00000e+0, 4.37271e+1, 0.00000e+0, 3.42006e+0, 0.00000e+0, 2.85033e+0, 0.00000e+0, 2.00000e+1, 0.00000e+0, 1.50000e+1, 0.00000e+0, 3, -1, Disabled
10/23/2022 12:43:02.449, 10/23/2022 12:43:02.400, 4.11646e+0, 0.00000e+0, 9.84800e+1, 0.00000e+0, 2.33711e+0, 0.00000e+0, -5.66694e+1, 0.00000e+0, 1.13775e+3, 0.00000e+0, 4.93899e+2, 0.00000e+0, 2.33698e+0, 0.00000e+0, 4.93871e+2, 0.00000e+0, 5.04838e+2, 0.00000e+0, 4.16978e+1, 0.00000e+0, 4.37089e+1, 0.00000e+0, 3.41994e+0, 0.00000e+0, 2.84983e+0, 0.00000e+0, 2.00000e+1, 0.00000e+0, 1.50000e+1, 0.00000e+0, 3, -1, Disabled
10/23/2022 12:43:03.451, 10/23/2022 12:43:03.394, 4.11629e+0, 0.00000e+0, 9.84759e+1, 0.00000e+0, 2.33841e+0, 0.00000e+0, -7.09339e+1, 0.00000e+0, 1.05620e+3, 0.00000e+0, 4.94366e+2, 0.00000e+0, 2.33825e+0, 0.00000e+0, 4.94330e+2, 0.00000e+0, 5.04653e+2, 0.00000e+0, 4.16973e+1, 0.00000e+0, 4.37078e+1, 0.00000e+0, 3.42022e+0, 0.00000e+0, 2.84988e+0, 0.00000e+0, 2.00000e+1, 0.00000e+0, 1.50000e+1, 0.00000e+0, 3, -1, Disabled
10/23/2022 12:43:04.444, 10/23/2022 12:43:04.389, 4.11607e+0, 0.00000e+0, 9.84706e+1, 0.00000e+0, 2.33102e+0, 0.00000e+0, -6.07181e+1, 0.00000e+0, 1.03243e+3, 0.00000e+0, 4.94977e+2, 0.00000e+0, 2.33088e+0, 0.00000e+0, 4.94946e+2, 0.00000e+0, 5.04772e+2, 0.00000e+0, 4.16977e+1, 0.00000e+0, 4.37415e+1, 0.00000e+0, 3.42010e+0, 0.00000e+0, 2.84911e+0, 0.00000e+0, 2.00000e+1, 0.00000e+0, 1.50000e+1, 0.00000e+0, 3, -1, Disabled
10/23/2022 12:43:05.448, 10/23/2022 12:43:05.384, 4.11620e+0, 0.00000e+0, 9.84737e+1, 0.00000e+0, 2.32966e+0, 0.00000e+0, -8.92537e+1, 0.00000e+0, 1.03031e+3, 0.00000e+0, 4.92922e+2, 0.00000e+0, 2.32945e+0, 0.00000e+0, 4.92878e+2, 0.00000e+0, 5.04861e+2, 0.00000e+0, 4.16990e+1, 0.00000e+0, 4.37478e+1, 0.00000e+0, 3.42048e+0, 0.00000e+0, 2.84991e+0, 0.00000e+0, 2.00000e+1, 0.00000e+0, 1.50000e+1, 0.00000e+0, 3, -1, Disabled
10/23/2022 12:43:06.439, 10/23/2022 12:43:06.378, 4.11643e+0, 0.00000e+0, 9.84791e+1, 0.00000e+0, 2.33483e+0, 0.00000e+0, -1.64422e+2, 0.00000e+0, 1.03365e+3, 0.00000e+0, 4.95183e+2, 0.00000e+0, 2.33444e+0, 0.00000e+0, 4.95101e+2, 0.00000e+0, 5.04681e+2, 0.00000e+0, 4.16984e+1, 0.00000e+0, 4.36972e+1, 0.00000e+0, 3.41966e+0, 0.00000e+0, 2.84986e+0, 0.00000e+0, 2.00000e+1, 0.00000e+0, 1.50000e+1, 0.00000e+0, 3, -1, Disabled
10/23/2022 12:43:07.427, 10/23/2022 12:43:07.372, 4.11594e+0, 0.00000e+0, 9.84674e+1, 0.00000e+0, 2.33353e+0, 0.00000e+0, 1.39725e+0, 0.00000e+0, 1.09175e+3, 0.00000e+0, 4.94127e+2, 0.00000e+0, 2.33353e+0, 0.00000e+0, 4.94127e+2, 0.00000e+0, 5.04737e+2, 0.00000e+0, 4.17006e+1, 0.00000e+0, 4.37422e+1, 0.00000e+0, 3.41954e+0, 0.00000e+0, 2.84950e+0, 0.00000e+0, 2.00000e+1, 0.00000e+0, 1.50000e+1, 0.00000e+0, 3, -1, Disabled
10/23/2022 12:43:08.426, 10/23/2022 12:43:08.368, 4.11599e+0, 0.00000e+0, 9.84686e+1, 0.00000e+0, 2.32818e+0, 0.00000e+0, -1.46342e+2, 0.00000e+0, 1.02286e+3, 0.00000e+0, 4.93153e+2, 0.00000e+0, 2.32784e+0, 0.00000e+0, 4.93081e+2, 0.00000e+0, 5.04721e+2, 0.00000e+0, 4.17036e+1, 0.00000e+0, 4.37182e+1, 0.00000e+0, 3.41931e+0, 0.00000e+0, 2.84991e+0, 0.00000e+0, 2.00000e+1, 0.00000e+0, 1.50000e+1, 0.00000e+0, 3, -1, Disabled
10/23/2022 12:43:09.413, 10/23/2022 12:43:09.362, 4.11625e+0, 0.00000e+0, 9.84749e+1, 0.00000e+0, 2.32865e+0, 0.00000e+0, 3.92490e+1, 0.00000e+0, 1.16563e+3, 0.00000e+0, 4.92610e+2, 0.00000e+0, 2.32875e+0, 0.00000e+0, 4.92629e+2, 0.00000e+0, 5.04771e+2, 0.00000e+0, 4.17029e+1, 0.00000e+0, 4.37069e+1, 0.00000e+0, 3.41960e+0, 0.00000e+0, 2.85013e+0, 0.00000e+0, 2.00000e+1, 0.00000e+0, 1.50000e+1, 0.00000e+0, 3, -1, Disabled
10/23/2022 12:43:10.415, 10/23/2022 12:43:10.362, 4.11592e+0, 0.00000e+0, 9.84669e+1, 0.00000e+0, 2.33375e+0, 0.00000e+0, -2.89481e+1, 0.00000e+0, 1.13114e+3, 0.00000e+0, 4.94543e+2, 0.00000e+0, 2.33368e+0, 0.00000e+0, 4.94529e+2, 0.00000e+0, 5.04687e+2, 0.00000e+0, 4.17050e+1, 0.00000e+0, 4.37057e+1, 0.00000e+0, 3.42036e+0, 0.00000e+0, 2.84934e+0, 0.00000e+0, 2.00000e+1, 0.00000e+0, 1.50000e+1, 0.00000e+0, 3, -1, Disabled
10/23/2022 12:43:11.411, 10/23/2022 12:43:11.358, 4.11583e+0, 0.00000e+0, 9.84649e+1, 0.00000e+0, 2.33722e+0, 0.00000e+0, 1.03603e+1, 0.00000e+0, 1.13297e+3, 0.00000e+0, 4.95151e+2, 0.00000e+0, 2.33724e+0, 0.00000e+0, 4.95156e+2, 0.00000e+0, 5.04773e+2, 0.00000e+0, 4.17087e+1, 0.00000e+0, 4.37703e+1, 0.00000e+0, 3.42050e+0, 0.00000e+0, 2.84904e+0, 0.00000e+0, 2.00000e+1, 0.00000e+0, 1.50000e+1, 0.00000e+0, 3, -1, Disabled
10/23/2022 12:43:12.421, 10/23/2022 12:43:12.353, 4.11544e+0, 0.00000e+0, 9.84555e+1, 0.00000e+0, 2.32826e+0, 0.00000e+0, -2.10295e+2, 0.00000e+0, 9.62866e+2, 0.00000e+0, 4.93941e+2, 0.00000e+0, 2.32777e+0, 0.00000e+0, 4.93837e+2, 0.00000e+0, 5.04747e+2, 0.00000e+0, 4.17069e+1, 0.00000e+0, 4.37420e+1, 0.00000e+0, 3.42024e+0, 0.00000e+0, 2.84949e+0, 0.00000e+0, 2.00000e+1, 0.00000e+0, 1.50000e+1, 0.00000e+0, 3, -1, Disabled
10/23/2022 12:43:13.428, 10/23/2022 12:43:13.347, 4.11616e+0, 0.00000e+0, 9.84726e+1, 0.00000e+0, 2.33408e+0, 0.00000e+0, -1.90637e+2, 0.00000e+0, 1.03513e+3, 0.00000e+0, 4.95292e+2, 0.00000e+0, 2.33364e+0, 0.00000e+0, 4.95198e+2, 0.00000e+0, 5.04652e+2, 0.00000e+0, 4.17047e+1, 0.00000e+0, 4.36954e+1, 0.00000e+0, 3.41947e+0, 0.00000e+0, 2.84889e+0, 0.00000e+0, 2.00000e+1, 0.00000e+0, 1.50000e+1, 0.00000e+0, 3, -1, Disabled
10/23/2022 12:43:14.408, 10/23/2022 12:43:14.341, 4.11569e+0, 0.00000e+0, 9.84615e+1, 0.00000e+0, 2.32505e+0, 0.00000e+0, 6.54416e+1, 0.00000e+0, 1.20535e+3, 0.00000e+0, 4.95641e+2, 0.00000e+0, 2.32521e+0, 0.00000e+0, 4.95673e+2, 0.00000e+0, 5.04749e+2, 0.00000e+0, 4.17075e+1, 0.00000e+0, 4.37152e+1, 0.00000e+0, 3.42242e+0, 0.00000e+0, 2.84950e+0, 0.00000e+0, 2.00000e+1, 0.00000e+0, 1.50000e+1, 0.00000e+0, 3, -1, Disabled
10/23/2022 12:43:15.414, 10/23/2022 12:43:15.335, 4.11607e+0, 0.00000e+0, 9.84706e+1, 0.00000e+0, 2.32956e+0, 0.00000e+0, 1.21637e+0, 0.00000e+0, 1.16316e+3, 0.00000e+0, 4.95907e+2, 0.00000e+0, 2.32956e+0, 0.00000e+0, 4.95908e+2, 0.00000e+0, 5.04815e+2, 0.00000e+0, 4.17065e+1, 0.00000e+0, 4.36947e+1, 0.00000e+0, 3.42017e+0, 0.00000e+0, 2.84939e+0, 0.00000e+0, 2.00000e+1, 0.00000e+0, 1.50000e+1, 0.00000e+0, 3, -1, Disabled
10/23/2022 12:43:16.411, 10/23/2022 12:43:16.330, 4.11621e+0, 0.00000e+0, 9.84738e+1, 0.00000e+0, 2.33073e+0, 0.00000e+0, -2.54048e+2, 0.00000e+0, 8.45592e+2, 0.00000e+0, 4.95023e+2, 0.00000e+0, 2.33013e+0, 0.00000e+0, 4.94898e+2, 0.00000e+0, 5.04667e+2, 0.00000e+0, 4.17076e+1, 0.00000e+0, 4.36641e+1, 0.00000e+0, 3.42011e+0, 0.00000e+0, 2.84962e+0, 0.00000e+0, 2.00000e+1, 0.00000e+0, 1.50000e+1, 0.00000e+0, 3, -1, Disabled
10/23/2022 12:43:17.405, 10/23/2022 12:43:17.324, 4.11580e+0, 0.00000e+0, 9.84641e+1, 0.00000e+0, 2.33291e+0, 0.00000e+0, -3.27180e+1, 0.00000e+0, 1.21247e+3, 0.00000e+0, 4.94244e+2, 0.00000e+0, 2.33284e+0, 0.00000e+0, 4.94228e+2, 0.00000e+0, 5.04724e+2, 0.00000e+0, 4.17060e+1, 0.00000e+0, 4.36995e+1, 0.00000e+0, 3.42075e+0, 0.00000e+0, 2.85005e+0, 0.00000e+0, 2.00000e+1, 0.00000e+0, 1.50000e+1, 0.00000e+0, 3, -1, Disabled
10/23/2022 12:43:18.398, 10/23/2022 12:43:18.319, 4.11601e+0, 0.00000e+0, 9.84692e+1, 0.00000e+0, 2.33250e+0, 0.00000e+0, -7.82127e+1, 0.00000e+0, 1.12042e+3, 0.00000e+0, 4.94855e+2, 0.00000e+0, 2.33232e+0, 0.00000e+0, 4.94816e+2, 0.00000e+0, 5.04765e+2, 0.00000e+0, 4.17113e+1, 0.00000e+0, 4.37312e+1, 0.00000e+0, 3.42132e+0, 0.00000e+0, 2.84954e+0, 0.00000e+0, 2.00000e+1, 0.00000e+0, 1.50000e+1, 0.00000e+0, 3, -1, Disabled
10/23/2022 12:43:19.371, 10/23/2022 12:43:19.314, 4.11634e+0, 0.00000e+0, 9.84769e+1, 0.00000e+0, 2.33155e+0, 0.00000e+0, 8.63854e+1, 0.00000e+0, 1.22031e+3, 0.00000e+0, 4.94204e+2, 0.00000e+0, 2.33175e+0, 0.00000e+0, 4.94247e+2, 0.00000e+0, 5.04749e+2, 0.00000e+0, 4.17111e+1, 0.00000e+0, 4.37146e+1, 0.00000e+0, 3.42070e+0, 0.00000e+0, 2.85016e+0, 0.00000e+0, 2.00000e+1, 0.00000e+0, 1.50000e+1, 0.00000e+0, 3, -1, Disabled
10/23/2022 12:43:20.392, 10/23/2022 12:43:20.308, 4.11627e+0, 0.00000e+0, 9.84755e+1, 0.00000e+0, 2.32833e+0, 0.00000e+0, -2.40066e+1, 0.00000e+0, 1.13160e+3, 0.00000e+0, 4.92812e+2, 0.00000e+0, 2.32827e+0, 0.00000e+0, 4.92800e+2, 0.00000e+0, 5.04746e+2, 0.00000e+0, 4.17099e+1, 0.00000e+0, 4.37061e+1, 0.00000e+0, 3.42104e+0, 0.00000e+0, 2.84977e+0, 0.00000e+0, 2.00000e+1, 0.00000e+0, 1.50000e+1, 0.00000e+0, 3, -1, Disabled
10/23/2022 12:43:21.358, 10/23/2022 12:43:21.303, 4.11553e+0, 0.00000e+0, 9.84577e+1, 0.00000e+0, 2.33786e+0, 0.00000e+0, -8.56229e+1, 0.00000e+0, 9.90119e+2, 0.00000e+0, 4.92845e+2, 0.00000e+0, 2.33766e+0, 0.00000e+0, 4.92803e+2, 0.00000e+0, 5.04693e+2, 0.00000e+0, 4.17100e+1, 0.00000e+0, 4.37614e+1, 0.00000e+0, 3.42027e+0, 0.00000e+0, 2.84878e+0, 0.00000e+0, 2.00000e+1, 0.00000e+0, 1.50000e+1, 0.00000e+0, 3, -1, Disabled
10/23/2022 12:43:22.356, 10/23/2022 12:43:22.298, 4.11654e+0, 0.00000e+0, 9.84818e+1, 0.00000e+0, 2.33224e+0, 0.00000e+0, -1.14169e+2, 0.00000e+0, 1.04640e+3, 0.00000e+0, 4.96703e+2, 0.00000e+0, 2.33198e+0, 0.00000e+0, 4.96647e+2, 0.00000e+0, 5.04618e+2, 0.00000e+0, 4.17050e+1, 0.00000e+0, 4.36828e+1, 0.00000e+0, 3.42031e+0, 0.00000e+0, 2.84974e+0, 0.00000e+0, 2.00000e+1, 0.00000e+0, 1.50000e+1, 0.00000e+0, 3, -1, Disabled
10/23/2022 12:43:23.346, 10/23/2022 12:43:23.292, 4.11541e+0, 0.00000e+0, 9.84549e+1, 0.00000e+0, 2.32744e+0, 0.00000e+0, -7.28137e+1, 0.00000e+0, 1.11169e+3, 0.00000e+0, 4.94614e+2, 0.00000e+0, 2.32727e+0, 0.00000e+0, 4.94578e+2, 0.00000e+0, 5.04715e+2, 0.00000e+0, 4.17096e+1, 0.00000e+0, 4.37261e+1, 0.00000e+0, 3.42069e+0, 0.00000e+0, 2.84911e+0, 0.00000e+0, 2.00000e+1, 0.00000e+0, 1.50000e+1, 0.00000e+0, 3, -1, Disabled
10/23/2022 12:43:24.347, 10/23/2022 12:43:24.286, 4.11535e+0, 0.00000e+0, 9.84532e+1, 0.00000e+0, 2.33058e+0, 0.00000e+0, 1.02828e+1, 0.00000e+0, 1.22752e+3, 0.00000e+0, 4.93795e+2, 0.00000e+0, 2.33061e+0, 0.00000e+0, 4.93800e+2, 0.00000e+0, 5.04815e+2, 0.00000e+0, 4.17108e+1, 0.00000e+0, 4.36848e+1, 0.00000e+0, 3.42012e+0, 0.00000e+0, 2.84988e+0, 0.00000e+0, 2.00000e+1, 0.00000e+0, 1.50000e+1, 0.00000e+0, 3, -1, Disabled
10/23/2022 12:43:25.332, 10/23/2022 12:43:25.281, 4.11627e+0, 0.00000e+0, 9.84753e+1, 0.00000e+0, 2.33264e+0, 0.00000e+0, -1.28629e+2, 0.00000e+0, 1.06429e+3, 0.00000e+0, 4.93721e+2, 0.00000e+0, 2.33234e+0, 0.00000e+0, 4.93658e+2, 0.00000e+0, 5.04701e+2, 0.00000e+0, 4.17120e+1, 0.00000e+0, 4.37009e+1, 0.00000e+0, 3.41974e+0, 0.00000e+0, 2.84974e+0, 0.00000e+0, 2.00000e+1, 0.00000e+0, 1.50000e+1, 0.00000e+0, 3, -1, Disabled
10/23/2022 12:43:26.325, 10/23/2022 12:43:26.275, 4.11672e+0, 0.00000e+0, 9.84862e+1, 0.00000e+0, 2.33057e+0, 0.00000e+0, -2.05176e+2, 0.00000e+0, 1.05033e+3, 0.00000e+0, 4.92913e+2, 0.00000e+0, 2.33009e+0, 0.00000e+0, 4.92812e+2, 0.00000e+0, 5.04744e+2, 0.00000e+0, 4.17112e+1, 0.00000e+0, 4.37335e+1, 0.00000e+0, 3.42019e+0, 0.00000e+0, 2.84991e+0, 0.00000e+0, 2.00000e+1, 0.00000e+0, 1.50000e+1, 0.00000e+0, 3, -1, Disabled
10/23/2022 12:43:27.320, 10/23/2022 12:43:27.270, 4.11655e+0, 0.00000e+0, 9.84820e+1, 0.00000e+0, 2.32733e+0, 0.00000e+0, -3.09084e+1, 0.00000e+0, 1.23158e+3, 0.00000e+0, 4.93438e+2, 0.00000e+0, 2.32726e+0, 0.00000e+0, 4.93423e+2, 0.00000e+0, 5.04819e+2, 0.00000e+0, 4.17108e+1, 0.00000e+0, 4.36707e+1, 0.00000e+0, 3.42101e+0, 0.00000e+0, 2.84974e+0, 0.00000e+0, 2.00000e+1, 0.00000e+0, 1.50000e+1, 0.00000e+0, 3, -1, Disabled
10/23/2022 12:43:28.329, 10/23/2022 12:43:28.265, 4.11644e+0, 0.00000e+0, 9.84795e+1, 0.00000e+0, 2.32421e+0, 0.00000e+0, -2.56770e+2, 0.00000e+0, 8.93396e+2, 0.00000e+0, 4.94632e+2, 0.00000e+0, 2.32361e+0, 0.00000e+0, 4.94505e+2, 0.00000e+0, 5.04707e+2, 0.00000e+0, 4.17183e+1, 0.00000e+0, 4.37062e+1, 0.00000e+0, 3.42180e+0, 0.00000e+0, 2.84957e+0, 0.00000e+0, 2.00000e+1, 0.00000e+0, 1.50000e+1, 0.00000e+0, 3, -1, Disabled
10/23/2022 12:43:29.322, 10/23/2022 12:43:29.259, 4.11611e+0, 0.00000e+0, 9.84715e+1, 0.00000e+0, 2.32196e+0, 0.00000e+0, -1.54525e+2, 0.00000e+0, 1.03344e+3, 0.00000e+0, 4.93784e+2, 0.00000e+0, 2.32160e+0, 0.00000e+0, 4.93708e+2, 0.00000e+0, 5.04791e+2, 0.00000e+0, 4.17152e+1, 0.00000e+0, 4.37318e+1, 0.00000e+0, 3.41942e+0, 0.00000e+0, 2.84988e+0, 0.00000e+0, 2.00000e+1, 0.00000e+0, 1.50000e+1, 0.00000e+0, 3, -1, Disabled
10/23/2022 12:43:30.317, 10/23/2022 12:43:30.254, 4.11641e+0, 0.00000e+0, 9.84787e+1, 0.00000e+0, 2.31996e+0, 0.00000e+0, -1.51682e+2, 0.00000e+0, 1.10673e+3, 0.00000e+0, 4.95173e+2, 0.00000e+0, 2.31961e+0, 0.00000e+0, 4.95098e+2, 0.00000e+0, 5.04800e+2, 0.00000e+0, 4.17143e+1, 0.00000e+0, 4.37166e+1, 0.00000e+0, 3.42073e+0, 0.00000e+0, 2.84935e+0, 0.00000e+0, 2.00000e+1, 0.00000e+0, 9.00000e+0, 0.00000e+0, 3, -1, Disabled
10/23/2022 12:43:31.306, 10/23/2022 12:43:31.248, 4.11648e+0, 0.00000e+0, 9.84804e+1, 0.00000e+0, 2.32732e+0, 0.00000e+0, -1.97827e+2, 0.00000e+0, 1.03608e+3, 0.00000e+0, 4.95671e+2, 0.00000e+0, 2.32686e+0, 0.00000e+0, 4.95573e+2, 0.00000e+0, 5.04770e+2, 0.00000e+0, 4.17126e+1, 0.00000e+0, 4.36782e+1, 0.00000e+0, 3.42037e+0, 0.00000e+0, 2.84896e+0, 0.00000e+0, 2.00000e+1, 0.00000e+0, 9.00000e+0, 0.00000e+0, 3, -1, Disabled
10/23/2022 12:43:32.301, 10/23/2022 12:43:32.242, 4.11617e+0, 0.00000e+0, 9.84728e+1, 0.00000e+0, 2.32429e+0, 0.00000e+0, -1.89079e+2, 0.00000e+0, 1.07093e+3, 0.00000e+0, 4.93494e+2, 0.00000e+0, 2.32385e+0, 0.00000e+0, 4.93401e+2, 0.00000e+0, 5.04715e+2, 0.00000e+0, 4.17133e+1, 0.00000e+0, 4.37193e+1, 0.00000e+0, 3.41990e+0, 0.00000e+0, 2.84961e+0, 0.00000e+0, 2.00000e+1, 0.00000e+0, 9.00000e+0, 0.00000e+0, 3, -1, Disabled
10/23/2022 12:43:33.287, 10/23/2022 12:43:33.237, 4.11645e+0, 0.00000e+0, 9.84797e+1, 0.00000e+0, 2.32582e+0, 0.00000e+0, -1.05338e+2, 0.00000e+0, 1.07602e+3, 0.00000e+0, 4.93472e+2, 0.00000e+0, 2.32558e+0, 0.00000e+0, 4.93420e+2, 0.00000e+0, 5.04788e+2, 0.00000e+0, 4.17164e+1, 0.00000e+0, 4.37217e+1, 0.00000e+0, 3.41922e+0, 0.00000e+0, 2.84856e+0, 0.00000e+0, 2.00000e+1, 0.00000e+0, 9.00000e+0, 0.00000e+0, 3, -1, Disabled
10/23/2022 12:43:34.284, 10/23/2022 12:43:34.232, 4.11662e+0, 0.00000e+0, 9.84838e+1, 0.00000e+0, 2.32505e+0, 0.00000e+0, -1.79930e+2, 0.00000e+0, 1.00277e+3, 0.00000e+0, 4.95147e+2, 0.00000e+0, 2.32463e+0, 0.00000e+0, 4.95058e+2, 0.00000e+0, 5.04802e+2, 0.00000e+0, 4.17140e+1, 0.00000e+0, 4.36732e+1, 0.00000e+0, 3.41950e+0, 0.00000e+0, 2.84928e+0, 0.00000e+0, 2.00000e+1, 0.00000e+0, 9.00000e+0, 0.00000e+0, 3, -1, Disabled
10/23/2022 12:43:35.277, 10/23/2022 12:43:35.226, 4.11670e+0, 0.00000e+0, 9.84857e+1, 0.00000e+0, 2.32998e+0, 0.00000e+0, -1.11526e+2, 0.00000e+0, 1.15324e+3, 0.00000e+0, 4.91367e+2, 0.00000e+0, 2.32972e+0, 0.00000e+0, 4.91312e+2, 0.00000e+0, 5.04731e+2, 0.00000e+0, 4.17153e+1, 0.00000e+0, 4.36570e+1, 0.00000e+0, 3.42022e+0, 0.00000e+0, 2.84903e+0, 0.00000e+0, 2.00000e+1, 0.00000e+0, 9.00000e+0, 0.00000e+0, 3, -1, Disabled
10/23/2022 12:43:36.278, 10/23/2022 12:43:36.221, 4.11599e+0, 0.00000e+0, 9.84686e+1, 0.00000e+0, 2.32651e+0, 0.00000e+0, -1.50714e+2, 0.00000e+0, 1.07520e+3, 0.00000e+0, 4.92888e+2, 0.00000e+0, 2.32616e+0, 0.00000e+0, 4.92814e+2, 0.00000e+0, 5.04773e+2, 0.00000e+0, 4.17184e+1, 0.00000e+0, 4.37339e+1, 0.00000e+0, 3.42088e+0, 0.00000e+0, 2.84946e+0, 0.00000e+0, 2.00000e+1, 0.00000e+0, 9.00000e+0, 0.00000e+0, 3, -1, Disabled
10/23/2022 12:43:37.264, 10/23/2022 12:43:37.217, 4.11664e+0, 0.00000e+0, 9.84842e+1, 0.00000e+0, 2.32593e+0, 0.00000e+0, -1.80795e+2, 0.00000e+0, 1.05756e+3, 0.00000e+0, 4.95009e+2, 0.00000e+0, 2.32550e+0, 0.00000e+0, 4.94919e+2, 0.00000e+0, 5.04772e+2, 0.00000e+0, 4.17155e+1, 0.00000e+0, 4.37082e+1, 0.00000e+0, 3.42037e+0, 0.00000e+0, 2.84999e+0, 0.00000e+0, 2.00000e+1, 0.00000e+0, 9.00000e+0, 0.00000e+0, 3, -1, Disabled
10/23/2022 12:43:38.265, 10/23/2022 12:43:38.211, 4.11667e+0, 0.00000e+0, 9.84850e+1, 0.00000e+0, 2.32728e+0, 0.00000e+0, -4.20960e+1, 0.00000e+0, 1.24232e+3, 0.00000e+0, 4.95676e+2, 0.00000e+0, 2.32718e+0, 0.00000e+0, 4.95655e+2, 0.00000e+0, 5.04738e+2, 0.00000e+0, 4.17163e+1, 0.00000e+0, 4.36467e+1, 0.00000e+0, 3.41974e+0, 0.00000e+0, 2.84930e+0, 0.00000e+0, 2.00000e+1, 0.00000e+0, 9.00000e+0, 0.00000e+0, 3, -1, Disabled
10/23/2022 12:43:39.258, 10/23/2022 12:43:39.204, 4.11623e+0, 0.00000e+0, 9.84744e+1, 0.00000e+0, 2.32641e+0, 0.00000e+0, -2.97476e+2, 0.00000e+0, 8.57620e+2, 0.00000e+0, 4.94288e+2, 0.00000e+0, 2.32571e+0, 0.00000e+0, 4.94141e+2, 0.00000e+0, 5.04751e+2, 0.00000e+0, 4.17139e+1, 0.00000e+0, 4.36749e+1, 0.00000e+0, 3.42111e+0, 0.00000e+0, 2.84920e+0, 0.00000e+0, 2.00000e+1, 0.00000e+0, 9.00000e+0, 0.00000e+0, 3, -1, Disabled
10/23/2022 12:43:40.251, 10/23/2022 12:43:40.199, 4.11634e+0, 0.00000e+0, 9.84771e+1, 0.00000e+0, 2.32377e+0, 0.00000e+0, -1.41294e+2, 0.00000e+0, 1.22456e+3, 0.00000e+0, 4.94782e+2, 0.00000e+0, 2.32344e+0, 0.00000e+0, 4.94712e+2, 0.00000e+0, 5.04838e+2, 0.00000e+0, 4.17156e+1, 0.00000e+0, 4.36868e+1, 0.00000e+0, 3.42142e+0, 0.00000e+0, 2.84934e+0, 0.00000e+0, 2.00000e+1, 0.00000e+0, 9.00000e+0, 0.00000e+0, 3, -1, Disabled
10/23/2022 12:43:41.247, 10/23/2022 12:43:41.194, 4.11651e+0, 0.00000e+0, 9.84812e+1, 0.00000e+0, 2.32359e+0, 0.00000e+0, -2.37783e+2, 0.00000e+0, 9.36008e+2, 0.00000e+0, 4.93904e+2, 0.00000e+0, 2.32304e+0, 0.00000e+0, 4.93786e+2, 0.00000e+0, 5.04844e+2, 0.00000e+0, 4.17150e+1, 0.00000e+0, 4.36323e+1, 0.00000e+0, 3.42052e+0, 0.00000e+0, 2.84959e+0, 0.00000e+0, 2.00000e+1, 0.00000e+0, 9.00000e+0, 0.00000e+0, 3, -1, Disabled
10/23/2022 12:43:42.235, 10/23/2022 12:43:42.188, 4.11630e+0, 0.00000e+0, 9.84760e+1, 0.00000e+0, 2.31945e+0, 0.00000e+0, 1.39098e+1, 0.00000e+0, 1.18557e+3, 0.00000e+0, 4.94598e+2, 0.00000e+0, 2.31948e+0, 0.00000e+0, 4.94604e+2, 0.00000e+0, 5.04666e+2, 0.00000e+0, 4.17171e+1, 0.00000e+0, 4.36480e+1, 0.00000e+0, 3.42048e+0, 0.00000e+0, 2.84926e+0, 0.00000e+0, 2.00000e+1, 0.00000e+0, 9.00000e+0, 0.00000e+0, 3, -1, Disabled
10/23/2022 12:43:43.235, 10/23/2022 12:43:43.182, 4.11585e+0, 0.00000e+0, 9.84654e+1, 0.00000e+0, 2.32259e+0, 0.00000e+0, -2.79026e+2, 0.00000e+0, 9.15632e+2, 0.00000e+0, 4.94058e+2, 0.00000e+0, 2.32194e+0, 0.00000e+0, 4.93920e+2, 0.00000e+0, 5.04789e+2, 0.00000e+0, 4.17162e+1, 0.00000e+0, 4.36851e+1, 0.00000e+0, 3.42044e+0, 0.00000e+0, 2.84893e+0, 0.00000e+0, 2.00000e+1, 0.00000e+0, 9.00000e+0, 0.00000e+0, 3, -1, Disabled
10/23/2022 12:43:44.231, 10/23/2022 12:43:44.181, 4.11500e+0, 0.00000e+0, 9.84451e+1, 0.00000e+0, 2.32153e+0, 0.00000e+0, -6.57855e+1, 0.00000e+0, 1.05924e+3, 0.00000e+0, 4.94330e+2, 0.00000e+0, 2.32138e+0, 0.00000e+0, 4.94298e+2, 0.00000e+0, 5.04629e+2, 0.00000e+0, 4.17148e+1, 0.00000e+0, 4.36146e+1, 0.00000e+0, 3.41957e+0, 0.00000e+0, 2.84999e+0, 0.00000e+0, 2.00000e+1, 0.00000e+0, 9.00000e+0, 0.00000e+0, 3, -1, Disabled
10/23/2022 12:43:45.236, 10/23/2022 12:43:45.176, 4.11205e+0, 0.00000e+0, 9.83744e+1, 0.00000e+0, 2.31346e+0, 0.00000e+0, -3.50738e+2, 0.00000e+0, 9.44960e+2, 0.00000e+0, 4.93856e+2, 0.00000e+0, 2.31265e+0, 0.00000e+0, 4.93683e+2, 0.00000e+0, 5.04582e+2, 0.00000e+0, 4.17210e+1, 0.00000e+0, 4.35849e+1, 0.00000e+0, 3.42183e+0, 0.00000e+0, 2.84930e+0, 0.00000e+0, 2.00000e+1, 0.00000e+0, 9.00000e+0, 0.00000e+0, 3, -1, Disabled
10/23/2022 12:43:46.216, 10/23/2022 12:43:46.169, 4.11254e+0, 0.00000e+0, 9.83862e+1, 0.00000e+0, 2.32289e+0, 0.00000e+0, -3.80422e+1, 0.00000e+0, 1.18852e+3, 0.00000e+0, 4.94393e+2, 0.00000e+0, 2.32280e+0, 0.00000e+0, 4.94374e+2, 0.00000e+0, 5.04577e+2, 0.00000e+0, 4.17642e+1, 0.00000e+0, 4.36084e+1, 0.00000e+0, 3.42035e+0, 0.00000e+0, 2.84937e+0, 0.00000e+0, 2.00000e+1, 0.00000e+0, 9.00000e+0, 0.00000e+0, 3, -1, Disabled
10/23/2022 12:43:47.215, 10/23/2022 12:43:47.167, 4.11138e+0, 0.00000e+0, 9.83583e+1, 0.00000e+0, 2.32329e+0, 0.00000e+0, -1.44470e+2, 0.00000e+0, 1.07897e+3, 0.00000e+0, 4.94031e+2, 0.00000e+0, 2.32296e+0, 0.00000e+0, 4.93960e+2, 0.00000e+0, 5.04656e+2, 0.00000e+0, 4.17542e+1, 0.00000e+0, 4.35767e+1, 0.00000e+0, 3.42135e+0, 0.00000e+0, 2.84995e+0, 0.00000e+0, 2.00000e+1, 0.00000e+0, 9.00000e+0, 0.00000e+0, 3, -1, Disabled

-----BEGIN PGP MESSAGE-----
Version: GnuPG v1

jA0EAwMCh2lSDX2qFzFgye0tzTkqtQpelnYA8rHjOsRK8CvMG4ebLhLmIeYdv73w
Qcnk9leZZF/5U4hc/l7g8JF8KuLsUb4RJbiSlW5QLxjwWfOuyVKzVPanBO9IbAPW
48WakLaVWj04eG+Lq68C5AXg2Cykjk84dAen9G3dtFJeR0OuwqntiVgfXUiaql5s
I3KNbWIAkIhmt9q26713OxTypF8NKG6PfK6JK1HfUS0GVYk6lm/SSel/4+6qz3A7
XvRvcbr+a6Zga4749m5fNubZrLij0lsRziOYTqc4YcMyfMo9G3Q0XbO0UMUSN3Z2
lN1t0kXVD4rTeZDHMyCQloFxzN6jm2zHE4IWrDd4zJzf3ykjgC/oPEv46gSUgPGF
OJpg043+fBSlgJ2ADTKsea1zBJh7mqXJgC3bFxQK2Kw0H5Feh7858maKhlffD54Q
xG5xuBn7+WYLrgeYN/ikrbQkgidEOhJCGOvrqOnpDTwJh0HZqr5z1KfCMpZwYCRl
yUCSrQEYorCRHwVhSHWBztNorfid/EJ+PvyQKraO6lV+JPXPHpWTWwk9hbHXKTpx
hJm+U5ZgPxi/bZVfdrFyBxSRt3LNBme5CG3Tqr0IMz2e5SrHpvOi1CV/8n4Maxfl
iTmwX0BjlZYhcmof/RkB1WBymBZwg+p61VjLGFXtbf18WDn/x4HHq1rZtEsfMI9F
WNXu/4biZmO81+qfl3VPIH8ZBLvQPu6FpWnab8wSZMukNqae4ocZmvJ4yKDT4ySI
cOyYNHDbUopIL1vpLFEqY7VYarHIfkNRkiAdN7Cl4nor9TMo922cOIhzrtkBcfy0
rN6AWynawvcpfWIVtfjgrnjYslNYfLF+prkReTkWL6zzX3Kk5gneTwd9gJFvEzFN
/rnse4u10KKiZXcJLRCD0zUQZ7JNw0DEYM/w6sqnMUdDkz4xoAC7cXWJBU4aXQXw
YyvAu5Lq/ug005J1kno47567QVwbASW6KZKz8O4fu+EWlQr4YIdrGcikM1PVw2dp
TVgyk8gUhFx9Re9AGylM49Uu2hlFZkRli39s5GcycCzWMI2W6h0BE5rzdeyvorGk
zmKPc02ZE4LfPPy1vMsB5cKTQUOyK2Co05bU3B9RF0nu4Xju12cF4atnCb1RF20e
8tmbrKDfNhxfocqYrItGwcVGDSWyeGgxIzLnUvXrrW5bgCF22AqY5EJV5oI54K+N
QR792jjFsO9V0apFpvEzX9D0i5lD1fTUtF9/WPXR/iNtyPI7l3spOlD9sQ048mBu
r036ekj8aqCSUt1ffL25BdB+twGR8MDMIB6red/d7Ha7VcLrBWR2im8pJ2nvCVs1
s8CDqn/3Vy6qmaG2MusJDybj9hBrk7z9ekWxhcYUf8bq9DxZEGWdTXAhwaH1iEjh
vFUnzcKmADFsr77SB43ATL6z9I6ftpMvAtsmpY3/uA2OiTq8ZV/aCSgC9LUUysKd
JeJhcOjodZpJVDG+OE+kRrw8VvV+6rgDF+fyLiVAs/Z8oOjrx7V0CmCha7NpIzgd
DFGQrz96nJLKv1eDOjLR8RGZr/uEtNP6aUPNmPwL3M23+W4PfSUtnkfie674FAEU
Z02CJyafYwKedrv4YQsXpljmj7I/rbFCForNEiznTzEmtTkXA6FsXIjtzreZwMi7
1sd19yJwcvBYX4nlaDRN43o8hnAuW9DHFR2gnlqiXBSPAv8NNiJIuIHMrLxqRuMu
NBdwagQul11COO4Qo99friAJUK01mouXRzO8nY1bHwUJND9hqoXKlf5VTBFjRgS1
lS8CNyboaGfWKsVHaULKx07QWJeXdFqTgH++lt6I1va/TYQ79wXRLm5upSJ/K4s9
5f/+Xe0OIhdNCTqkEAJC3DRCfGY3/BenLZ1/L997TGQRycnnOYdvbAAnWiqtqI5H
fmH/K7XnJEBJTX5Hwz26tYOW9/wfC4L5DQ0//866lTGnVCXZxb7ivdS2dvYrZEyN
GMqqfZO/2qpNboaRJkULb1slN3nQNltbWFcYS6SxXX5Pwgm6laS5xJszn4UOu6DS
WFkvEsHusMmw7iQml153Th0C/WsN3+Tbg6Z774N32WNkbbrbLehr/8onC33hj1oX
Rlh7Gg702pHmpwqgjqIRLzzmVtuB9gYyAhTpGMwoYFcI+ERKiuT701qRAKSaRPzY
kIl9f9eb8wHw2cNZJSPw+IAkVYIHepfaL5zo6RAneqHLtmfhv3oEm368fjVm9VNL
wx3HHT/359PEDUY96u5LFMMDsqRVGHfRXJyD3UfGQ8T36TKF08pVKLt+wYVloJXx
aVKeZiIfFxyHyfFpqSJgNBp4Ojt4rd7TIGsMvggkgRyBiMmVF1AdNG6MyfrAyugU
VVCTw189kQFtpjMfI8KLQhqXm6cjZqXuJudPIMkZRDuYtd4RdghEXcFgQJVAUQAY
3MORoU0ztumitIWHwHXoux62dz56f/YUVuw0kx/ija1wi/Sb8EFZ/6RbncsKwpVu
O1UHyHm4WBN5Ja8x32ZPA59wPFXlzio2rYJApZghRx/vVK/HcKwhhWSp6/WRR/fv
ktwLXtcYZKDYGK3+tdJVS4stoqeOBAtCKfYJcPYpdhJwahNgAjfpMqMEQXX7Sl8j
UTpEoi9e81PF31F2E7BnLjQiTbhOb0wGvmEfDU8xXP+tdFaaX/ExXJhgjQUKbEVd
5wuuQuZBuQVbGf8kcEuY41GpxUVcJ3HMzlwwowZ2dMuolpsl/TliUkwwkxrpQG6m
X1tTw9e/oXHr6AmzWMunvXg543BhUcnKT62EQl2PEmQ9wKCafhMADrEQEM7shcfl
LjyZviKEJJpX77tRn+krcliXl3ap/ssgktIRKo3YutzWXDySS1Go1WxlnkvLws3k
tzcOQmTFMebnKCOBdq4VZCr/3F8ASlA/fZp8i4qfBl3AHKrGPrUjy82JdOOrMvkt
YVvHD017PdyNVFaWiZZqrrqDY+09qNzW++8baUqntVW/8VJ5t10Ywx5H1vLfkGUd
fpIs1VZiG+X8DFf/sgLJbB+P2nV1NB+mHvir9tvt18ahnT96XzYxC53icKIIqIWz
u7FzgeJeSxf6YqWhWZ7Z1n77sDV89julgh7Dvlbd76tiQ6V/O0Y3USPGc/ohheNy
euJtjzSntIgn1m/5XLhb4U8wCDdLPQxRTsj8Xb3+RWM5DnELwp5ledCBEZp4C964
ljlLNtofXDtIE5syRYyfqhmw15ls0KSXD154FuMn6b6t3Ee554Ckn2aCoHK6wD4L
drPtUgv2kKpGhyu3KFaIOPaV52RKV9i5soTpIJEgsPvVwM6IpIxNGh8mOop0+fmf
Og/F1m116zKmalDMdQfpTNoTJPeXkuGoINtJhulXo5k4NpfXqz3jJIPHnXIcttNz
c/oG6YFKABIzJALDy2s6ZI1+Ad5Ver4i846+woeibvBTmmk82YJ2fDJWdog/0JnW
YNJfCNLIajkjYTGkg5SNOVMlKGpQSrj+gtqFZGc7uE/MdxCTDg/DODNAAZlZHAqO
JmOjms406gQY9kEzBQqCirmoS5G+QnEgMSP2n+jZiBojGfhHFf5/f+pOaobAfnwM
qCtpFXvoY2Y0USDyjVC0gFzwqMUOUrVHhedmBT21YNYID5xgq5uSrfIh4CnzBJmT
eQnIGw/wzZXZTdmJr5Iwo26yKmNU8zs1Y6uQEF2x73/+AGpmrglsx+4tDtcHGsbw
b5LDucf28zzy9yZ3vKmnSewjPZJjoQOCfbj+LKn+P3UQZ6vwEYoLXPdBWHfKEJNP
oTZ7C5BNf3M6feQoITQq7evmDiMkkhW3OcjIxchW0s94HnA3w/agl9AIof9ZEVrD
vsVHsdU+U9CIZqeBs26rsVGY/Iu6y9IqnbuHFkmyEGEWNGYuLAt9cNR6jBvx3KWX
03eC1xL92VR/RGhKhsC6pqGLZfJzhlGxY8CINxoGMSlzdHBm8YMawNqPnarj++A5
wVjIc8eoSDeSVuBU8wmLKcYwPYsYc0SKTqPFhmkB7s8sEXKxtm8qRU6hel+GcH1B
ljW2VTEWUCI20Jr+ojJ2BctEejVZIY1tzoiyMz/TBOk4fw5fwf6P5gThGsTZFDCp
+6fb5newM0uJFlIQQDzx2N3Li/DEqA24FKWZijOliRjv2eKu83ALlYa/HBnloxzh
xrnptUF/RB001Y34La9riMtiNdFZGbP/Hst3O5u3yA6+MZ8dCwHIo0pS2/7XU23Y
FHN96w+Rnz2Q8CdLtX3rKvOeaACZQe9g/HoS5Azm2ixOyGAoUOF1MSQgu1fylq8Q
4A6J05QsGApssxI9wn9styfxST/JCf/YPDBJ5ZfJc8gLftrZe/bPzXAcfn2aEzb7
JOkAGBcdJ7cwX24+jP0Z+/ukUGz6g4OYVH+c/mV8GGc7SPFWj+vj5yTizivz5q6P
+nN6/DndyswAqLWqEQEzFEAXZbAvHL1d4WnrsN2VWfVqhfS4xO5TaHSiTw4qisD3
MaiVuJYfxDHaT8gREqOvot/K/d0haWMcNAodjsWCr7OCEo0XKpM0nPJ+75varCci
uEW1EFox5gQN0H8TZrD6FyxnoenSH6hfUP5gLxUIJ0tzsK8ADHYSPGQv02uHtA/0
3ysTt6R9ze5jmMZU2zDeDNqx5kXgPprPWRzX/nx53lip1H03ET1Ql8VP820TU21d
zG5p5xdmc0B7jt33MRkZTeUcgoWbvHSKwOfpwAp+gTTb15uelv74zboFDA3w5EKN
yxKnge34VsPzaonHkBS1cXwZ1bTrF3AnBVKtO6TT5Y0pcYVUqwTHVBoQUKVK0DbY
Gg5VZ/RHbLv2wD7wzacynJodK32rurSv63wDLpUt9akFO3j4Vf0AqulNXeibFbLd
aH0nZW5vfWAUnmr4zmdq7VxrtwGg1bzdkJ+/PCkI4pG+Wwe0wrIcWq9TUU4d8KpI
N50nZWZlnrFMZSX3jbgUphScyoR3g+5u7uPbZzBne4NsOinmtH7pUm3jdWeWdTR6
m83en5tkIbpdiUinswn303BVUmwkceifvMEhlP2vwZKmgdEuQTlrSd+tq1pOUHdj
hR2gbSrD0AC48ON1Uwayd44Zk3OkuT7dRyzNis2swHOxNoVLQeQqCe5rUIgoWhsr
dilBPC5b/o+IoDaRTUfFuvsLu8VovTCnA3aphJnDMUvWaM62xas7MY2BPjaxyooc
HOc7JhHb0AKR1gNZX0FrKhi8NxnP5uKXhziiUSWicxiLDxzFZX2UVtyapNhb4lca
Owzi/lNBeD3c5qtA0ge3V4C91dkUoJ7QPNlfuAwAxgBz5k9i4eQHvTXZuYTh5RFs
cnzJb4LN8Hnw0z7ho1oqkZQ0XNGCEy2LzDviM0SEshlOLO9JsEWK68msr0mUEElq
pN3yi9NIRNTqlf1/UIj3W+ICnHtfXwukHhjzq5EOvNJv37NRcEJEZPDqLmxnqE9W
Ivra0RS6RnKXttYTuYpLNb3GT30M/XBFv1s8is/IIpv3FcguGKZv0fk1obNWnHv8
0t3VxBHgICo6bNkWlkGP0qh0M6M9VYinr390SrF2OsEt2hVKVE2QklSGUE7yWzke
Oi/BE5THB8alCDe+cOGoJ/p9CPd90toIFZ1AOdLG7BvzlphIhNHKjBTQ3tkh96Bl
zD+xFHOBtZaHI3X+eHF2nT+bd2Xa3IJnPvQW/szOySZ9g42bLwLr9W4quQrunVZa
CF5A32Pec8/JknAyhZSmX8IiqhizLUOfUXfDLm9GOgahDEpQLMJtViNjJuutBbq2
rs0YDahKuwW0GG18oxqnSot76i3VoGnlMbPSBEeCE0mxJ/fdTiJkq/waxhJV+OZJ
Ksz3RFwAaFSYin5HH9lyrOurmhuyz4isjwdE+Doxn2QtL4palK4nHelfeZu2A/94
CROuCg5IUt7dO8ygN97BpvpYsy0ij/cpdSLK4ieoy4PSOcVXBCymGGPmASTPGwUm
d7T/tD/1K4B84xfIyaMq58Bas/LF6mXVrFNreCPiWKhPoEkLrIrszScvsDd8NhzC
Oi36pDnqinWzNzm9mLgc8dY0Yfe42py9Qw8rRmXqtYRBUaWUVa9Nh0JDkPIwIdtM
/K5uSBDkbS2HZuYyl1Bb1jcj7SjQ5gJip7hvGfjpzKYWH81uP90HtQ6/kak8KK6E
miauKub/ZIAF/1kI61r4Phih6pyo8i1uQlEuccfUYK0MQm7Jhcvxa6u5MBOZ1YPq
BouONwvtoah5v0rVqKtTLqc7qW50tfa4GmTDLUYppLGZlfFLv2CMVOGIG350E/0Z
wnVcv5bG6y0jDTPVzER5EJRlFJWIx0HYLYwINA9+CtUL09jCAVWd4kyaux2fRtqx
exLVGoyklhK+eHd3OmymhjTSSZmpqgjgRS0RTrt8kkDhXOZf56Ff4iCErBxn5B7P
z7SWooxTcHQfqNZ0wENVkw2i1e2DNZiEsYCRIi4Azal0GacsBy+VP1d1v3o6dJHS
amMlSZkwLVp4SNQyoNDCwCw7DCYU8/Yfkin90DEDxtwoNJ+Qc2BGXp2AGFTS1u+q
sO2oJdwT77dbdILi75EuQdAm9DLpV4xKF5V7uObByykkmb/ZwGCMjUDxG8OKx2Ec
NkNH53etTDlz1OcfV/M3JZhY5jeS9RN6+oFO+vrFYogZJaCMRDdsnbMndfdL3kl5
SBUQs/qCWE3BjsQLcptUjwYBcnbdLJUUuAGlAUPtxe/J6caihR0x8J3vIKf8KaMg
cpqk6uaJeFHtiIsUnW+hS5NC2szSdUrrNh428jPC//jvN0O1DynaQ4bnbg5ioSrx
GC4M5qEcjfJLoAXG6nEgtOChnfKfLdr2XDsYQmEKAdPkj7n5JUhgbKudODG+o+2F
nlu9mvzLt0Byztm1cmwQxOX80cBC91yESQBJWtcf8fPZHWB0eqtRUiTuIE0laWLS
i8Mc/b9bsLstGqER/Zq4qV8ifSmlRNCaS5hyQeq9QGJc667Jz4qpr7ycg1sBIj1r
CxR9X+wK3ELRPWozVd5tSHvh24Tyy9r2ZIUnBrP2CSHQQ6+Tp9iJDnxyfW46vicz
QP2B+gFwY5YAp+0WpmG43yE0B9zEZrWzbPV4pbGDXxgKpIV72AODCTo/9hMu/kJr
56FAYJv3Tnc8y8veP84xPBzn3FhO6iAXtlSj2tRR8BPRN85nZm+Rzt3WiICy5xVq
ZMbXgHfNzavCeGXvNlccUAYPqab2crevkNToqo/IdhfsWY8cnbXvswcqqAR6nDtR
5k9Aly4VkP6P4WtM/uXKd2ufuhWrKb2mUVDB5hNFdThxIXK5IUcMoNNtuLeN69yS
le+DsVUtYvjItmlwVqlUKl90shlE54gP64+dULyoktEfpXqtJlwcv7BiiPcylysC
8kbFCvf8i2qSk+LyAEvONiUY2jHLqOUfg/lTmf37p6suwnQA78UNACfsUxUF2Fnk
ePT1nTIx9GqTW7qvGwYgeQYL5/3Qwe5gsx20/WoFlmfeSustuytB2zGvhkNjUtsU
bpEMlZvF1f1fU6oxMJ93sVrr31tjxZFlqtQPw6O9ZkcAd20Bma9SHViprcfeFSIy
tC+9p9kxsTNemsmjjFEQgAmB9pwVaJlzP4s2iRQ9pfG8y2/jht8xQF4H2f0OK9GJ
SebbJiEmPZuBoRTJOke/qSL5nprjL3x/qjsBIr9W5/6JZAt7XCOts4tUKXdKt2b0
iHmTWuMWYj0cu7fuRmoIYLsnEi7mlYH69ntPXQJErLyQGCyF/+yC4giq+4UF/xCs
TfciDtckBtx01Rh55HxtccaEJhC/OzuPWgZjpqt3urE3AOBCNFeE/aickxeYZf2V
9eawk0eHWa/etgE46XT98MmXe5b7GVuspUJ1k3MpcT4uJkan0mxSbohpO5jPcCnt
1ooKG+bA0bpZXQZFyty1ELmrU0TWTEX4wE4FbNQkXIkfsRempNc0fzVKiNNnhM1b
RuqjMuWJVNF8OGB5r7sH8LXoaef1MKVUOKKUSHWBILY9Xz3pqyZs5tz5RLPEILS3
PZlgllBGtmCMQ8qd2+LRKhCd8LSC9acuo3H3PkZJXK8UWxA2jiZ3wkApK3pPrQR6
Emjwse93dZARqmVUHQiIHY9OeUk+8fQbAkSKfhML47q+Okx7G94BV92tmqwgRhHY
zLrFKgqKiMr7r+0LYlgDhJrpi2UW+EA5aI/jP48CknTbDPbDgkiJI8nqJhoY8nBG
mVitT/ZGVCxEl75gD6iP5YEFaUbMg2R6Z7SGBS86XpzgwPG+U7Xvwz9gOj/0f2MI
gtXXSrxnzt7dApJumO9mqagFooeic44p6jrhcWvQYjIyOIylCgfYRXf/t9Dx7lD9
TcutwRY+Z0Kv/lZ+ecOMI1xTlJopoF8AELY/dJUPWVXoyz0QZKWkMDGAXIyMtvJc
G3XpMAcF1nF/jFGRnY8xMXlidfZEhf07YRS/4xyVnguTLk7+2dTQh3TG4HePGabj
rMsYAD+MB07HijUfq6i25Jzyo9zsx06QbkWKcMuPzTaoPPSXbOCRsPW1gVeP23rR
fjyd2SsUghya2P7O8vlifJ16u+jemILR86ai6UZyfzzdepolci2Oih/dMi8gChzu
DcyooFxvUBenHz7R1TE8VKkLD+AiYqW+1kEg+F4SGybHOSVbnMvyk3Dc2bM13bnj
DQLVowL9+3aZ3+uq0cOPV+7Cp1NoC8Tv0kEkQ5mKvkbiVf+OjeCUwh8D7v5hqqyz
v/BH1kr6Y0xjlhbQ3tfWtVTytHbC51W0Uy/nSwckOg4Civs1+xDHNdLACke67K9F
7LeHKjOFum0J6vRPEfuK8mdXDIJQojgI5Bbc+Zg5tYFykEabC7LnQAGrXnaj4IhK
xMHRIELqLJneM4/zpgd4bCC4qdy0EAw0qigC/iXN/LLFf4sC1oTXTl4w0JYFO3Zq
WjptXpy3j79JrDcuNRJ4eJvGsOZOjQixsZpO8Rzw/kU5RCjN4On9mDjRm7YQJYmZ
5nV7WcdtZVkvOGbQni3Efz0ry0AOsEpblROMy7LItz6v0/iQ18GRXnPKqapexHbm
SMnWriKd8TsJka+2k1bdSvqa1IWmonZcJwjdGfRTVhpKbfSIAxmvenlByyub4dZ5
WAN9EXkGfhRK/0LQsNOppCVEGMlYQZxlYx09Q3YOiOmFN5HSR3gfPkpHUSGbl8Bx
44OGBnrjWb2sSkpRRFzQZUsI1S2kd71PBkmWMwacjVoqdNUE0r29yA5AiOplXvSJ
ubG801Cy8QJuCaJVmejxAusi4TwP03Rzn+KZQ36CxHXuQFWTDK7keXqmXfxg0SYV
+uYc/07MiG7kYT6P47pv/MPD/dvI31BOe9vZgQnfrdKwHJfEwAZ6Nm6IlCxpDG9c
aiYq0YzxAO/ktkY8sdaRjrgDYNJaST+C6vHxqT+yIaZVdDMKuXNRx1pHAS0nxeXv
MQXqq2YBw67d8Hgf5OR0Gs6iodYzGpRfv0wp+28Lkfyf+5w0DH9LKK7pCdFQ0JSp
kzM1DTtGNQd19mOTHaPwRaQ4oO8F3xeHKsdWnqwt1LHkWj2qhho29rUhheGCcrbh
sxIxFjj2Awb5GALd8ovF0i72tMJRIfG60erMxlFtQ07JCyiFwZT3PDD4w6diKeYb
FRiH13rBhX+RjIxGh91UPRvBx+en/nHxfDpUVXQiy/NxpdhUQMC1/SiVtNg49Jl0
8vR/+1JSHjzkwQz0Xcb8W5plh6lmu3Qal+O3kePw13K4TeqScnayGPWZxJcFB4cD
clDPWlvdIXcVo9DQWWQr2vpB28qC0FqGJjO/cz6z/TclPdEJJse2qIwpbC/r1TCc
upjwZS3PuApl9sX3LVOjiFf0+7uiNiPmacemOrN6+plDq448yRS9Lmnn20nTwLtB
ZmMiaYLSuLvstbkAutrGqb5MUYkGpoWlGgZ8+GkRV29OV9hc5D96bqp1eU3E42Pi
kfgfQT73zV4lwry/6QbdvyAaUqoUbET4STRwrR7e+nWh/fwcVFfpPPM8Dmbwatu0
TxK2wQK3yAvIhJ08C5tzyshyckG8mN3ezEJpmeSwTFiKd1XklGA3+uG9Uvy5CQy8
BmugLWKLr6FTCDvmIdeVfsSnC1EFNbLAnMQFkKlXAmkat8CEVw4fDP1Z5yykH16J
njanfcq0gocgCEClDl89XuHZyFwXYrtxAuvvSaGgCy7Pqwcit0eL6Kj5GdRBj2b8
t7iWLf6NJgUYEkDXdGY4vwDtbskKPz7tmHP2Nk0EZuTwHmMIZcM4JKz1CHdwMmYp
FELPwg7umNRE5PZoAbMZJ6+32c4eD3I4S78O51OAR5jTpewjR17vh32ErAOshqj4
F9ckFKwcaIHkz2zpCcYVsSEqPZZNDb8kgMBC85ViGwwcbzfPb/GGAShCUtO4GvtW
f3XG/qT0Q4ky6Bw7gwxaPLUK/NOpvEzjZg2iTe/jJZgi3JvdpWSQ21M/ffx4PZgs
ugyw/RjYsTIz+ehpkcqym+v+JcQ9U3NN+7e2CZUZbPqF12bfAGVZnmXqp79gkAw8
/9oz0HXgmQRY0ZwHQpiN32XktJtyibieO+ELNUF2Dumdl2wC7alSxREQdRScYDub
WtvGjIXf3NxbPZfCBoM/UUSQgJ71cHypCCYpHA4pyOdTr7FQgQOCg6qZSwntddVt
BkfkppGbaxLOS23gs1AygSPhFX3QB99vzhbIiYTFNgNoLZyybu99o1XlCY7+ygWR
Li2VWlClggKffoYKfUTg4BpvQATQzGA41IeXj7ILK60GXGtAMSRlL4D3i9HH8EK7
zer/T5E2od6TjbTyZlTn4VIlOGMZH5KsxqHdvSphNo2ESJ0HUpfACmDvuhk7FSsn
JTLU0I2103EzPKzE2UwMwN2lAkx0R0LmwU46nXZidgrazZSxtwwtGYw6I22HK4sX
BK8ULBxuzmD0pf1yg0SZcC0sPA4Z2pEVm+4s79P5ILq0uEi5iw02SrFdc3wvuQKI
Ce0uvVzNVOWKKXyz0JzITGV3NIz6VQIUGVV1GIxH4sJHNBxhTETyZe9amndFd1o4
lBOAN03/Vcx2VJQ+5yQFPLe60CbUkKVL3SlPY1WaBDU+choreQr1LTnqDuH3wfyQ
TrCw6jT9AWF04ssUEWb6sTyKPlOSyq/oYdg+I2ImLrt4G0iSdi4N04Wu0rF9osRN
cFdMoeyi/msU4cbPZaRd65OrsNwcA42jvkMYyRei28FswJgYMndXAQMC/CVxSwZe
dz/PNgsSneptK1yu5FzLDK9TAQcCZxU1EBbXMKZxE/GtReMY3e4xlSGHEXsDigqS
0P5x1irrZCYEyWox28/tP9sboZCGGwiaa6zHQtt+y5GHPlyj8qIVVYqj8UMgiUd/
pv/Gf1HMHlITiclOadk3EtnnvE8UPWIBcuWVIh2rofK6EBuUyVkClSWpIKEpzX32
r6ZEup75YKCMH/AS2bPEUQpkREb9fJCiNMUWhZ3NfRkbRSDHEF7hSCAij0cviVwt
5FABWlp+Z/oXbPkKQnVFgFJHr85UEYtNmR6GO4r2+2Ri0XTIyjIb0fu5BQ8tcXbQ
gjMMa3ztxpzp3/bsjLkbAM1KuL2GjETPsPjsLzAuJNURA/FYK7eOlucLhrp7+fUo
RGOAQ+7T37ETTHbEMj0dQzfXztIUJEV60ueRyEp9/yBKsz6zX1BwEl1MqpO1izNf
RzP8T1OC6BfdNFaleBkz88Ne/ROJtKFUjCI6jJR6GlhMtSJeu63WH3icsq4lbAoX
m4hPB4YfrOGrZJulPdZnDsw1Y+8/P46I5cbQIokxHMlK3Zq/qULtnvHOiiI6Ltqx
g5QZ+t3yPycE5fSeYyUPzFKY5KCUucRMEm8qCWQYTXAWxrOQWGgqdmK08qCTS4Vv
KJNOI8xaSW6KU3MBhPF5UwhMansntzmsLmvkljS/15H7OGSUionDsdrVPg56gXhf
UNCPHM3+/H20vx9VEPIz7oNoe4Ty2zUt5+0OgD2BeiSZt+HO27/eNqnf93JeW2YU
3Kwx+UCrBj4nGDLzCqKmyKU+HHUJw9U7BJ8qZ7s3Fsdk+ccmhdh55kQRvKMhhLrn
0G1Ic5WA+0IICBP2bCE/vbYUyOsWqOYpmDmeCi3Jv0LI82cQ7o3cPWb121XfHiyV
CKnGMsAkVVBXe4Bv6Y6VbEUo43m7mWDDRZdR3nPoH7b2//eDOmqF/i2xVe+Yf/UI
/JO5awDDx2mWT0NsYQHG9vk2VWIOc579nNIcQb+sLxEgD6OY4p5rp1XSUutkMXM2
s4rYJRYLkSwRrm9TAMCPV2pREuJHY7HJyqXOqHU19gSKSnZ3fwRuceZUKB07zhtx
Zi55EEEkE3tMaNg/mWAPdrLwZDdUDke9zz7w9tA5xF48s0mAtH/n4B38iDFA83Z9
LX7wV/FlYhU0U8hbV12Kd9BM2y199pDEeWXHAtQAZ5RiGEVGVYbpIpHtDsihoEM8
OX4f23+ByAghVB4Gq64MIMo+mbxl0Txx/z8ukxMPl4kK9lmSh8UMPNi6GCQ0OLrZ
Gf4rIG83lL5j/6iyOufpScyAi9KsYi9s9UP0Jn3gugoD6rrAX3Hrfwa1p+ufn8AG
S+6IIfHXRfVvxeXUojzVSjdKAu/oLfXoBSiyhjL+EAwQLA/3/jbqjNTrcl8fwSvf
RNwf+qXJmcRWv6laAAVWtSwggCVSrwtMaEjHbZmYG4ibp8fDI7aGC4agaiRF6i4L
5b0JwZSWe3JRRNuYQxLF+zX/ipWoBbaVCZXIer1LN81WDYUFd2R2VgrXqfMgnhbU
PXtyltkWYFkbwHA4/Xd7HLM3q7OKbsvTgz1iA+0+6Lt5Ddg73f+dJ9TyRlpj1LPH
baJ5vGbKCpd79Qj71NgvPztzKbhgLXa+42DJJyba//z2/Nymx5eIDdWAacDZIg6P
AW3RJ7+UAw/jlvcCb2WPgYrDraCTrsdcAhIAE9Nyg2oQ0tEtXUEgUTsmETSLHDSh
76E/qPh6+BHlaJHEJ+Ff77CimnwPvHcSM4hxqLAu8MMt5l2Yb28RTRv9w7K7g9mm
pLOwvtHEg7RaAqyXeXAL+Vk/RgQ9NQoKUYA4XK94/TVIR11hPGGT4clb+3GDFPqO
EruxIAkhLun9OZ1ntDiQZzTSXAUCXdPlrCFO3NVf1fQ+T1ieVLC2On9NQhSYZkZw
MzFx4yUaCmgW+6WQUW7ZmLAIdWhtqIZmf/k6dDM7S78A26ODXap8cMaycUceDDCK
x6KFkSfUqhP/cN1X6hyh++64JfWdy3MY8HFn5IWjc8ZlgXpLJ6uUSQ5itevLDHjg
U+SBqb9cTqwsvbTeyxAiSKcybLvq3yDuXRx6MAsYS4REPdQ7Xv1fo+STxdlZgllQ
3oN2FEDQ0DFmh8+XIGCAQH11IAzgGpjtGhu49vSWRz6aOe24FyeBnvf3B29EgJJ5
PSqt4YxQiRvGoAC4kLc4pdv1DXGPfX8GITkBjFB6LpYxyXPlFAV0madeQfwdf9/3
TLaiGNaEEQ+vOH89D0PJUPjKiGHyv31/3oBvzmOR5IYjT4yqeFgISSMewZ446XJm
xP3jk1XVl4xYoSKj0qETTZRUt+2bqdxHwy5P0pZ43OBjGS1UQDp897jxIjdGGI2z
AS4sYfoIbhaY/hAthq/nWluQbkxI8B9CJiTmO4zRiXeXfej/T6706Cb5KcnQVBql
9Uw3ziLn0iAzPjjwnxIH2iFjAf78LCtnYbDB5WcBgxo36gJzNVwyLbEoEGMCyaUN
oZSbtnXYjIY3ZAvd+EFjxffiVEF8gSDJt4n1ZoUuXwjXv0TosKTw06VPrj/xTf+e
V5XSPD3TNYbdtbOOw6D1O5WheaL4jds9I6sdvivK7qyN7WVktGmi5JzRbad0VFsd
HLZuDyCb/pHBDmAamEyxrGH66jUxr7sEHzu7/6cAZbwLimARhtlUmMmlqKtGa8Dr
auHX1S4juScgWHtDCv2iexWon6eDUitkjMlDnixkL4320qU4QA0ELaDXi3u/Ht6x
mUyqop63/bjGUXjnezrxmCd+KpDX2pL9bLFxrJ88X/vRcOwFhuXtstU2DOXbFuag
aicuIJVzzjmZzH0dbFlyRaXkUUDHZRdvDjzjNYvudKiCVOSnS7QTMDRDTqjC16OP
48uhKxkJBHRPmoC1/X8lb6PWMTCAQyD4aunBbsXU6p0ds0B7Ojd9Nj/vL45eKMOl
qP082R/V/VsM44RElhU1uKr0xc94F2Td8kTkk9hsyuS2G6XtJOg0sKPStVjEnnaV
6fxRnOVHC4tdKrVfZ0lW5oju9vLGH3Zjl6odO5BEZE56T7DV032alWGXtgjnR121
l7sJ0umiAPa9RpIzB5RkxKipBt3ZL+CEkbLPARXdgH0jmBehWhvvw6rjAt6raOil
J8wQkfBp+kTOXc5IBvJAGrUrpwujKWzpIz0RfmMxRcnK2/PmFXJg8dR5unnYucso
VGXVvC5AYWrZOFWxVjVQlOx9NJIKoCoTo65FbbrQtVqWus2MgYkXyWi1q9aKKcUH
mfIqZkEvv7c/g4b3Az4w6YvIfEQ9Q6oKztZywX+97qlhNjI86cDctc3MfVIOXNgt
JIrtWXYh60LE5AkjXkYehvE45EVys96cWGHJ6iTKRvGZm+nPRvYXFUpb/GvmUUp3
og89W4BLJy8EEEEAYwtuSDGsVPHz0lftfFX1r74pMuivu9t1LayTtUozc0Iwf9BH
rdOA59zO2MGv7OveCYv92ENvguB09bdyCuKp71WClBZy5Fssr4qZxLHmyESFR/lS
9OdF+zyCzODTlaq1ykkYuXa34TOPMyBQpmumQODgMVRD1Yli8o0YW1zrS/3ZpIWU
SqYCWnWz4//pSsWh+nftOsGFo94s6/lJmh+mZFIvYHYlTLDWPRSuvSkFe6oNCKpT
ozyXvwZwa3qz9rxvwlkRnoFlEgH73jHK5h3YBrjHc0hzWUewN+QASl25bAu3wMvC
Uj+kJa104xzwoZurDqh88QAAnOADRiEp0vaxOFFI37dSzde/MK7vCY2loJkkHggW
HXlSqW2JS/vuJrn7YDiwz+ufIo5OrWtG7IWazereuOfastN6oK5kRTq3XX5LJwXW
aJOzN8D1D+gfrGFhtCmoKwJ0antUUmqJZzI1b2VGeeUPZd9WWC0+X8tAXdNh7ETE
aOMFKIvEHdRSDfzYCz2gTOHbTmdHRQrs+XMZrjyWYAb3bEZFoCcZlpFBiQWXCAZj
bc3Gbcgr3aVwGwBPazYAKYLR2tuF3zSPr+nqozO3864geS3GwYVDFSx2kZ7elHRV
wrCA3ZEcqZhnsRKXQsrIfExno9cjrO4W2CpPNzmTsozQzNGyC6P7BOgPvPFrmV5w
s0u/AyVaujEBVAr/xzuluhSnT6nobVj69lDvjgV8a009xoTn8hKCE0PntOSFDGlu
mYpwcm1Hlhh1lBGwYEKwOAdGML3iHTrzESeyuPpJjsk87eqFcZZQ5L+3of1oW9WU
s0DkaIjT+0JMDk6rTK/60JtgsGSY8vmDnDcMgZCO4mHHAqWJqkiwsE0i/HKWv2Hc
SGctJb3UvtTvFXUv1vfhEI2kPVWKv+ciNOQn8m2/qFSsG977ZkfUVUuIgbzN/+hD
aNWhgBw/U/ngFovuXHU5Lp6L4yUME1Yn+F1sgbBbUOlHV6dxPBYzV/RTZxS/xncS
GiZjPHr34vUAPsI3SvAukLUMM/LeIA5weu3wIK6cmAxp13IVtD7fZVCm1FFUmaBw
K5zjEtfPPwCi3iOn42WvUZxP43HS4yRsRvV1lN3M5XhEOrMPObqRL+mUpIliYqSg
EZRGiCkpfrKy0no+3pto/yKnH+vDh+0IBC9K/lcTVd6W1HeWOgUIzN+yH/jB5rgI
SuuPS9f+OI2pTJNomBPD+YvFTsHu6nqfRH4RoYpVLP3acROElDpC0hk2wNSb2DjC
XlH5nXmoQsUHSwHkHG3REg2LageM3V9yV3m+ZWtj9+t2m+ESH6T/tvVEh/xTlRsF
Vb8f+9Yi7MfPVY0eYp01T73FfbtJsjURJireEBS05qTzGzcS4SItJq24KVHbEGQP
Is3KDiDm2FeST8kxCaSvxZWiQtszSWSZ5yZ57meHw5xNH+nvo/r4p5xFhocPRTfh
ACCTS/OKADvL4DOG4htOI/rcyFoCm4mIqA7MB9MFbJx8X7LTgPeMPxnLy2KcRK/z
2iGXgUfHPDaR9Bkd8Qhms/hZNRx1FZh7k9G+u6E4SPBpM8h927HMGK6M4YkgFiBo
1fBzW21efWo0CYdQeo4C5aWYZbb+x+iKVxKWRVskc1a13gMppqPjKOTcmNaJWJhd
JX6SGFRWHE9mL+QarG/qTEqY04Ke0nAy3iTPC3lFW3sp9yCWrhq74F4AaHSaiDQH
HG4JsUXadyFwN7XQ9hGk2PtOEneUaeuhI6/Kq3dGfp8wcrRI80SZGX8rGiJk3ZWB
Qs2dVyrqj2t9M4ndJK6Va6hHGjKHdvHdZXMQ6Q/VK6Ud37x3b/WDlZay9izJUzQ8
/tzqNVuwsRmX1NVQf1jna3qjnvGcapVK2RucfqM9NLx5KfpNsgpNHh/mpBKpUzym
pDqIq8BmbOAEendjOlSirRPKoodNgjGLh8FWwTCHOUfLUT1RUcjGjwpiM8adiv3Y
j9uo2kwKoMPQai9lz7jmb0MnilVqjHu/789cVNvnIMuc+gCgK0dkO4GUjFnBXXiA
uTIVP8wcftvIo2SwJJqitzjWgElyVObNXDHzOI4LOrdPgtb6sJgiWiSMBl69MK+X
0sSiTcFF1aTov1m7OH2iPJOaA8D1nLt3B0a+Q4DI74mwopBsclIkIfAQ5I9agBR9
dSvIKTb51AuXiuptweVajYPi2J5mHwryP+LXRt+I0I3VtpAKfvlLfWHtC4qbYUeu
j2mPLhuoK/J1YgU6AkpFjQtmkr8pUS+iijnFLAXoMvRoJ6Anpgm+fBzcLzX1c1SQ
0g2Tv6g/yfcIp9OorZ6Ywh6j95BH8Rru2Pu3Vr6hDyAGp1Bd5fZ5qHHaf/UMvQuT
z7/q5imEs1CnJ3gkR2uZ6hlK8EIgQd9Frcb917zE9Eo6y5RstZcmzQic7ZbhtFGE
mNCJ/Qe9VlNR1qSt37+h5M2XLUlFnmsIh/7x+7IYMS067jnl3ib7rMDjbgs/8k2D
U7dEZ6s6f4dqvlfW8Y6PcV+noMDwBruIZae81Xqg/OEZtcdv4DK//40Tlm4feCTy
MRBdfkkjP+W8qcE2lDPF5MFSfneJLLGGzvYaYsQ+Cc960l9p1TCYh4geHto0HNl3
8ZO/sVPu9GW4wLn7UBj4EbbHc9FoQMTKhHaQnFOWqciKds8gBhtVz78Gvus54M5P
3vr9E9gd7rrl399GXCpJKDvtAAzqp58pBidsau2V8rE8M+W8g6vvEA1VS+2XDJ6f
S1k8fsOKDZgc3gA7oepuo900bSZ3ozuPjjjNTljaeddpgm1TNOa/nMdny1+Tf/fi
dH+oKImaSC49Tkgj/ElA7Vf/0aEzxUWYELL2CiMWDQJQK7ccc6bAWl9zzz/eXQJo
+FCn8wRTs+V0xdEXTN6qBD4rY/6jgYUUhOg+pYbm5jSPnjxYfyo2+aXxg+nHXA1l
xN0DVInkb/MqEIjFAm0S3+mZyZkDvo1+JpOWN+EGAgl9cJLpR5CAWqo9crZ8unP3
uQh9taTue2Ayg9idEHry4//CYTQP7v4ixfL6WzN0shjen+oCasa6dtiakPXlT86v
QMqTeSY08ls1Dq/rjEyyyX4DLQlLJM2rqn8V9ByR93vDytfKLFv/tlgGjh3bMbN6
412Fb+mDy7P9O9dRg9GdzwpD+UslljXH0ooimtOmo9naZsXjVRqagvxH7qUHS5yK
2JunYbNhx0dhM6WLa00rLLdYM7RPbISsRB7i1XnzPmkCFOSi6XVeTlLuVWejTrdf
6EoSMv5uX6zm2vZTgLmcCo1gRR1yCbbHx/12SPjEgh04G8KLqhAuhaGr7AtZnmdx
JzxzfReH9ITdzrAIdhfbilEI5OQ9uIxsPK/1VTjEV0YARFakpOKlDglVKClVdiCK
BvpRT2K9TjpDbxGwSmc9YZ58XVho29DTD2l94yYj4ZOZqQWjl7sr0Vatb8PisMjO
MsJ8wEUHtERKiAw6v7QCoStGvdZK+1E2w36TNqy0h5R/LAK3tnYIu4k/sgdpfbN1
DohtELKgROuq4DFsbtj+p5fKqgbtXe2tzGjAIPp+YRrsT/cZjEpkvkorneVicCwT
VvXb1LbFmTtKpGMp2sNvom7JC25LUCPb5kdxlb0Q3H2rYQRFH49GOts+XCMFLRVJ
xVOckZ3GBwcHwVTpH+rfzflYwSCurzEo2Q6DgFHScuzWxt/1Xj8pkEic5FsugNbp
pCB5/NDMj8SD+npqgnfcnE2jNds1xTMj4jYlRuRjQUhaHWF6FPsb6ydl2FgOsC5s
k5EwbVbzEiDapwHYT8dzlamkWS29ilR3UAyXOzjp6gFb6TYQAGqaabHMvQq53hle
VaOaSJCq11EluKM6Otd8eCizlv6ylGvh4ygqgFDgkalKdJB1aLJ6Wmfuub1iNtKt
SRJSOZGcee8tpFz40rf8BGMk7ZasPZJbhtXlPUH3hNGrOZa3oRtDTN2Ckid1cTnP
RLj99RX2SjtAAjwLK9nbZPFfvOkDXDBP2yjObrkwEcYkvwnLuogsJK2GRsAgQMCd
epKsy/byf7xfpbt4sjfFv9rzzm4xYgeOfPAnU3EXpntB7Bkyc+FmMuiIxAW28Wko
KNf44B+nN80PSN7QIG/LHv2VjOMpRVdnDSUKXcfUPPZ0yQ6GnrTDwycuy5Z2Pe7h
XBI1UToToJbUF1F9vepC/IgzFPKy9WcjAZS04nzDhb7BBGsAnrGCldQ4fOjeHH2T
/YMMcLlmG6Wc+L54pAH3qUTsV+zsUe0eZK3ER4HdBcY3NKTRcLZc3mdP5vS8gGW1
W5FdnMA+i4fV16kDzdbxRYwDL8YMpFCdua/3qeFq9NH0uAkUNjyGMA11L5sJNbLC
Ca5H4Z0F1TmAq0a2kThHM7O7JfQVjNCViKXkGTjTah8ukYse6vBg+IpofriXBvYT
WFgp9CrPQgh1fnYyGQoWxEPXirqRD0TzaWyoeey9CxNAXU/sEL7E3K0bMmvSWuC2
/vI5adRchwOAI7V6JVTPzN9GH+foGnVdl76VSgTdbIUmYJ6wAmlopxtZ6k1CVIv1
6HbECFmSSvxaQY2bTxktLL3ZHax2rtwXBAhVVKDzDE0LsXZL64Lpe+C1XZNXE/Ri
fPj6tGxmzNyPp32Vnyg8CEMSVu5YI6qENQWvZn/yUL4woeVxWaeRFIU9rV3bQvjG
vG+5Vb8oe+HhfLJlwPa9iKcNzr4FZ8BjX0IWyJr6ibIivY/nRBKy/2OWQmmvNNKS
irQTXSWwTVwvZHdO7AdZ8PDMlxv2IzG2FO1K1/mEjhVpYa/lhUfyC1z+rS7YQFSJ
TiosfI2sUjSrwWo2daUwzVySTlPOGijnsOAs85/VAejYtAVvY/4ci+XFhVhuZ48i
stdKByxpii7udyJY9eIbVJI97WnEgJ+iPQf/bfWtQ6YakgpN6a7R7tzK2Fup4LwA
CIyZYKs9welhydJ/1bMZt+xF/m8bahf4k9JwR3r+Ttk58ywJDyb6br6Sdb58N2dV
04axhZku0j7p75IAty1iLTKbzKZzAuVQp5aRZI/MSQK4Sd1L0uLRFg1Et4DHGiaa
BGCaRi9MjpBPUjoUwENtT6NyznW6wl0B7ucNtV5QRitn/63w2/DxMrQkNxsW5Qs4
IRrhoCG6iyLffwIGkMgA6AuMDBhmcTSIAOpDAnienDYzSlFeyuaBPSNVYyoUrhkc
jPlqwpqCgnbnmxxqS8AsLexvtCcLKzSM0UB9tr5vTfm2P/OfBj5ag5ElIREGMp3g
0sd9VHCY12fUuC32BtF7Mlv5M8zIYRI9cMOvPnYP0Tri/0dVIVUk4LzolabxaGce
rzeJ7skay2NbSJ9Io+aSi9CNzeoZJVmXvxcqJqEaSGwwJqyoPKxs6O37A19Q0OQj
Pq4tLHrEkK1mkOYmdBHE+HMLvs9XYuLFij1iPEp+SeQIqaG2sEyYunkRSqq7y/7r
xt6DiYKesEhe8I3CTvIi7ZPijM3wpI4hBtv2+2SfIgaaIqOdvvjgYbWPKkxLYpop
a3INJb3MDA0v6ZHzT5j9mXMDGlPQ0CJk/mS3X6HgNDVOBmqQMjq8pw61TmJKXghP
kfl+M4HKC25gmzA5Ouf2KocH5J5ublt2+yw8mDWiAYF8F+19Ra+4OEO2ts6Mf4Di
0o27jBVW5X0iOZAXua/1r551VAkKrLMw55nJSK3wuByIqQUQH8J+ux9k07Adiyl/
TGAclawN/9kQGAndYygdA2k9REZjt6M+5wEuAACPLKAT51L+KRfeMR0POP9jIhAR
Nbv5J9TscJHMb518SDau3xaeGeyuAv4OuxHXsxCN0MUCnIBYu0UR3azSZtetWE0V
9EUD7bqAfUpv6GoLrkUQClQMqk9Tn76MIRS6Cj+Pev1cOz+DS2CEzomhnfmL6WkF
xQc9/l44bvAmFUhFYJwewVYbUUR+0KFgLTSD6dfutGexY2u/sOsulCBVwDR74Pfr
iDZKi5J7JsFA3hvD5QM2c5KwsynY7W6QezbC1nUEYsqaLtmQjLsWqTL0JMCvtGIn
oMsMEx13Uz3uIl3Cg982WZI27UasSX3Pl8ZJgYwC22VOV3Um8QGOihE04yvfg8fx
3PC03wbIST+BTh/20BXTfvhLG3EsU//rwa/GxMUFyOmcvizMIbGthw/oiJZZu1xt
glqqxiG1ctQ99Hr7fxdzJdYevtSHwKN4tGQtsKduee5XVBvff84KzWgKXqFlNrqS
/bx4DOfnxtuSPcYXjyWK2l8OwUlQLWDAdS5r2di+awXUUXWr75MJSKSRuUbjuaJP
oiNq+poz9p6fZOyEYP69VEnbJWeXe8WOS6C24c4jjrzYf72Q4s/HAbDdLtCDi2/F
2/XDiLUeL7QmetGdFXe2OInxahsLD0/dg7Vlp1086ktNOX6AxUxFQGMzXM4kRsIr
kC5pH3OV0HVl2jVExREi+ZxVbQmhYjf/DZ2NHuM1Qn+FWzoRcvuK6K3jKhnoS+Lz
kwyDo2eFyWeRDxMh4nxPMa7ifSdSxXDdcj7/LD9JKp12QWg/iiBUnGHC7nSNk2nS
ZattZ7j2ynny+lau1vjyj23xcztO2j/o90x2jX00+kkc6kX9lJNzrXUnAJaZZP1K
9YKm4OCAoMk9TNxgIdjn9ZTQdPZ+vj1UeJW/TxrYQdLYcv2sNBsGvrEZ+BPo1CFV
2mW6KbM3ojo0ld4o0lu+v7IK82vSdYGhJnn+7MT5HJluJqmWEaamlDwO+z7iy/8t
lR6NSQ9yyEuOCH9dV+ghlwkeVuXzLZSNms4BXylvJ9RNHQYdWj1hwnRQS8szDbTL
+8kAOp9c0RaP4KVIUUu0wPtb9E/QN/zN4XJeCmcB/Og8K4a3X64KJOhovFvGhv5N
ff7g75T8vX6nx1C4Y9WbfpHr+i7dUlkYITGB54na8yBMzC44aPJTzgdcXC9hJI1i
y7HzC9po6k7IqX9wfrHEm7cokSZhl7ohqsGkyGDw6H6rdCu8wo7t55gHjQhfAdrm
Xhugodlcwb+ofx5oFmi40SmCkWxN05cyIWKj4MVgbgIUh9KW8FqNvLG73NtjKsN1
w3kfqGMfORdtwMSCasS+WbbbY3eJRjeGqkV4mfLX+vgy10E6zROyPMK4psUC7Hmv
Dowi6YRmXRRYlGeT8VxMmv/EzM9F+9YYztBYLl8Ho+WKUS1Oezad0efSTq36Cmlp
PlPVgV3RicZJ9PthtDektPNltXdKm991LV1xyGMYv4ySJnUxylf67V1FQf0SYSnh
v1zyozkWuglVNp66yL5+/ptOSe3sUoJRoSfTQQe2M3YPEO1HGAkrNjwku0euclkF
+DF7e6y36Z+1CgnBVh4damfhxKxXTdT5HldNsIkwuX1nefvsoYEjo55VhG7bZx9L
WAgaaRTA8eR1uYuKISAf1L/beULaNZKLzpwBqdQhaZcjTG/JsBm8Wq1cJXVBxxDx
PmgJOTJYohUoaoJyUw3GwnhTnp7SHRgMAlZny0UOGWHiAgCB3wq+kf7ncgvBId+S
pc+aUK96ydBwfg6pMmLFm/xBR29EaRHW6O8kVNWU7cd6zYEFzReqrWYCLz4FjMCW
opXXaMZ8W/XQsrOPueenh7w+BtG568ZvRC+RA+E7PzpWdf7zdA4NkHJGAi1BpxL7
evmDdwO2q3KlDjsKRRRI+iy2UkTDLaFTG6WIvBkFlithxAaS2JqCO86p+P3svPgR
aNfzZypBec/v/vQUoq0AnawJo/2w83jJIMZqayonR7cWoMWf7GPsSXSOeYc0dQO0
Cd2mbCLqWl7/oPmVw0v1Umj5kbMhrFhT0mm6WBle2iCIZVtHMMj85FL5sn1djESc
ziBE2hD/T9OQ510vdTfbXO8rlGYD1yWEI+UQ+mF0kEK7bp+h0ac1fXXPCPfYgdfp
nlAtJXcDomk55/+2UMTOxY1LPlpiqi9tLzXHxbbOQscg/kCtfqDaeKgsvjWYxQvK
V1g+OKcuJhHQs0hMTVt7Bbj9ZODtsjujiKqvqYyR3nSfYHR/U7wEKoKqd6aUjiRp
XeWuTni/YQ5Dgh5xMciSGoNim9HdRP80scXAjdSO/XpRcUfYeLo7lmbtEuxf4AsQ
zRLU7bp/pJOdeyY6/S6SX19ar/BKsdn7nLEUUMXEYgaLleQQgtv4cgvAReQ+hrGF
c1/YHzDnTyDM60rABJ0vsRD1Bash812WpdScsAV4fIlYn98mEzo9vaF0U/6FiH5H
BkJc1WGH4f9/9CQyzu6tS8hN0N9Qco9U/mp6Vpk+xA/hjcfUem6ZLo3VJHtmvEMp
nKvZp1Sd4UBcLYwTiWHfOLRwYV8YiLMMGauEly/XKm+MGKl7W5qSza116PKat9ZH
3x2ACRxr8ElUMaVfUz7Ps+RlTaAH7Z34tYr4kdjIbcaKZAerLS4qOjYywdW8/yXg
t8eN8/3lmY4jBnLObUfGNZEkRmF2OhJCMhPqqD4RGKLhG7+HHMrNT4GUal4X48QE
11ZSN7bfrr9rZowzZ2SsKm1xyay675KGIUaRf9r+MayZRjxNtklh5lFWJIf9KIT2
oVCy8l96kUFFlfajYthq3ZvQteUftw7/tct1Ip0dApcxSE5nuYcLKN4guZHZ4saI
JqFFH2tKluuK2WddV4s3ITiMUNQtDmFey6fD7yLky4I12iqOuhL6nvNW8Nltxc2P
398h2rLdsKSjPT2b39I5fmU2DGZew1UZnSmVSJ0ldtqbguRG2TsL4E+0a1tF/HdC
cQJkMbtvyadqksJXFmlmBACqjJtGyQOZ6nYQ3gOE99rPNpey6UXv3+GL+SqRr5kX
jFJPF5VWBIttZM+e9mPc6rsIaDtbxnEWua/+SEACIx2JgyPinet7WKgWOiUjmq1A
Szqkn02bAUBnhXZxAz/fiCkG5xWOqPoN8KKecXvrZN46Bs1vYmr4YqfaTc9PpWgb
m9A1xY/iKhyWcXuXZN7ZB3nFJXwym6n3Tl5ZNPlCf5VX2PXoHrfJ8tgLiqsHFN5c
bhP8oLMcteDIU5/pd8Dz2r/G9jeLdKrtRJyuLWKXMts/QUUE1HZEA6AHypbEWvbw
wXWBQ7u9yHBpJN9MjYOQ6crcFbVYA9sI8HnXOVTDdppwsw6ZnDAbDmw86ALcSMCP
20211ftghuLmd5Q0XXXcOPtt3EJ/EkzWVPn1017NuhsIIVqYzKvnRkvlCAEdrikD
Fe28RVnVO0bF4/VQYTkXSiZTQ/iNXkyF6eaNYkTzwRdRY5jC7DKIdAOtbg/rCuf0
FPElJmB2WwHrfZ5rI+BU+wTvHRxc87Up5ENvcxUrOPT9gUxoWBDtZCTDKRZLSvMY
RlhbliLaEX9RG37MNSFhTQhGth3a3qd7/PJ/WVMSLg2q//7BZg/djt8DQwnCkeRl
BQ3eBWI53proJQ+E7EW4xzN9tnjlBnolU8yaC+XBK093bgf8d8k+5KpYzHh8RI5Y
EUFJdUOJLkryQrHxY8rFCcVrK/W0s1yOsUqVwev/toVgN02NNR5Tnv0TRE+iou3+
Er1GPj+T3iqCfHzIYd0l6oo76QakWInl8ZbeI1S/WrOC2q5Ia2Lg1yGxVAdbJspp
xKP19tDAwI0BIhYVEOj9DWbgGN56XHTdzU74cCto7xFOTRs6zFhP3/UkBq2CtkaU
6pTDB8g/OmUx9kWdXS4Vl/IN+52LbRybaKTFW6y9xOsQhJfF8pKMCFol3fQHks3J
hpR5Mz4Rd813Hs444kz29TH3lGP4rZ0a9r68GIgY+joyJH9Bb4Yy5S/1TVuQCNSF
VnBbRVTGKJCsKnf0Maocn6+tI0GB67AwJ1bTjWeqzj5a253PqTNo4KaRMdM/o9tu
98RLrOET40WA+0aPkyoEfQDz2RU2WUHJgiWH880mHqS12zC3ejEhWbf2kckUn58/
ZpFCRhEwDeWZ7gWGiLQIuDNcfwB4OlNZPzWBT2NeSdLh8LknwveO6Y4gBJrBhgWY
NWjgCJ7GA7C5bRGFPnbbrfZ7G1ekr0uy2z3o9YImm1QuNBOxori4a/jP0VRizWEc
HK3E3yiZICI3x89jN69lQVl5scOQFoOZLArpXs7iMsn4r3q2I0bYYctovMDsG0N3
LvUblGlhEbKBcvCzU+IQJzEM893TjrsDjDrBzbQfrWkkN0cfAGDlXKOtkm+hQK1I
78jO0jMpeZSW+eEt1eCtrlAyLcBxaAiMwPNWoVk7BR06Zi3ODLCwOp+l/Y0lpOEK
fg6abyfAR+jouz1nXaU54+jGCHQJuZWgmhgQ/1scq/N3FoEV4snUAN7UKmOk2eUe
xdusj3tR+4XUNDBO/y1Yb4V7DB9i4GSrCvKv00LbFGn1bEk+WWxFJDF5h4SbXjEy
OyUunVd+FkFo/DqOOJvE1IwRuY4tW9ujTOJCTgRQk1v0XyTgByXodznPk/fAUNtX
tzsOQZB3z3U6m+WDGvh69/YQuRSIX2Peh+XQ0JUxrgCa5t2PwAEvKR6XsHWW7Ls3
3IJmU8YhxXrFYzaAcKryOoVvckcnAjIefEEY/pXcVS6S/6Qe5DBMyRNpvLl4/TpR
JvjaoCIPepehLm3GGVhjJBJw5988FwN7rcS7ylejiXRufG3+Hm6KmYVd3ilJ8eFt
hbGsSLlzN+J4Z0zfyt3ZhykF4o+UfebzSqQiViviCa7qttLp1aQjibLGrLovKZPu
lp683EsXBiD10aHqLQhjbhGb91GmGjyRCh/hDVAuDs1IKTEXXJXDHnu7dkRfkw2Q
hPs7Q0H4ocWPvneqgz40ManOgDAJAnvcbvw/hBYKPVy6BTXNXc23YJi+tC+zvZyg
GEryOzeEzkZT5yNe/XD7dCP/UJ9O9TScRIAWb7Dd3k64fecMSe+211nzKqzyB2JR
VAv3NOfPEys0AvLB2xioo5KrcuZQhwLQrs10ZtCssjl56suMaw82hcYF+8DBsKw2
3dSpm1xe03NyDPd3j5spLGxjLQGPNTS3Qbl+0RYuNEJTpMCmJKvqGpPLsO5tkHOh
PsW9ot4YikPzDykB03UyHyiVMEDOLfWR1Z51u0/n7uLCNp8eiBPDQI+M2CW+FCIv
2aRFc7aps9ZzGULI7L3TfXOELpuWjj8KBTD1TBegfP2Wr1q8M+G9vjTlC8DStsZL
7/73Ql7qt3MkF3uJ+ACs6c/mhb1ZvIW8wNarXxxvgaeRPTOAc/N2HJZKty3kbqqu
Mvvpx/LrvyDJQy7Kh6tW8Xal4qVvWRnMO/qbeNco3ruzphU4PPMUsUC/HFlCY9Vp
U7jR5lwRCchyf3VEWvmhSqXlHV24hQUIeYyQVbr10RLktjuGfWDqHcfY3lHBYzE8
MAVD4kHdcd9frar4S5gmuwNeHn85OQqONJ3N6NDkjz3gC0+VR/aOQjvL/IEGfDg3
Qfh+Dpn3EbxLea5TyViqXsf+TAIu3iyDMO/G3toIKRIAje7x2SJNhD1OKeP/BKP+
hYnA0Hc363CDOFTB0l6SSk0TFt7ea1SivrP2f+LSHywvoeWCyQJHCGD0VyG2leN+
OlDzN8j9pSoMRhsI1vMeu1sTpeaNfkOJpaJVrSKwBvgRAKwVarzqpbE21U1lBT4j
WC/o6CzIB4KKthvKdxmWP7RQWCElkyehgoa7DAu8G1NOlj45WRvbZz7+P6PV2cST
o54lNERTn4Kb2NK/wpWxGOHJ7bQmgq3fNCk0HWILWUntEVp0OnFKHJLQZ1qGIb+0
54+yLm6672Y5adtyMWFkKdyCKunHE3yyO/VLnPAq9FieeiLrgGaQ01Cj0smxy/La
+apQ0SjI6zwxxFr0Uts0Ssq3BHdjtybDCXXgSR1QXDu6OJYNQn7Cn+HPpxVj0Te/
G4qYKcoj31/JICRFqnA4+1KhSjT/wn/gKIOB0ZikF5U3eQKSep0/4lsWSPs1j6VX
2z1VyCoHrWoSfgZRRx5Q3XBgQc03n32ljPVI00FSy5EfAnFwaYBOzxLIuCIOJy90
c0aFJdpH+Y8gXvU8FNjzyQTIrArIhWLHOUjYJzhkZJPL6pROiN326sUy31KgnPyL
cBj1vxdFJUSftCt43nl/ZI+XVtRFYX7Ghn21A9x/98xJOoYk9hliBaynyBDA6pXa
52mBuyeC1gRNvaL3WTCil+yDzBy2Loqw3GC0G3W8BUGkLfowjY5BpfkRv08qD+Q6
Fr5hpIZhEx4PtU34AzS22T3w8JwGuh2kBIcHvvGlXhwBgqPxIVmpQIdeKdVudSP/
XI2ft4wCerZisWpfclhlXx9uLnITNBNQ3a9q5CLEWcZNBIHr2xfqIEKO9pRjwL7a
bKVY7c0NbAWa5uF+v/RBi5CPKXJVVJG/EbHagnx4LHdIFLbCp/Yo7AsRB5XcC/CQ
NnHbCsqkJANxLUTfwj+VsUFhZwGmq99v4L/tvUhvEothJnuW1CrKF8v65ZWTmJ2V
oXcHc6XBpO8B7JNReOh0wvJkGYP6ozyrJyHm+UbvCjNfnlbbwQfNJQmFRpHWa1Ch
CCDZOFOOCX7ir/UNV8sXkrYMm5VnlaUXfLyYlUENqqZ8/RW5+ooUgLOeJup1kznR
RRYc63vvlw32EIcGd+6Ia7obfbYqvu61NMpUTHE/itY96KNgSwOA0c4Zph5J0890
44Q8ouU+9S1Gsj/bCgYday9Wz8da/Xh87RsqQu9VHpPyJ/I717wqvycmsi0F9fbf
xXTGP7qW0VSFvulVP9Hb2L+a+0xo1tqHWkuL9nMS9msHSsc/gYNizd+NPBl9/O63
dcboFUEBiTCwmxculu5EqmXzknGsit605Vjt4X02rrq9+ELK4OI8dCqSZjjwks16
B/53QisNWKVpd12hP3rDZHrmfJlCReD9WQiWQQn/8RgKY/nVY2zSNVzwMyFsmMae
nTJAFhO1DBzOd1mLGsSlis+8+SSED69Tn6X7cmkVSx1G9elzfVObRaqjQPnzIWrK
S95tfS9bogk/P3HoDpc6aAx8VYO4nFnPJJMuborEWtlzEmYRTvQ4RhVp38HlTr48
kyJA5azXQQxYS2g/PecQ3n8U5OkFGe9bO8PwaIUS1L50arzwjEPVOlzpfhIT/f4Q
KFYuj+cn5xvZBqogKFqCQBP68mO7EKWxS1OEN1qkcBJA5K/YguzXRcsMBq49v7zw
2n3ZUdJOQ47sPywolVheT3ETa63yT8ku31ktei7gzKZsSMe4hE2MZxRx37OMDuMU
JagIB3wcXKjam52uzaGlhJdppdi3kRE92bQ4JLRbKjMthp+gLL90BiDYwahHEWy4
mWhtpQzQUZy3tr6TkYj8IomIpC1p5nzJYKKt1mDZe54yO4fpiqLNV6zD5mLU2uBT
GNgQ/rP4GxZebS5mWXtBorf3TEPSn5ix9bo8qB8dgngnwtXZvqQyMs2nevum42gq
0UUiVifyz08Y/qfpdS5uFHgclRHasjXHsNa9Trfh32cZciEtKjVnBSRiudkZTVZR
0Bno3TcNvZ2iDIv3ymkeQoBFuq22WMIZW5iPeziKEw3cLedZKSNXcxaqgO1Y+Je0
6Ky3aFGwobBJB/vBBbPRmIbqm6M42fPDMHAMhcJH9z4ZuLUN++q9xCX5aw/vrYFi
v3S0Wuwg47pjlsabUOzzHYh+GclHfuK0QC8egldwZMIpfh0lrdl3Ve7K4ZHdttM2
HG4U8lRuWCT0CmdHnThX7wj+5zsEsG2jvI5kJkLhQNXVxrN1uyUkaY9pQVqGFr2I
qaLM2LyzwiIXO7MqK/ElF4FIk6JWjIoH9/ZhnnbuA+G6qxcz3+9VJHo/TZUgvON8
x3wN4kdFsn0eBzMfWkI9rLEMkxsWfLDU4jeWjV+lWdavyqhyicoCXEU1earyuhjQ
67AJe09+z4+CPxw+wutCbp0aS1BXX08SfVqx+3np4gODJRhzY/G8zwI1f7bUPNnI
yEe68VMBTeSFDDFxroiKf0belUMQrwgcjM5kH3FpKAIkue+Bpy4tQ1R4CCtcIKS8
zap/bAB2n5mFxEdcNybINCu4sc4vbPHvezgRxyEnsD3BOFMAefyftgyVZV925tyW
aQ1VZehMhQ4/3PIE6l5c7ra1/7Uc9qzg1YG0U1nC+Nm40HuGDzkZxqG37+YWfpOE
I3AbZMYck72y8eZ/OtLRvXYvCKofrThAi/mvtrvLguUVDDxnD+5kqAVtV/2RXHBe
/JqmjM/JDPBP5jkPZIwVyWVYB+cRzYJ7XZFPVmGlJ9jdHR3vkFsOKwYytn+C2D3R
kBbRsazXqQks/2RGkmnkmbgitxV2H6j5OnIs2KgdenddQY0vz+FWaRVWRIxkUCOG
fZ3hnmvH4aiBPU8DNdcRJ9XYdGLW9YOc5Tzel1QWwTcUUmW+me9XHOf/N8fR8sD0
5Ik35f5Hkg0RbRMh4i8U6g6ZbU7Oxoaerdum8ktNuG/2LMrMIozkoGOBHEoG0TOQ
+YZw1E118LUYbRTGW26/Jio9wmuGLJCksBv8YKwQi31msG2ZXMOd1Umum8I1FvuD
YXHcYejA68Pz7/+UqsJRmTZBsKAjGrf2Xchin2XSQSleYHoVEunik9NtfZVHlLc7
fKWytEa94/wUakUqe55HiPTGQkGMtbILYgPwM6NzNLKBPpPTqkNe3LkXNaQQxseD
c5hAXhs4nv+pMrkzbCJ6vDGRpGE1lxaejsrbvkZAKmDQtzB0dVvUL3d7SLFC9f++
D1si9TJawRBIByeh31lLk3uA0boxkLZMvNWP9sibTH/e+zzc/t0CnJYxiXO00Kdr
8d7WEEwPWYS7i5X8n67mJjUsyYysu9IU1yuEyeuantUidk1PJdE/blmc4sdKmMq0
cT68N8ZZrLqSqRqUibCgU+G0HULnvXJoG0nDg1+aVcajujcyiX2pyvl7GB4Hh6tS
9/XRPJO2DclFexhqtUR/XEVeL4KOy0yqKmLLA43k5RPbHMYWSdH6DQdaBCG6iqbI
ktSkEiMVRIQNJkEZYntA9HgwT/OV/+ZoZ+pNbf9/T4V4hCQTEj5u3WHfl4Xtq8i8
xmGJoDk70jGelUxODgrUNJs/2XUR4MmkGHDy2z1wpUBNiysvG1eXwTbfgZtBmhJ6
Dk4OO2IMYetx5rqM8i1igQayK+1cu7sk4Zsnrw6F2I7EILUFrIzS8L+J23xum1hT
ccybOYYk0Fg78f8vtYjasm5eP4N5TRwBMM2GnMrrDRFXX3vnmOMwLJoXOcDu+LpI
r2PxULD1czuR+JvzpF6EQQah+Yd5ZvH9yEQUELfrpJvifKw8XZvKXmrnPjhwHW0n
q+uF3FsJx854PjAM0q8Ad0iRNNa0kmG2Lk2AnLXr47aT1UtLJDt7+9QWESaVnbK/
d7JGfavvUxQJqpWJnfrA94HjSXLCEEaKTct0QzRf3VXx69K7T41nnHW2wGrHWmLZ
fT3voo9MLbzuMUow1t30G9mzKsg0VFC4ZLCjqcMa++UB/vrGo3V5aSZqdMkadmgh
+44dcT+NC4s62BecBIv6N/BatXG7wxQ5EnKf6XoKD7xDGc5KpMvwkNa8HUQ5Tqvi
YSb9W5WKDkrsY8qH2gkDhcTVL8CIjfgSgT++2KRuKemxE67olE4LBaYins52PrAk
/O2fGmWfU/CAY+H5ejW7V89H/2drJR/xC/eMzWveamvlnC70x0NcQJH0THMxMGq2
zDIEGfYXTF6X0EKvw2hbS9QJZbAjYtwSFRFX8Ht/pSHw9fxuqiVDvbn1vtBvpo9Z
FPR9LzzN1jH36fG7Kuj5RfF6ZaapgA0Z96BdRo7hqSdS+ths85gH3FWMEMtsWlPx
VEtiYAJy392Ku+E642rAbcI7yOD/96Ytvg4HUzLX3LJVBSs22DFkp0cWRReIRSl2
cDTE9hYhYImZXnXuMKqC711iET5/EUCGuTH4Y1w0APeaiUJ4kcg6TLj5MJOtsJzx
fUc4yuXqUQEw+SVwcqXsMv5tq2hVYuFMstjKKmbhtyy30CbMmhpWFWPjJVEnQfsR
P0xv41vwKiZUYGRhTiPzJi9kQBsKFPQZcVL0QhD4MMhXXr/H91iUIdeWzy71BPAm
s1JjthMz0MomRkMkaImlxz2Acy/+PTSnp1CNsXXcSe5uYBmgqDT3pkGXNBEWP15M
U8yYStGUv/Bi0/Zq8TP20hbnhbI+vuJsoJp9Nuw2rBVVjqBjVqLQ1Z/jslfdDdsr
CD+DoXPyibDI8Deg2yRK4E7SEHLgnS0BD2xtQCePWT0K3ueUWn7ZZWQmszqv1DSv
nUnZY+QAzGTXwOFlsDO8JNGzad27oDRujU26qI+k2o2e3oJS5U+gwVa/hyfDT5z/
6G13yur2wo/SXhmepZ6rCsPVYPVlTbXwS1JBg7DkWhWDXj9DZTnoVBQOMeNNsPkI
jwGUd2daOea14QrPNqQCZAm15/m0vO/lcliA/tC09ZxbOASPEFUYByRo69TGip40
+TfmcRs/nSzExHTYTKtxNZS3nOAayjK/LrUnw1gY2a79NoQlY06tkdvpw7uQDuqc
6VT5+OOIKu7keQOqIVFA4Ix1ukI4kY0FZdtWHtUIdO/wzktEdHYSpcoWOKy7/A5s
f0tsphxoxxymNwHwLKrGzgJRplztPeAQavCwfSSv9pwiIULKEEqZWXkPXfIbwq/1
l8FQV2lKqjCfVDM3aGEkFISEFBOjCfc/KwEEE9JATexBN94RpiegPngEJxJX3p4h
Z5BIueURov04MxvHqPL9OAV2WzJ74dwXURN1GWXQ8ZbmBoMxWjpYfvlPRAPIioZe
gADKpUb1OIqajFKNANXGvYp1p374l5H3HfKdyb34y6zkdXoI5jJEPKG09FAkMlnI
iD+oKxYpo/8hv1IZjsFCcCcqDxVq49yH6yiFOkzYN+pCS1IahKPTjk5ywfsBPmCe
nHv1BIgP2MYZKSdQ0oqHssnPrsBEyikRbSdxeTiWLCSlrEHUcq58I8j/4l/+HFFH
hFszmtzYmuu6bKM6R+AC4w293/BsvdOsjsx0VMrV6FhYK6Ofl4oibTEZO1yYF+r4
yW++to81lqEAgMpN+I0BygBPAaNU26cbsuUePFdS73S/Gc5Dsmh79uqGCXHNjS6t
O6gCBwLS624RQMQzz27TJJk+QmfRroKtFV9qYuhg2n9lAoNVzakeyQoTzyl30jEa
d9CyKkZ2PZjh0Hg700HUzVX7hw0OhM7r/xmQRxiBebWN1kiZwZX0ZnwHZXP9lEon
8IeQ5cwV+tcNTSPCpRqQy9Xr3gK9djX696iS5OeYC7Pw82yM65siWWsgIiXzc99a
W3g94Oxf9epOvWZjwPxzJDWGo47RDXShmmhbyD/aEmQ/s/ppFosrb/AJh7VUZIWn
kIkmezfEAzeILTNpJKbM4dW0OiZRd79SD1rCGNE4jhudpzQCfj/LCtCT8FiGpADk
vizqB8EP6UdQS05jgD9TWzT8RhCBTmMQTHg8ncHYI7Bcdc6m6aBT4aOwEe2/PHwK
QgAminmuaNWap2hbwBZgdZnVZo64veMyYGHGCzpGXDuf9wWxvDslJDgQ5CrRUjsm
Q5Tx7HF1FqmKxKegAIkRY75uJ1xRThoODwUOgpMI1hTp5zevNyd5EVZ/eGaqmABx
noMHOBB0HURffy/I8ywuaqiy6IdHEeF9KnoOzhpGg4Xu8WRwMsHDr/gDyAtFJNeD
BQoDI69TPfhVLCuEtSGY+27CKwuRqaEjL3oCVWqdr8fvVkxAd63O0O6q0QiteHrw
Dx2L7Z20xzPNMGqmVypoy2XZr4XtyTq/p2hbooXRrvlA0tOxVm39n+fvTqf7Y0yT
hODAtzLizx1RMy1AyJCLtu4zWzQOEyK+QhGy4WNCKPA5Gwgmokit8xYVIDTthe0Z
qEtKfPBOuToWNtrNkwJAT4gG+4E2J2XlA59aWDVIjgeiaFnbYw/AC0SQ5hpUunI+
1WnSAe4EdXJBvijBu9w9MJRdNMekn5sAqOHlsyG2+6Gzf7FydOAdEI/YSXzkpW0A
c1pdS/Ts/W6r78kv/PIfEbScxdMkss4hee8gZ3oh2TFOgql6BmbuwQJOtl5YI5yc
jp92Mlz47wd/IgRcNCBwuGFEMEzL2waOS+24MLNLZD7mqXwgaknfumu1hthmuEO+
rclcaXAfOk1+I0UahMOieB4UxqTlIs93TXRWUd14jSuXYJklmSJftlo0UHEor2/u
CO6xdNASrNr8shxxaOnoV79eTXs/8gAMHScEegu7SupKOVNpZT32Gv1y7TnI/cY9
dnRj0ZwtsVCCu+8exl/s/Ntv4lohcjUUgJs9B9LW93ubFWPdD0cGY32HCWxlplyg
FUdKFO5uI/MBBLDo6r4UxFlLBOy5lA20Bdo9JTWxc6fwAELW+upczGZlZWAjKv85
9oeOxSuOwsIN0GGgIf3HzEAFKC4+WuAjugFMxz/BeypPcfe6J6nfO4cYyh6yvdQG
07levmLWQUKvEUTjbGu7cTpLa/8B8dQL+/jaewQHFlV4Mgz01HpahMQjmzPlUWZW
h2p/HRzgvZz04nvruA6/RfufOVP7TOoTtNI5apZdLGd9c7hBrha8ZM5JtGMqDEs7
9M7fVGf2dHmAkLdYv2Gtqiuhsb20oIOIIPBnWUlBXHXj9uhJJNPYAW1DTKsfFZuQ
SuiSLzbbknGxkWV7bHLl1er6ibY1vRNCxm+m+sRDLL9+IpOvuOc0ppdGll6b7Gh+
WCHkmP5D+xi6b4ui6FDBWR1+TYXYmNzvbDdmkPe8GY5XZs0j+stdcZ1ugUOMLwUp
EBH3GjleAI16F4rbmNz5iyd09cxFvL3t8mc8KEtFW6OXTyvrmx0+WNPZ18/jaK9d
Ro6cy91epmLL8IUst/qQvXCibcYvSY5XaqPCXQe3Obo2Uzw3nDSLWNyBNNJfOCDg
2NRuNSKpLamaVeJ8qFIycBp+i2Mv1P0iElwBSUbPNEt5ZDvBm+ICLBaM5cqOJ99n
uRjHae2yUZRFG0a2KcqguRN4AdGVCI3WL0YzhjwsINA2W3usp8aj9PxZGVKTXl/f
QpHRdlNjsND68/1POeiJ4fm1MxnCWxMCXubBIV4Zy+eeKAF+3Z5VTDTsqQHa/BIM
TpRNjiE9bJiGtFtndOl8uEX95qd+S79cHbykR+tWCFJLEhGBJBB1mZ9iJNeqL7p0
6yMF7Me4dzxRMXoUCHBnrfcA9Nljp+aDzJxNpq8xbcYlpQQ2euQ53lQ3nfj36UiF
qf2RCq7Dun2pV7xztbSbYEqpDUuNaxQETMF7lws/96Rm93BKGSp0NXcjPASY1EZx
4jiE8k7Dqur3lD/PZVmHNoJUz0MwqIF2hTIPjnV+nz/KdEbSsTw+lnDUIn6swqPQ
JwIUvFa9Pvb5wBJIb8ahkgV9rQkPLazjb9g9ADYHpE3KWu+XZ89v2gz9SlBP2w++
GuIMHQJgYOWTTKveNZUnB5PNh6yBYJq/vqphJa+sfNyMVCa+sxz98tyWUI6YPp0R
hZlQWBMvm7uHSQka3OOD/odmV+uICqs43BKxe+T+KWLSOVlR08JX/RbCSL0RzzDj
GQna1zg/c3NFoX/9uSmiJiYTdrM4FJj/2UMhayMLv5tKzP2thT5fygHQZ3Z8LPFz
zXOpj0i6agwgALk/QPo/SAKQplxbwAxG4QH9BwJHlvVjYGBTOqL3/AfkUTFk8Dsh
sNEt1nZ7Us5DlltUx8s9DM0YoucFsOb1H+/OV08sjdUKPl6m7ldumdjKlW626NCH
4wwLQ7KBdxqW4/Vu9Ha14/B9JeOfL/ch4jgXI+gfrc55KTcMTAOnSLsHkeYgi8mq
gH/koAS5b2YVrbpCgcBliQwT2Y4yrJoqIcuszomKW1LDxn2fqNKy4Q1m99zX2cq1
nU5oQmSSin9memiHRRMZl2gqAgnanza/uLHYfPlnepskddgNmTyNBFpTD5I4EMN4
/+bp3jcRmTcKwI8VJB774RX2/qDeUKWvQfFuNkYXKOK2EVRQRDz3nO35WDXziCJt
oaj8v4R+C0FWPW0TURwrgvOtg5IxYCpJsPRYnvMKjU0INwoeqHtqvDUlfcqVGE7P
rPiytvt+y00ychTgC38V80JLEuwggo9IE7kLlaUQM5Pu7a1fLBDv+AwgO9PeCSgz
zF7ajjzhi8OBHhDS1vI1D2JiRCaCyhwX+GEw2EQfZ+QBu9UjBX8Vqd13FgQjSpmr
4UrnQ20Dou9wp7qu1v7jMVXbUEh29JIkEaZXQe50KHhh0IAM8wU9VfQcJi/NvXG3
cOiSuauZMxXQr234+tvQGY+7wMVau2v55OE79qw+XEq0SByjW1LaJ8vHcXT/W+WH
9vER/s5b6PjFsE9LIPEbmqbsn8Fen71XPTm2WRCwBUuj9lz32BURnA1qJRmxsR88
kabnrQe21MxdtteqnQzTM/A4yD3If2mpzSLZebAEeMVMrNNjCMO4xRRoTzUE3TBm
+hStuY3TRlLCUTN23PVNWinppKEbePsj1KllmFFyGYPThhloMSn4PaoTliR5QhaC
FguT8J9/qf6bZcOZqmaTl/jHrK7FEbEjZZ8Pupcot5iT4XhQiOMYkS6ozcKg3+hj
MyXj1wZQETKkm6KwRRnhMK996NZioG3cbdnLxct8qGF7wJ6XMn3BUHAY1Fj/6i5Y
Ds5xCmywNdmOxocoSTItRv0Z5Yv8KLQGnrvVRBaNjownhOggT6zvD7Vi01dmPucj
3ueD2IxG3FC6j4qK+WZcskzPecgxLd7yzRmwxKEmh4e5d1OQdciD/PJhscev3q1C
EvCNA/dI6W29nBuxnsoagAr+iyA4rJrehtiKvh0ni/f4HezmUSaMhS0npk0Fc8yT
A7ZN5g7xEuK9xybaMP/htORE5rm6qlpljcoWlkmIcMkV17NAsQmaN3SdqEg8V+ke
9+HcEIrrk0nWUuEoz7vUNd9VcXIBaFO0BWBSnonMvchd9Ojj2NVuiSaLO6AtwqPs
7G2t/M1VYzBBMrBGO5OAnUil9BRmHcJ1ILn1ZHuiKVtKOWPkA0gpCKIIfEv304BY
16MSgjSJVsGY7G3+yXKFZaqh6ugNUTdYvrriqv7hju5yP15dDLmxG+e8W6QxzJXA
p5/IfoMt7In8HfwTTloNigLrJ15KG+MR1uQKdwD8N/W1TDGZYHwKVkWEOPipwyRo
GJq5bvuFWPLsBvquMvukIArBYx4p5Fjr12usQSjW1xWopSEtAoAjMlTfaD+4RSk1
jAEoB4yF4+FwBA9EVtVFv5U4Ek4IN18Sq5qgLtW+0O0ImaLBeqF3nmlAjNq1bpPs
YaIl3tp6KcZz+oqK2wag0Ck3JPKTa03hMXafeqrX1L5Ux6I5JxqmFa9BW2xsL1Gk
W2N+JyobywWcIPUFd7uky0o8xLsaVpeP6ocAZ692QU3tfi5oAqE6gX9vCCXs0sfn
rXij2SNidqZPmKGgO9mBZe2GgoSlkW6EL7h+3mTvzOkzXM+bK+BiwuIFf8ahASFZ
O1zWFG4poA5jJOcvqjsOedhpAgQYDnd7qqQaagNI3xVRUEYcEwLY6w1/TBEW148i
vk0GiZkQhr8awN4AKXDhsvgyrfpfWKnazVcJQ+2OlDkFfDkNQHzXqNFqWi1QJesZ
yYWWMCiVZWfcwIOAgOZuH5HbaM/oTVc7JYHNC68iyd6mFzeJgR+iVjB3DrrLTNTE
mJk2JVDBwq8fhlCUotsKWKyaxR/3jZTBBl8GePZXGH9zMMeyCiMqQHn6oxGchwAD
uZHVqm/P2FK7ksuhfY+jTqmektSBgOXGEa8BCEEkEvAa/vmsPvTGCl/EPLybRPeZ
/v+XbVyQoBlwtNsBpB958+3ZKMbzynkiS5Zy7+njOQtt/6UzZA7X4sFiX4EKiwLz
SjaAHl7zdo1BSGY4slsnABFif+W3PTT1FJpaCfij8hmXwpzbrc+trJQuGrrMemQs
vaeR92LOCWft6nUnekRC8gSoTWCt7STX0MsuUhPt3PU93oKWzFjNWR6eGuXCN5im
B3jj6u2ufKJxBemm9dpQtxaZc50wCEBte5P45WDzc0yZD7MpeAlzeNP6uVQ4A8NA
jgAEWcqqrFCqhf2Ur/tJJ9DW+OHua0H+FmbcRjlvs52exT3Hpp5xqR0XQbgR06+s
ntwnIZbejaSI97vehhw00wPD+e3xteW9KCNgE5eit3HHQVBrvvu985fgenar4RJK
sa/+bgZaX4jwcCNsXvq12D9YVUfpT+wxz3Ewyrc692QMOwtRTqgYDy2Ur2uYYF1p
pE2lDKRm7dGpa18aAJeZxuUiXMhHJBjZEZ36XxXVy/qMxlewM3cQdoWHteh1xOFP
p7EoMQSFvkb58MvXCyQ4OsjqQv2WYmUt1LHRNvDVntYeqSKz0QxNEy2z2FQ+nl2p
3b+csYNiEEME8omxqBOzL+gznqG6TAnyoDLdV3uriWTGQXjDJmHxDA+5YbyFjP5l
0Q8eiTvnMUiICJOPN+xl+TPfGDtCSmZ9S2sujZeLwy54ktpj8Lg0z94cu02dUasQ
56egyp8uMqYc1qEb4o9EM7bpLFI3d3tOab/SC67V9jMW60fhAfvJUfz0o7LBbKfK
/tYUKRkZ17ou1ZaTLLtULyZmJ4JpN0vyPs6HQaLRVOBYR+GGznGrP1eNOE9cb955
eJkBsWIgcS9ZgOw0EbsciOKHTPNED68tRvzE5zo0McyVYpa+GIGqj5TmBC5yQLea
bD4Wn8JcWJRXAAiDnCRG/ZURYD4hjj+QMI0E8+GDSfosK4QWcs955/R9x6DZMtpa
5oP6m4cVyLtBYyeVrKxJN7smzj5tfmpUXe9DykgYG3dwV32wE0r+08WQtHI26LzJ
grwp0A64uw8zEkRtBPQa6eESJXOX/JsbwWGsA3jLdF93GsO/VIQ0ltw0/snMLCrR
i21nwLvpj2+Bv+Rlq9/hYCC98gvJZ1PXDdVz5Mb1Pyj4WnzfhICzkeOcsXTrQmi/
zhfWHpUWEowMu+lCQi+eqQ6dOVYxGzUoaIMR+zqf6lZVO/5d4HAgVz3X9YpN3SDs
wjq78IB+K5gLi7Qn3TMyR5sHBorBi1h0doTWA698+8Ch1QgG018js8Y1HTWnHyDX
X0UtHFzrewHGPeZMBGgjd/yH8Fpgxj5ImfEztU3l451gv7LO5hDsnvHL85VvZwCl
M9e6jNsme5C2fH4HeXqI2D4Opqd1bcswptMkT5Rx4grXhGM416Y/c50mBqYzOjVJ
ofEFzQZqKV+yip1N8E17vCEl46lyo21oY7OueXK5nBJdg3Jun9UARtWff4ivWZcB
ngJrUr0jEq4zzjRy1l0Mfcd2XtOqoWP0CC5wP66GEUeIQJO56faBJD/yRukp7hAG
MWUUGsUIp94Q2FnupnjVPzvkr0rz5Y/+a1wUvjmWgE0+wmFUMYsu2XjFZkl03/3T
0i7Bzfk2/T9B6UvOSf86SJBdzL/pQa9HWu7bnX+Yab5qEMnSyVzuZ6EYxGQFsr6P
u4X2oipQuZCpHZddAKO0dKwGuBFU9dmUABrvv76JRerOCvtzc1HplrI7HDUuSQmQ
P8n9Up40gnNyebFiv1Kwu1SUkFJEn8QSsoih5Kb1zreHKSl7ILwkN5Mf0oSSqXCQ
LPThYbRAaNjIiup5ov3mZrP6rn0pEUFbSR9WRWDFSK/4yni0RHWIvPxk4aCdD/N1
3Peo0HlkHKsuQWbdPnIqvTAF0aSPW/MdY8Usql6qkTuodTf1rhnOtyem4mND2Wbk
auxqAXmounUVUyO3FKJQtaGpyo3VWdZvgEEYjOzEwGHG79ZHbnwusEfln0P1idf0
uNcEg5dpJ/lr+8YgrLS4yDor42w02v4J2cAAqhriGlJMTDS+XtrsnWQiDgd7RPcb
zuAVXBA/tcxtm/1co+vtvWyhc2/Bpe/eGUJKnK4TLcdgOvAaLX82CCeEbIws6GFl
2Og7QyazY4m/qlJEgZV8o+BlYoEag1rv4KPxGl0BzjK57MU=
=VcjV
-----END PGP MESSAGE-----
