SN:3K60180500001583 BD:Jul 23 2018 VC:834b9c1 MD5:48f99e4865ed8b810be1bb0eaaabf929
SysTime,                      Time,         Batt_v,      Batt_v_sd,   BATT_PERCENT,BATT_PERCENT_sd,      [CH4]_ppm,   [CH4]_ppm_sd,      [H2O]_ppm,   [H2O]_ppm_sd,      [CO2]_ppm,   [CO2]_ppm_sd,     [CH4]d_ppm,  [CH4]d_ppm_sd,     [CO2]d_ppm,  [CO2]d_ppm_sd,      GasP_torr,   GasP_torr_sd,         GasT_C,      GasT_C_sd,         AmbT_C,      AmbT_C_sd,         RD0_us,      RD0_us_sd,         RD1_us,      RD1_us_sd, Temp_Status_mA,Temp_Status_mA_sd,Analyzer_Status_mA,Analyzer_Status_mA_sd,       Fit_Flag,      MIU_VALVE,       MIU_DESC
03/15/2023 15:30:49.482, 03/15/2023 15:30:49.319, 4.10206e+0, 0.00000e+0, -2.13712e+2, 0.00000e+0, 4.73392e-1, 0.00000e+0, -5.08618e+4, 0.00000e+0, -9.36525e+1, 0.00000e+0, 2.25240e-1, 0.00000e+0, -4.45598e+1, 0.00000e+0, 5.01428e+2, 0.00000e+0, 3.11649e+1, 0.00000e+0, 3.18261e+1, 0.00000e+0, 9.29927e-1, 0.00000e+0, 9.99456e-1, 0.00000e+0, 2.00000e+1, 0.00000e+0, 1.75000e+1, 0.00000e+0, 2, -1, Disabled
03/15/2023 15:30:50.396, 03/15/2023 15:30:50.313, 4.10853e+0, 0.00000e+0, 8.97537e+1, 0.00000e+0, 2.09160e+0, 0.00000e+0, 1.65530e+4, 0.00000e+0, -6.84426e+1, 0.00000e+0, 2.12681e+0, 0.00000e+0, -6.95946e+1, 0.00000e+0, 5.01970e+2, 0.00000e+0, 3.11666e+1, 0.00000e+0, 3.19659e+1, 0.00000e+0, 3.32581e+0, 0.00000e+0, 3.48332e+0, 0.00000e+0, 2.00000e+1, 0.00000e+0, 1.20000e+1, 0.00000e+0, 2, -1, Disabled
03/15/2023 15:30:51.392, 03/15/2023 15:30:51.308, 4.10898e+0, 0.00000e+0, 8.98194e+1, 0.00000e+0, 2.08893e+0, 0.00000e+0, 1.65818e+4, 0.00000e+0, 9.39925e+0, 0.00000e+0, 2.12416e+0, 0.00000e+0, 9.55774e+0, 0.00000e+0, 5.01999e+2, 0.00000e+0, 3.11693e+1, 0.00000e+0, 3.19696e+1, 0.00000e+0, 3.32615e+0, 0.00000e+0, 3.48196e+0, 0.00000e+0, 2.00000e+1, 0.00000e+0, 1.20000e+1, 0.00000e+0, 3, -1, Disabled
03/15/2023 15:30:52.364, 03/15/2023 15:30:52.303, 4.10906e+0, 0.00000e+0, 8.98323e+1, 0.00000e+0, 2.08928e+0, 0.00000e+0, 1.64291e+4, 0.00000e+0, 4.11878e+2, 0.00000e+0, 2.12418e+0, 0.00000e+0, 4.18758e+2, 0.00000e+0, 5.02022e+2, 0.00000e+0, 3.11407e+1, 0.00000e+0, 3.19694e+1, 0.00000e+0, 3.32664e+0, 0.00000e+0, 3.48477e+0, 0.00000e+0, 2.00000e+1, 0.00000e+0, 1.30000e+1, 0.00000e+0, 3, -1, Disabled
03/15/2023 15:30:53.351, 03/15/2023 15:30:53.297, 4.10911e+0, 0.00000e+0, 8.98394e+1, 0.00000e+0, 2.08911e+0, 0.00000e+0, 1.63662e+4, 0.00000e+0, 4.12957e+2, 0.00000e+0, 2.12387e+0, 0.00000e+0, 4.19828e+2, 0.00000e+0, 5.02056e+2, 0.00000e+0, 3.11754e+1, 0.00000e+0, 3.19539e+1, 0.00000e+0, 3.32617e+0, 0.00000e+0, 3.48453e+0, 0.00000e+0, 2.00000e+1, 0.00000e+0, 1.30000e+1, 0.00000e+0, 3, -1, Disabled
03/15/2023 15:30:54.353, 03/15/2023 15:30:54.291, 4.10959e+0, 0.00000e+0, 8.99101e+1, 0.00000e+0, 2.09526e+0, 0.00000e+0, 1.64603e+4, 0.00000e+0, 4.16117e+2, 0.00000e+0, 2.13033e+0, 0.00000e+0, 4.23081e+2, 0.00000e+0, 5.02029e+2, 0.00000e+0, 3.11594e+1, 0.00000e+0, 3.19629e+1, 0.00000e+0, 3.32726e+0, 0.00000e+0, 3.48602e+0, 0.00000e+0, 2.00000e+1, 0.00000e+0, 1.30000e+1, 0.00000e+0, 3, -1, Disabled
03/15/2023 15:30:55.348, 03/15/2023 15:30:55.286, 4.10952e+0, 0.00000e+0, 8.99003e+1, 0.00000e+0, 2.09977e+0, 0.00000e+0, 1.66833e+4, 0.00000e+0, 4.16477e+2, 0.00000e+0, 2.13539e+0, 0.00000e+0, 4.23543e+2, 0.00000e+0, 5.02060e+2, 0.00000e+0, 3.11523e+1, 0.00000e+0, 3.19603e+1, 0.00000e+0, 3.32737e+0, 0.00000e+0, 3.48564e+0, 0.00000e+0, 2.00000e+1, 0.00000e+0, 1.30000e+1, 0.00000e+0, 3, -1, Disabled
03/15/2023 15:30:56.346, 03/15/2023 15:30:56.281, 4.10923e+0, 0.00000e+0, 8.98562e+1, 0.00000e+0, 2.10279e+0, 0.00000e+0, 1.65766e+4, 0.00000e+0, 4.21202e+2, 0.00000e+0, 2.13824e+0, 0.00000e+0, 4.28301e+2, 0.00000e+0, 5.02009e+2, 0.00000e+0, 3.13843e+1, 0.00000e+0, 3.19539e+1, 0.00000e+0, 3.32695e+0, 0.00000e+0, 3.48473e+0, 0.00000e+0, 2.00000e+1, 0.00000e+0, 1.30000e+1, 0.00000e+0, 3, -1, Disabled
03/15/2023 15:30:57.345, 03/15/2023 15:30:57.275, 4.10985e+0, 0.00000e+0, 8.99486e+1, 0.00000e+0, 2.10053e+0, 0.00000e+0, 1.67919e+4, 0.00000e+0, 4.25687e+2, 0.00000e+0, 2.13641e+0, 0.00000e+0, 4.32957e+2, 0.00000e+0, 5.02033e+2, 0.00000e+0, 3.11447e+1, 0.00000e+0, 3.19577e+1, 0.00000e+0, 3.32637e+0, 0.00000e+0, 3.48399e+0, 0.00000e+0, 2.00000e+1, 0.00000e+0, 2.00000e+1, 0.00000e+0, 3, -1, Disabled
03/15/2023 15:30:58.334, 03/15/2023 15:30:58.271, 4.11012e+0, 0.00000e+0, 8.99878e+1, 0.00000e+0, 2.10405e+0, 0.00000e+0, 1.67814e+4, 0.00000e+0, 4.20038e+2, 0.00000e+0, 2.13997e+0, 0.00000e+0, 4.27207e+2, 0.00000e+0, 5.02067e+2, 0.00000e+0, 3.11524e+1, 0.00000e+0, 3.19621e+1, 0.00000e+0, 3.32653e+0, 0.00000e+0, 3.48537e+0, 0.00000e+0, 2.00000e+1, 0.00000e+0, 2.00000e+1, 0.00000e+0, 3, -1, Disabled
03/15/2023 15:30:59.320, 03/15/2023 15:30:59.265, 4.10993e+0, 0.00000e+0, 8.99599e+1, 0.00000e+0, 2.10375e+0, 0.00000e+0, 1.66630e+4, 0.00000e+0, 4.18759e+2, 0.00000e+0, 2.13940e+0, 0.00000e+0, 4.25855e+2, 0.00000e+0, 5.02062e+2, 0.00000e+0, 3.11414e+1, 0.00000e+0, 3.19543e+1, 0.00000e+0, 3.32684e+0, 0.00000e+0, 3.48472e+0, 0.00000e+0, 2.00000e+1, 0.00000e+0, 2.00000e+1, 0.00000e+0, 3, -1, Disabled
03/15/2023 15:31:00.312, 03/15/2023 15:31:00.260, 4.11011e+0, 0.00000e+0, 8.99872e+1, 0.00000e+0, 2.10472e+0, 0.00000e+0, 1.70295e+4, 0.00000e+0, 4.19876e+2, 0.00000e+0, 2.14118e+0, 0.00000e+0, 4.27150e+2, 0.00000e+0, 5.02074e+2, 0.00000e+0, 3.11556e+1, 0.00000e+0, 3.19670e+1, 0.00000e+0, 3.32740e+0, 0.00000e+0, 3.48500e+0, 0.00000e+0, 2.00000e+1, 0.00000e+0, 2.00000e+1, 0.00000e+0, 3, -1, Disabled
03/15/2023 15:31:01.317, 03/15/2023 15:31:01.253, 4.10992e+0, 0.00000e+0, 8.99584e+1, 0.00000e+0, 2.10419e+0, 0.00000e+0, 1.68638e+4, 0.00000e+0, 4.22429e+2, 0.00000e+0, 2.14028e+0, 0.00000e+0, 4.29675e+2, 0.00000e+0, 5.02093e+2, 0.00000e+0, 3.11747e+1, 0.00000e+0, 3.19590e+1, 0.00000e+0, 3.32620e+0, 0.00000e+0, 3.48522e+0, 0.00000e+0, 2.00000e+1, 0.00000e+0, 2.00000e+1, 0.00000e+0, 3, -1, Disabled
03/15/2023 15:31:02.316, 03/15/2023 15:31:02.249, 4.10963e+0, 0.00000e+0, 8.99160e+1, 0.00000e+0, 2.10496e+0, 0.00000e+0, 1.69757e+4, 0.00000e+0, 4.23628e+2, 0.00000e+0, 2.14131e+0, 0.00000e+0, 4.30943e+2, 0.00000e+0, 5.02079e+2, 0.00000e+0, 3.12022e+1, 0.00000e+0, 3.19486e+1, 0.00000e+0, 3.32657e+0, 0.00000e+0, 3.48391e+0, 0.00000e+0, 2.00000e+1, 0.00000e+0, 2.00000e+1, 0.00000e+0, 3, -1, Disabled
03/15/2023 15:31:03.301, 03/15/2023 15:31:03.244, 4.11010e+0, 0.00000e+0, 8.99856e+1, 0.00000e+0, 2.10392e+0, 0.00000e+0, 1.70333e+4, 0.00000e+0, 4.23072e+2, 0.00000e+0, 2.14038e+0, 0.00000e+0, 4.30403e+2, 0.00000e+0, 5.02067e+2, 0.00000e+0, 3.11684e+1, 0.00000e+0, 3.19654e+1, 0.00000e+0, 3.32675e+0, 0.00000e+0, 3.48543e+0, 0.00000e+0, 2.00000e+1, 0.00000e+0, 2.00000e+1, 0.00000e+0, 3, -1, Disabled
03/15/2023 15:31:04.306, 03/15/2023 15:31:04.237, 4.10994e+0, 0.00000e+0, 8.99620e+1, 0.00000e+0, 2.10755e+0, 0.00000e+0, 1.67435e+4, 0.00000e+0, 4.47158e+2, 0.00000e+0, 2.14344e+0, 0.00000e+0, 4.54772e+2, 0.00000e+0, 5.02077e+2, 0.00000e+0, 3.11796e+1, 0.00000e+0, 3.19560e+1, 0.00000e+0, 3.32623e+0, 0.00000e+0, 3.48456e+0, 0.00000e+0, 2.00000e+1, 0.00000e+0, 2.00000e+1, 0.00000e+0, 3, -1, Disabled
03/15/2023 15:31:05.287, 03/15/2023 15:31:05.231, 4.11017e+0, 0.00000e+0, 8.99950e+1, 0.00000e+0, 2.10759e+0, 0.00000e+0, 1.69499e+4, 0.00000e+0, 4.57240e+2, 0.00000e+0, 2.14393e+0, 0.00000e+0, 4.65124e+2, 0.00000e+0, 5.02026e+2, 0.00000e+0, 3.11958e+1, 0.00000e+0, 3.19473e+1, 0.00000e+0, 3.32632e+0, 0.00000e+0, 3.48461e+0, 0.00000e+0, 2.00000e+1, 0.00000e+0, 2.00000e+1, 0.00000e+0, 3, -1, Disabled
03/15/2023 15:31:06.283, 03/15/2023 15:31:06.228, 4.11009e+0, 0.00000e+0, 8.99840e+1, 0.00000e+0, 2.10571e+0, 0.00000e+0, 1.67745e+4, 0.00000e+0, 4.58524e+2, 0.00000e+0, 2.14164e+0, 0.00000e+0, 4.66346e+2, 0.00000e+0, 5.02109e+2, 0.00000e+0, 3.11951e+1, 0.00000e+0, 3.19423e+1, 0.00000e+0, 3.32626e+0, 0.00000e+0, 3.48457e+0, 0.00000e+0, 2.00000e+1, 0.00000e+0, 2.00000e+1, 0.00000e+0, 3, -1, Disabled
03/15/2023 15:31:07.277, 03/15/2023 15:31:07.221, 4.10991e+0, 0.00000e+0, 8.99566e+1, 0.00000e+0, 2.10387e+0, 0.00000e+0, 1.67958e+4, 0.00000e+0, 4.45160e+2, 0.00000e+0, 2.13981e+0, 0.00000e+0, 4.52765e+2, 0.00000e+0, 5.02097e+2, 0.00000e+0, 3.11802e+1, 0.00000e+0, 3.19368e+1, 0.00000e+0, 3.32642e+0, 0.00000e+0, 3.48572e+0, 0.00000e+0, 2.00000e+1, 0.00000e+0, 2.00000e+1, 0.00000e+0, 3, -1, Disabled
03/15/2023 15:31:08.267, 03/15/2023 15:31:08.215, 4.10957e+0, 0.00000e+0, 8.99076e+1, 0.00000e+0, 2.10603e+0, 0.00000e+0, 1.68404e+4, 0.00000e+0, 4.32574e+2, 0.00000e+0, 2.14210e+0, 0.00000e+0, 4.39983e+2, 0.00000e+0, 5.02097e+2, 0.00000e+0, 3.12355e+1, 0.00000e+0, 3.19256e+1, 0.00000e+0, 3.32598e+0, 0.00000e+0, 3.48516e+0, 0.00000e+0, 2.00000e+1, 0.00000e+0, 2.00000e+1, 0.00000e+0, 3, -1, Disabled
03/15/2023 15:31:09.265, 03/15/2023 15:31:09.209, 4.10951e+0, 0.00000e+0, 8.98985e+1, 0.00000e+0, 2.10459e+0, 0.00000e+0, 1.69376e+4, 0.00000e+0, 4.25370e+2, 0.00000e+0, 2.14085e+0, 0.00000e+0, 4.32699e+2, 0.00000e+0, 5.02030e+2, 0.00000e+0, 3.12624e+1, 0.00000e+0, 3.19334e+1, 0.00000e+0, 3.32566e+0, 0.00000e+0, 3.48453e+0, 0.00000e+0, 2.00000e+1, 0.00000e+0, 2.00000e+1, 0.00000e+0, 3, -1, Disabled
03/15/2023 15:31:10.254, 03/15/2023 15:31:10.204, 4.10931e+0, 0.00000e+0, 8.98686e+1, 0.00000e+0, 2.10677e+0, 0.00000e+0, 1.69969e+4, 0.00000e+0, 4.24695e+2, 0.00000e+0, 2.14319e+0, 0.00000e+0, 4.32038e+2, 0.00000e+0, 5.02084e+2, 0.00000e+0, 3.12986e+1, 0.00000e+0, 3.19326e+1, 0.00000e+0, 3.32665e+0, 0.00000e+0, 3.48412e+0, 0.00000e+0, 2.00000e+1, 0.00000e+0, 2.00000e+1, 0.00000e+0, 3, -1, Disabled
03/15/2023 15:31:11.252, 03/15/2023 15:31:11.198, 4.10950e+0, 0.00000e+0, 8.98973e+1, 0.00000e+0, 2.10456e+0, 0.00000e+0, 1.70023e+4, 0.00000e+0, 4.27368e+2, 0.00000e+0, 2.14096e+0, 0.00000e+0, 4.34760e+2, 0.00000e+0, 5.02037e+2, 0.00000e+0, 3.12172e+1, 0.00000e+0, 3.19193e+1, 0.00000e+0, 3.32619e+0, 0.00000e+0, 3.48397e+0, 0.00000e+0, 2.00000e+1, 0.00000e+0, 2.00000e+1, 0.00000e+0, 3, -1, Disabled
03/15/2023 15:31:12.260, 03/15/2023 15:31:12.194, 4.10920e+0, 0.00000e+0, 8.98526e+1, 0.00000e+0, 2.10780e+0, 0.00000e+0, 1.69109e+4, 0.00000e+0, 4.21590e+2, 0.00000e+0, 2.14405e+0, 0.00000e+0, 4.28842e+2, 0.00000e+0, 5.02084e+2, 0.00000e+0, 3.12387e+1, 0.00000e+0, 3.19083e+1, 0.00000e+0, 3.32499e+0, 0.00000e+0, 3.48320e+0, 0.00000e+0, 2.00000e+1, 0.00000e+0, 2.00000e+1, 0.00000e+0, 3, -1, Disabled
03/15/2023 15:31:13.243, 03/15/2023 15:31:13.188, 4.10884e+0, 0.00000e+0, 8.98001e+1, 0.00000e+0, 2.10742e+0, 0.00000e+0, 1.69695e+4, 0.00000e+0, 4.18889e+2, 0.00000e+0, 2.14380e+0, 0.00000e+0, 4.26120e+2, 0.00000e+0, 5.02029e+2, 0.00000e+0, 3.13325e+1, 0.00000e+0, 3.19008e+1, 0.00000e+0, 3.32600e+0, 0.00000e+0, 3.48413e+0, 0.00000e+0, 2.00000e+1, 0.00000e+0, 2.00000e+1, 0.00000e+0, 3, -1, Disabled
03/15/2023 15:31:14.259, 03/15/2023 15:31:14.182, 4.10916e+0, 0.00000e+0, 8.98469e+1, 0.00000e+0, 2.10822e+0, 0.00000e+0, 1.70699e+4, 0.00000e+0, 4.17958e+2, 0.00000e+0, 2.14483e+0, 0.00000e+0, 4.25216e+2, 0.00000e+0, 5.02016e+2, 0.00000e+0, 3.12153e+1, 0.00000e+0, 3.19108e+1, 0.00000e+0, 3.32582e+0, 0.00000e+0, 3.48407e+0, 0.00000e+0, 2.00000e+1, 0.00000e+0, 2.00000e+1, 0.00000e+0, 3, -1, Disabled
03/15/2023 15:31:15.232, 03/15/2023 15:31:15.177, 4.11019e+0, 0.00000e+0, 8.99985e+1, 0.00000e+0, 2.10598e+0, 0.00000e+0, 1.70255e+4, 0.00000e+0, 4.19616e+2, 0.00000e+0, 2.14245e+0, 0.00000e+0, 4.26884e+2, 0.00000e+0, 5.02190e+2, 0.00000e+0, 3.11993e+1, 0.00000e+0, 3.19387e+1, 0.00000e+0, 3.32620e+0, 0.00000e+0, 3.48482e+0, 0.00000e+0, 2.00000e+1, 0.00000e+0, 2.00000e+1, 0.00000e+0, 3, -1, Disabled
03/15/2023 15:31:16.248, 03/15/2023 15:31:16.171, 4.11033e+0, 0.00000e+0, 9.00198e+1, 0.00000e+0, 2.11583e+0, 0.00000e+0, 1.69996e+4, 0.00000e+0, 4.18704e+2, 0.00000e+0, 2.15242e+0, 0.00000e+0, 4.25945e+2, 0.00000e+0, 5.02105e+2, 0.00000e+0, 3.11824e+1, 0.00000e+0, 3.19375e+1, 0.00000e+0, 3.32626e+0, 0.00000e+0, 3.48381e+0, 0.00000e+0, 2.00000e+1, 0.00000e+0, 2.00000e+1, 0.00000e+0, 3, -1, Disabled
03/15/2023 15:31:17.225, 03/15/2023 15:31:17.166, 4.11002e+0, 0.00000e+0, 8.99733e+1, 0.00000e+0, 2.11006e+0, 0.00000e+0, 1.69896e+4, 0.00000e+0, 4.18726e+2, 0.00000e+0, 2.14652e+0, 0.00000e+0, 4.25963e+2, 0.00000e+0, 5.02098e+2, 0.00000e+0, 3.11736e+1, 0.00000e+0, 3.19195e+1, 0.00000e+0, 3.32582e+0, 0.00000e+0, 3.48468e+0, 0.00000e+0, 2.00000e+1, 0.00000e+0, 2.00000e+1, 0.00000e+0, 3, -1, Disabled
03/15/2023 15:31:18.216, 03/15/2023 15:31:18.161, 4.11022e+0, 0.00000e+0, 9.00023e+1, 0.00000e+0, 2.10828e+0, 0.00000e+0, 1.68919e+4, 0.00000e+0, 4.19042e+2, 0.00000e+0, 2.14450e+0, 0.00000e+0, 4.26242e+2, 0.00000e+0, 5.02124e+2, 0.00000e+0, 3.12194e+1, 0.00000e+0, 3.19213e+1, 0.00000e+0, 3.32620e+0, 0.00000e+0, 3.48511e+0, 0.00000e+0, 2.00000e+1, 0.00000e+0, 2.00000e+1, 0.00000e+0, 3, -1, Disabled
03/15/2023 15:31:19.217, 03/15/2023 15:31:19.155, 4.11038e+0, 0.00000e+0, 9.00267e+1, 0.00000e+0, 2.10927e+0, 0.00000e+0, 1.66581e+4, 0.00000e+0, 4.19102e+2, 0.00000e+0, 2.14500e+0, 0.00000e+0, 4.26202e+2, 0.00000e+0, 5.02150e+2, 0.00000e+0, 3.11764e+1, 0.00000e+0, 3.19203e+1, 0.00000e+0, 3.32536e+0, 0.00000e+0, 3.48409e+0, 0.00000e+0, 2.00000e+1, 0.00000e+0, 2.00000e+1, 0.00000e+0, 3, -1, Disabled
03/15/2023 15:31:20.225, 03/15/2023 15:31:20.150, 4.11044e+0, 0.00000e+0, 9.00360e+1, 0.00000e+0, 2.10958e+0, 0.00000e+0, 1.69424e+4, 0.00000e+0, 4.17802e+2, 0.00000e+0, 2.14594e+0, 0.00000e+0, 4.25003e+2, 0.00000e+0, 5.02140e+2, 0.00000e+0, 3.12177e+1, 0.00000e+0, 3.19188e+1, 0.00000e+0, 3.32569e+0, 0.00000e+0, 3.48408e+0, 0.00000e+0, 2.00000e+1, 0.00000e+0, 2.00000e+1, 0.00000e+0, 3, -1, Disabled
03/15/2023 15:31:21.200, 03/15/2023 15:31:21.145, 4.11036e+0, 0.00000e+0, 9.00241e+1, 0.00000e+0, 2.10873e+0, 0.00000e+0, 1.68920e+4, 0.00000e+0, 4.19807e+2, 0.00000e+0, 2.14497e+0, 0.00000e+0, 4.27020e+2, 0.00000e+0, 5.02127e+2, 0.00000e+0, 3.12336e+1, 0.00000e+0, 3.19102e+1, 0.00000e+0, 3.32564e+0, 0.00000e+0, 3.48350e+0, 0.00000e+0, 2.00000e+1, 0.00000e+0, 2.00000e+1, 0.00000e+0, 3, -1, Disabled
03/15/2023 15:31:22.194, 03/15/2023 15:31:22.138, 4.11035e+0, 0.00000e+0, 9.00223e+1, 0.00000e+0, 2.10637e+0, 0.00000e+0, 1.67168e+4, 0.00000e+0, 4.19547e+2, 0.00000e+0, 2.14218e+0, 0.00000e+0, 4.26680e+2, 0.00000e+0, 5.02046e+2, 0.00000e+0, 3.12089e+1, 0.00000e+0, 3.19041e+1, 0.00000e+0, 3.32683e+0, 0.00000e+0, 3.48495e+0, 0.00000e+0, 2.00000e+1, 0.00000e+0, 2.00000e+1, 0.00000e+0, 3, -1, Disabled
03/15/2023 15:31:23.191, 03/15/2023 15:31:23.134, 4.11031e+0, 0.00000e+0, 9.00168e+1, 0.00000e+0, 2.11052e+0, 0.00000e+0, 1.66145e+4, 0.00000e+0, 4.19456e+2, 0.00000e+0, 2.14618e+0, 0.00000e+0, 4.26543e+2, 0.00000e+0, 5.02143e+2, 0.00000e+0, 3.12148e+1, 0.00000e+0, 3.18970e+1, 0.00000e+0, 3.32553e+0, 0.00000e+0, 3.48449e+0, 0.00000e+0, 2.00000e+1, 0.00000e+0, 2.00000e+1, 0.00000e+0, 3, -1, Disabled
03/15/2023 15:31:24.182, 03/15/2023 15:31:24.128, 4.10989e+0, 0.00000e+0, 8.99547e+1, 0.00000e+0, 2.10982e+0, 0.00000e+0, 1.66487e+4, 0.00000e+0, 4.19339e+2, 0.00000e+0, 2.14554e+0, 0.00000e+0, 4.26438e+2, 0.00000e+0, 5.02080e+2, 0.00000e+0, 3.12133e+1, 0.00000e+0, 3.19023e+1, 0.00000e+0, 3.32465e+0, 0.00000e+0, 3.48332e+0, 0.00000e+0, 2.00000e+1, 0.00000e+0, 2.00000e+1, 0.00000e+0, 3, -1, Disabled
03/15/2023 15:31:25.182, 03/15/2023 15:31:25.122, 4.11009e+0, 0.00000e+0, 8.99844e+1, 0.00000e+0, 2.11668e+0, 0.00000e+0, 1.69632e+4, 0.00000e+0, 4.18756e+2, 0.00000e+0, 2.15321e+0, 0.00000e+0, 4.25982e+2, 0.00000e+0, 5.02104e+2, 0.00000e+0, 3.12644e+1, 0.00000e+0, 3.18972e+1, 0.00000e+0, 3.32618e+0, 0.00000e+0, 3.48435e+0, 0.00000e+0, 2.00000e+1, 0.00000e+0, 2.00000e+1, 0.00000e+0, 3, -1, Disabled
03/15/2023 15:31:26.178, 03/15/2023 15:31:26.117, 4.11029e+0, 0.00000e+0, 9.00140e+1, 0.00000e+0, 2.11672e+0, 0.00000e+0, 1.74214e+4, 0.00000e+0, 4.19324e+2, 0.00000e+0, 2.15425e+0, 0.00000e+0, 4.26759e+2, 0.00000e+0, 5.02094e+2, 0.00000e+0, 3.12038e+1, 0.00000e+0, 3.18964e+1, 0.00000e+0, 3.32547e+0, 0.00000e+0, 3.48402e+0, 0.00000e+0, 2.00000e+1, 0.00000e+0, 2.00000e+1, 0.00000e+0, 3, -1, Disabled
03/15/2023 15:31:27.169, 03/15/2023 15:31:27.111, 4.11018e+0, 0.00000e+0, 8.99966e+1, 0.00000e+0, 2.10742e+0, 0.00000e+0, 1.73376e+4, 0.00000e+0, 4.18912e+2, 0.00000e+0, 2.14460e+0, 0.00000e+0, 4.26303e+2, 0.00000e+0, 5.02091e+2, 0.00000e+0, 3.12021e+1, 0.00000e+0, 3.18957e+1, 0.00000e+0, 3.32566e+0, 0.00000e+0, 3.48389e+0, 0.00000e+0, 2.00000e+1, 0.00000e+0, 2.00000e+1, 0.00000e+0, 3, -1, Disabled
03/15/2023 15:31:28.164, 03/15/2023 15:31:28.106, 4.10990e+0, 0.00000e+0, 8.99564e+1, 0.00000e+0, 2.11243e+0, 0.00000e+0, 1.71083e+4, 0.00000e+0, 4.19302e+2, 0.00000e+0, 2.14920e+0, 0.00000e+0, 4.26601e+2, 0.00000e+0, 5.02062e+2, 0.00000e+0, 3.12112e+1, 0.00000e+0, 3.18897e+1, 0.00000e+0, 3.32534e+0, 0.00000e+0, 3.48358e+0, 0.00000e+0, 2.00000e+1, 0.00000e+0, 2.00000e+1, 0.00000e+0, 3, -1, Disabled
03/15/2023 15:31:29.166, 03/15/2023 15:31:29.107, 4.11012e+0, 0.00000e+0, 8.99884e+1, 0.00000e+0, 2.10855e+0, 0.00000e+0, 1.69895e+4, 0.00000e+0, 4.19730e+2, 0.00000e+0, 2.14499e+0, 0.00000e+0, 4.26984e+2, 0.00000e+0, 5.02082e+2, 0.00000e+0, 3.12232e+1, 0.00000e+0, 3.18886e+1, 0.00000e+0, 3.32607e+0, 0.00000e+0, 3.48366e+0, 0.00000e+0, 2.00000e+1, 0.00000e+0, 2.00000e+1, 0.00000e+0, 3, -1, Disabled
03/15/2023 15:31:30.160, 03/15/2023 15:31:30.101, 4.11044e+0, 0.00000e+0, 9.00349e+1, 0.00000e+0, 2.10706e+0, 0.00000e+0, 1.66743e+4, 0.00000e+0, 4.19642e+2, 0.00000e+0, 2.14279e+0, 0.00000e+0, 4.26758e+2, 0.00000e+0, 5.02102e+2, 0.00000e+0, 3.12045e+1, 0.00000e+0, 3.18800e+1, 0.00000e+0, 3.32541e+0, 0.00000e+0, 3.48369e+0, 0.00000e+0, 2.00000e+1, 0.00000e+0, 2.00000e+1, 0.00000e+0, 3, -1, Disabled
03/15/2023 15:31:31.152, 03/15/2023 15:31:31.096, 4.11008e+0, 0.00000e+0, 8.99828e+1, 0.00000e+0, 2.10999e+0, 0.00000e+0, 1.62563e+4, 0.00000e+0, 4.19941e+2, 0.00000e+0, 2.14486e+0, 0.00000e+0, 4.26880e+2, 0.00000e+0, 5.02067e+2, 0.00000e+0, 3.12536e+1, 0.00000e+0, 3.18731e+1, 0.00000e+0, 3.32645e+0, 0.00000e+0, 3.48410e+0, 0.00000e+0, 2.00000e+1, 0.00000e+0, 2.00000e+1, 0.00000e+0, 3, -1, Disabled
03/15/2023 15:31:32.149, 03/15/2023 15:31:32.091, 4.11040e+0, 0.00000e+0, 9.00288e+1, 0.00000e+0, 2.10848e+0, 0.00000e+0, 1.65717e+4, 0.00000e+0, 4.18724e+2, 0.00000e+0, 2.14401e+0, 0.00000e+0, 4.25780e+2, 0.00000e+0, 5.02136e+2, 0.00000e+0, 3.12061e+1, 0.00000e+0, 3.18745e+1, 0.00000e+0, 3.32536e+0, 0.00000e+0, 3.48344e+0, 0.00000e+0, 2.00000e+1, 0.00000e+0, 2.00000e+1, 0.00000e+0, 3, -1, Disabled
03/15/2023 15:31:33.144, 03/15/2023 15:31:33.086, 4.11028e+0, 0.00000e+0, 9.00121e+1, 0.00000e+0, 2.10821e+0, 0.00000e+0, 1.67014e+4, 0.00000e+0, 4.20069e+2, 0.00000e+0, 2.14402e+0, 0.00000e+0, 4.27204e+2, 0.00000e+0, 5.02145e+2, 0.00000e+0, 3.11890e+1, 0.00000e+0, 3.18831e+1, 0.00000e+0, 3.32588e+0, 0.00000e+0, 3.48327e+0, 0.00000e+0, 2.00000e+1, 0.00000e+0, 2.00000e+1, 0.00000e+0, 3, -1, Disabled
03/15/2023 15:31:34.169, 03/15/2023 15:31:34.080, 4.11029e+0, 0.00000e+0, 9.00136e+1, 0.00000e+0, 2.10797e+0, 0.00000e+0, 1.67254e+4, 0.00000e+0, 4.19159e+2, 0.00000e+0, 2.14383e+0, 0.00000e+0, 4.26288e+2, 0.00000e+0, 5.02153e+2, 0.00000e+0, 3.11936e+1, 0.00000e+0, 3.18853e+1, 0.00000e+0, 3.32635e+0, 0.00000e+0, 3.48417e+0, 0.00000e+0, 2.00000e+1, 0.00000e+0, 2.00000e+1, 0.00000e+0, 3, -1, Disabled
03/15/2023 15:31:35.127, 03/15/2023 15:31:35.074, 4.11007e+0, 0.00000e+0, 8.99814e+1, 0.00000e+0, 2.10589e+0, 0.00000e+0, 1.64211e+4, 0.00000e+0, 4.19048e+2, 0.00000e+0, 2.14105e+0, 0.00000e+0, 4.26044e+2, 0.00000e+0, 5.02185e+2, 0.00000e+0, 3.12046e+1, 0.00000e+0, 3.18953e+1, 0.00000e+0, 3.32638e+0, 0.00000e+0, 3.48378e+0, 0.00000e+0, 2.00000e+1, 0.00000e+0, 2.00000e+1, 0.00000e+0, 3, -1, Disabled
03/15/2023 15:31:36.128, 03/15/2023 15:31:36.070, 4.11020e+0, 0.00000e+0, 8.99997e+1, 0.00000e+0, 2.10873e+0, 0.00000e+0, 1.65468e+4, 0.00000e+0, 4.18515e+2, 0.00000e+0, 2.14421e+0, 0.00000e+0, 4.25557e+2, 0.00000e+0, 5.02110e+2, 0.00000e+0, 3.12387e+1, 0.00000e+0, 3.18942e+1, 0.00000e+0, 3.32632e+0, 0.00000e+0, 3.48394e+0, 0.00000e+0, 2.00000e+1, 0.00000e+0, 2.00000e+1, 0.00000e+0, 3, -1, Disabled
03/15/2023 15:31:37.125, 03/15/2023 15:31:37.063, 4.11020e+0, 0.00000e+0, 8.99999e+1, 0.00000e+0, 2.10710e+0, 0.00000e+0, 1.67376e+4, 0.00000e+0, 4.19472e+2, 0.00000e+0, 2.14297e+0, 0.00000e+0, 4.26612e+2, 0.00000e+0, 5.02089e+2, 0.00000e+0, 3.12102e+1, 0.00000e+0, 3.18863e+1, 0.00000e+0, 3.32670e+0, 0.00000e+0, 3.48511e+0, 0.00000e+0, 2.00000e+1, 0.00000e+0, 2.00000e+1, 0.00000e+0, 3, -1, Disabled
03/15/2023 15:31:38.117, 03/15/2023 15:31:38.059, 4.10994e+0, 0.00000e+0, 8.99615e+1, 0.00000e+0, 2.10851e+0, 0.00000e+0, 1.69391e+4, 0.00000e+0, 4.19427e+2, 0.00000e+0, 2.14484e+0, 0.00000e+0, 4.26654e+2, 0.00000e+0, 5.02058e+2, 0.00000e+0, 3.12410e+1, 0.00000e+0, 3.18821e+1, 0.00000e+0, 3.32673e+0, 0.00000e+0, 3.48379e+0, 0.00000e+0, 2.00000e+1, 0.00000e+0, 2.00000e+1, 0.00000e+0, 3, -1, Disabled
03/15/2023 15:31:39.109, 03/15/2023 15:31:39.053, 4.11021e+0, 0.00000e+0, 9.00012e+1, 0.00000e+0, 2.10782e+0, 0.00000e+0, 1.69018e+4, 0.00000e+0, 4.18743e+2, 0.00000e+0, 2.14406e+0, 0.00000e+0, 4.25943e+2, 0.00000e+0, 5.02032e+2, 0.00000e+0, 3.12173e+1, 0.00000e+0, 3.18845e+1, 0.00000e+0, 3.32514e+0, 0.00000e+0, 3.48487e+0, 0.00000e+0, 2.00000e+1, 0.00000e+0, 2.00000e+1, 0.00000e+0, 3, -1, Disabled
03/15/2023 15:31:40.115, 03/15/2023 15:31:40.056, 4.11009e+0, 0.00000e+0, 8.99834e+1, 0.00000e+0, 2.10627e+0, 0.00000e+0, 1.64931e+4, 0.00000e+0, 4.19179e+2, 0.00000e+0, 2.14160e+0, 0.00000e+0, 4.26209e+2, 0.00000e+0, 5.02027e+2, 0.00000e+0, 3.12136e+1, 0.00000e+0, 3.18629e+1, 0.00000e+0, 3.32769e+0, 0.00000e+0, 3.48391e+0, 0.00000e+0, 2.00000e+1, 0.00000e+0, 2.00000e+1, 0.00000e+0, 3, -1, Disabled
03/15/2023 15:31:41.107, 03/15/2023 15:31:41.048, 4.11019e+0, 0.00000e+0, 8.99979e+1, 0.00000e+0, 2.10911e+0, 0.00000e+0, 1.63774e+4, 0.00000e+0, 4.18820e+2, 0.00000e+0, 2.14422e+0, 0.00000e+0, 4.25793e+2, 0.00000e+0, 5.02057e+2, 0.00000e+0, 3.12216e+1, 0.00000e+0, 3.18586e+1, 0.00000e+0, 3.32680e+0, 0.00000e+0, 3.48533e+0, 0.00000e+0, 2.00000e+1, 0.00000e+0, 2.00000e+1, 0.00000e+0, 3, -1, Disabled
03/15/2023 15:31:42.102, 03/15/2023 15:31:42.043, 4.10993e+0, 0.00000e+0, 8.99602e+1, 0.00000e+0, 2.10967e+0, 0.00000e+0, 1.64605e+4, 0.00000e+0, 4.19735e+2, 0.00000e+0, 2.14498e+0, 0.00000e+0, 4.26760e+2, 0.00000e+0, 5.01995e+2, 0.00000e+0, 3.12165e+1, 0.00000e+0, 3.18311e+1, 0.00000e+0, 3.32610e+0, 0.00000e+0, 3.48378e+0, 0.00000e+0, 2.00000e+1, 0.00000e+0, 2.00000e+1, 0.00000e+0, 3, -1, Disabled
03/15/2023 15:31:43.091, 03/15/2023 15:31:43.039, 4.10991e+0, 0.00000e+0, 8.99579e+1, 0.00000e+0, 2.10941e+0, 0.00000e+0, 1.64817e+4, 0.00000e+0, 4.19723e+2, 0.00000e+0, 2.14476e+0, 0.00000e+0, 4.26757e+2, 0.00000e+0, 5.02061e+2, 0.00000e+0, 3.12453e+1, 0.00000e+0, 3.18262e+1, 0.00000e+0, 3.32736e+0, 0.00000e+0, 3.48486e+0, 0.00000e+0, 2.00000e+1, 0.00000e+0, 2.00000e+1, 0.00000e+0, 3, -1, Disabled
03/15/2023 15:31:44.091, 03/15/2023 15:31:44.032, 4.10989e+0, 0.00000e+0, 8.99545e+1, 0.00000e+0, 2.11025e+0, 0.00000e+0, 1.65431e+4, 0.00000e+0, 4.19504e+2, 0.00000e+0, 2.14575e+0, 0.00000e+0, 4.26561e+2, 0.00000e+0, 5.02117e+2, 0.00000e+0, 3.12997e+1, 0.00000e+0, 3.18158e+1, 0.00000e+0, 3.32631e+0, 0.00000e+0, 3.48455e+0, 0.00000e+0, 2.00000e+1, 0.00000e+0, 2.00000e+1, 0.00000e+0, 3, -1, Disabled
03/15/2023 15:31:45.087, 03/15/2023 15:31:45.026, 4.11031e+0, 0.00000e+0, 9.00168e+1, 0.00000e+0, 2.10794e+0, 0.00000e+0, 1.63474e+4, 0.00000e+0, 4.19534e+2, 0.00000e+0, 2.14298e+0, 0.00000e+0, 4.26506e+2, 0.00000e+0, 5.02041e+2, 0.00000e+0, 3.12208e+1, 0.00000e+0, 3.18334e+1, 0.00000e+0, 3.32735e+0, 0.00000e+0, 3.48439e+0, 0.00000e+0, 2.00000e+1, 0.00000e+0, 2.00000e+1, 0.00000e+0, 3, -1, Disabled
03/15/2023 15:31:46.075, 03/15/2023 15:31:46.021, 4.11053e+0, 0.00000e+0, 9.00489e+1, 0.00000e+0, 2.10835e+0, 0.00000e+0, 1.64266e+4, 0.00000e+0, 4.18993e+2, 0.00000e+0, 2.14357e+0, 0.00000e+0, 4.25991e+2, 0.00000e+0, 5.02104e+2, 0.00000e+0, 3.12216e+1, 0.00000e+0, 3.18345e+1, 0.00000e+0, 3.32653e+0, 0.00000e+0, 3.48443e+0, 0.00000e+0, 2.00000e+1, 0.00000e+0, 2.00000e+1, 0.00000e+0, 3, -1, Disabled
03/15/2023 15:31:47.072, 03/15/2023 15:31:47.017, 4.11004e+0, 0.00000e+0, 8.99758e+1, 0.00000e+0, 2.11114e+0, 0.00000e+0, 1.67174e+4, 0.00000e+0, 4.19660e+2, 0.00000e+0, 2.14703e+0, 0.00000e+0, 4.26794e+2, 0.00000e+0, 5.02106e+2, 0.00000e+0, 3.12025e+1, 0.00000e+0, 3.18309e+1, 0.00000e+0, 3.32609e+0, 0.00000e+0, 3.48610e+0, 0.00000e+0, 2.00000e+1, 0.00000e+0, 2.00000e+1, 0.00000e+0, 3, -1, Disabled
03/15/2023 15:31:48.067, 03/15/2023 15:31:48.010, 4.11026e+0, 0.00000e+0, 9.00082e+1, 0.00000e+0, 2.10757e+0, 0.00000e+0, 1.66586e+4, 0.00000e+0, 4.19238e+2, 0.00000e+0, 2.14328e+0, 0.00000e+0, 4.26341e+2, 0.00000e+0, 5.02081e+2, 0.00000e+0, 3.12379e+1, 0.00000e+0, 3.18338e+1, 0.00000e+0, 3.32763e+0, 0.00000e+0, 3.48477e+0, 0.00000e+0, 2.00000e+1, 0.00000e+0, 2.00000e+1, 0.00000e+0, 3, -1, Disabled
03/15/2023 15:31:49.061, 03/15/2023 15:31:49.004, 4.11013e+0, 0.00000e+0, 8.99892e+1, 0.00000e+0, 2.10899e+0, 0.00000e+0, 1.66684e+4, 0.00000e+0, 4.19355e+2, 0.00000e+0, 2.14474e+0, 0.00000e+0, 4.26464e+2, 0.00000e+0, 5.02081e+2, 0.00000e+0, 3.12270e+1, 0.00000e+0, 3.18257e+1, 0.00000e+0, 3.32574e+0, 0.00000e+0, 3.48318e+0, 0.00000e+0, 2.00000e+1, 0.00000e+0, 2.00000e+1, 0.00000e+0, 3, -1, Disabled
03/15/2023 15:31:50.051, 03/15/2023 15:31:50.000, 4.11006e+0, 0.00000e+0, 8.99789e+1, 0.00000e+0, 2.10855e+0, 0.00000e+0, 1.68112e+4, 0.00000e+0, 4.19594e+2, 0.00000e+0, 2.14460e+0, 0.00000e+0, 4.26769e+2, 0.00000e+0, 5.02071e+2, 0.00000e+0, 3.12209e+1, 0.00000e+0, 3.18201e+1, 0.00000e+0, 3.32664e+0, 0.00000e+0, 3.48299e+0, 0.00000e+0, 2.00000e+1, 0.00000e+0, 2.00000e+1, 0.00000e+0, 3, -1, Disabled
03/15/2023 15:31:51.055, 03/15/2023 15:31:50.994, 4.11008e+0, 0.00000e+0, 8.99829e+1, 0.00000e+0, 2.10966e+0, 0.00000e+0, 1.67810e+4, 0.00000e+0, 4.19425e+2, 0.00000e+0, 2.14567e+0, 0.00000e+0, 4.26584e+2, 0.00000e+0, 5.02091e+2, 0.00000e+0, 3.12120e+1, 0.00000e+0, 3.18135e+1, 0.00000e+0, 3.32591e+0, 0.00000e+0, 3.48582e+0, 0.00000e+0, 2.00000e+1, 0.00000e+0, 2.00000e+1, 0.00000e+0, 3, -1, Disabled
03/15/2023 15:31:52.042, 03/15/2023 15:31:51.988, 4.11026e+0, 0.00000e+0, 9.00082e+1, 0.00000e+0, 2.10751e+0, 0.00000e+0, 1.77278e+4, 0.00000e+0, 4.19775e+2, 0.00000e+0, 2.14554e+0, 0.00000e+0, 4.27351e+2, 0.00000e+0, 5.02087e+2, 0.00000e+0, 3.12211e+1, 0.00000e+0, 3.18187e+1, 0.00000e+0, 3.32615e+0, 0.00000e+0, 3.48418e+0, 0.00000e+0, 2.00000e+1, 0.00000e+0, 2.00000e+1, 0.00000e+0, 3, -1, Disabled
03/15/2023 15:31:53.044, 03/15/2023 15:31:52.984, 4.11024e+0, 0.00000e+0, 9.00055e+1, 0.00000e+0, 2.10839e+0, 0.00000e+0, 1.80168e+4, 0.00000e+0, 4.18127e+2, 0.00000e+0, 2.14708e+0, 0.00000e+0, 4.25798e+2, 0.00000e+0, 5.02106e+2, 0.00000e+0, 3.12487e+1, 0.00000e+0, 3.18125e+1, 0.00000e+0, 3.32554e+0, 0.00000e+0, 3.48341e+0, 0.00000e+0, 2.00000e+1, 0.00000e+0, 2.00000e+1, 0.00000e+0, 3, -1, Disabled
03/15/2023 15:31:54.053, 03/15/2023 15:31:53.978, 4.10991e+0, 0.00000e+0, 8.99567e+1, 0.00000e+0, 2.10574e+0, 0.00000e+0, 1.75938e+4, 0.00000e+0, 4.18116e+2, 0.00000e+0, 2.14345e+0, 0.00000e+0, 4.25604e+2, 0.00000e+0, 5.02096e+2, 0.00000e+0, 3.12401e+1, 0.00000e+0, 3.18087e+1, 0.00000e+0, 3.32673e+0, 0.00000e+0, 3.48436e+0, 0.00000e+0, 2.00000e+1, 0.00000e+0, 2.00000e+1, 0.00000e+0, 3, -1, Disabled
03/15/2023 15:31:55.027, 03/15/2023 15:31:54.971, 4.11006e+0, 0.00000e+0, 8.99788e+1, 0.00000e+0, 2.10761e+0, 0.00000e+0, 1.71793e+4, 0.00000e+0, 4.20028e+2, 0.00000e+0, 2.14445e+0, 0.00000e+0, 4.27370e+2, 0.00000e+0, 5.02083e+2, 0.00000e+0, 3.12408e+1, 0.00000e+0, 3.18158e+1, 0.00000e+0, 3.32674e+0, 0.00000e+0, 3.48460e+0, 0.00000e+0, 2.00000e+1, 0.00000e+0, 2.00000e+1, 0.00000e+0, 3, -1, Disabled
03/15/2023 15:31:56.022, 03/15/2023 15:31:55.966, 4.11008e+0, 0.00000e+0, 8.99820e+1, 0.00000e+0, 2.10890e+0, 0.00000e+0, 1.70128e+4, 0.00000e+0, 4.20075e+2, 0.00000e+0, 2.14540e+0, 0.00000e+0, 4.27345e+2, 0.00000e+0, 5.02103e+2, 0.00000e+0, 3.12610e+1, 0.00000e+0, 3.18116e+1, 0.00000e+0, 3.32614e+0, 0.00000e+0, 3.48528e+0, 0.00000e+0, 2.00000e+1, 0.00000e+0, 2.00000e+1, 0.00000e+0, 3, -1, Disabled
03/15/2023 15:31:57.014, 03/15/2023 15:31:56.961, 4.10999e+0, 0.00000e+0, 8.99693e+1, 0.00000e+0, 2.10991e+0, 0.00000e+0, 1.66944e+4, 0.00000e+0, 4.19936e+2, 0.00000e+0, 2.14573e+0, 0.00000e+0, 4.27066e+2, 0.00000e+0, 5.02072e+2, 0.00000e+0, 3.12631e+1, 0.00000e+0, 3.18119e+1, 0.00000e+0, 3.32554e+0, 0.00000e+0, 3.48596e+0, 0.00000e+0, 2.00000e+1, 0.00000e+0, 2.00000e+1, 0.00000e+0, 3, -1, Disabled
03/15/2023 15:31:58.015, 03/15/2023 15:31:57.955, 4.11009e+0, 0.00000e+0, 8.99833e+1, 0.00000e+0, 2.11068e+0, 0.00000e+0, 1.65593e+4, 0.00000e+0, 4.19763e+2, 0.00000e+0, 2.14622e+0, 0.00000e+0, 4.26831e+2, 0.00000e+0, 5.02095e+2, 0.00000e+0, 3.12374e+1, 0.00000e+0, 3.18213e+1, 0.00000e+0, 3.32534e+0, 0.00000e+0, 3.48530e+0, 0.00000e+0, 2.00000e+1, 0.00000e+0, 2.00000e+1, 0.00000e+0, 3, -1, Disabled
03/15/2023 15:31:59.008, 03/15/2023 15:31:58.949, 4.11025e+0, 0.00000e+0, 9.00077e+1, 0.00000e+0, 2.10968e+0, 0.00000e+0, 1.66186e+4, 0.00000e+0, 4.19813e+2, 0.00000e+0, 2.14534e+0, 0.00000e+0, 4.26907e+2, 0.00000e+0, 5.02076e+2, 0.00000e+0, 3.12322e+1, 0.00000e+0, 3.18273e+1, 0.00000e+0, 3.32555e+0, 0.00000e+0, 3.48276e+0, 0.00000e+0, 2.00000e+1, 0.00000e+0, 2.00000e+1, 0.00000e+0, 3, -1, Disabled
03/15/2023 15:32:00.000, 03/15/2023 15:31:59.944, 4.11015e+0, 0.00000e+0, 8.99924e+1, 0.00000e+0, 2.11305e+0, 0.00000e+0, 1.72882e+4, 0.00000e+0, 4.18817e+2, 0.00000e+0, 2.15022e+0, 0.00000e+0, 4.26185e+2, 0.00000e+0, 5.02071e+2, 0.00000e+0, 3.12455e+1, 0.00000e+0, 3.18270e+1, 0.00000e+0, 3.32564e+0, 0.00000e+0, 3.48676e+0, 0.00000e+0, 2.00000e+1, 0.00000e+0, 2.00000e+1, 0.00000e+0, 3, -1, Disabled
03/15/2023 15:32:00.996, 03/15/2023 15:32:00.939, 4.11003e+0, 0.00000e+0, 8.99752e+1, 0.00000e+0, 2.10906e+0, 0.00000e+0, 1.77115e+4, 0.00000e+0, 4.18537e+2, 0.00000e+0, 2.14709e+0, 0.00000e+0, 4.26084e+2, 0.00000e+0, 5.02057e+2, 0.00000e+0, 3.12710e+1, 0.00000e+0, 3.18341e+1, 0.00000e+0, 3.32535e+0, 0.00000e+0, 3.48481e+0, 0.00000e+0, 2.00000e+1, 0.00000e+0, 2.00000e+1, 0.00000e+0, 3, -1, Disabled
03/15/2023 15:32:01.991, 03/15/2023 15:32:01.934, 4.11018e+0, 0.00000e+0, 8.99967e+1, 0.00000e+0, 2.10970e+0, 0.00000e+0, 1.76619e+4, 0.00000e+0, 4.18322e+2, 0.00000e+0, 2.14763e+0, 0.00000e+0, 4.25843e+2, 0.00000e+0, 5.02077e+2, 0.00000e+0, 3.12361e+1, 0.00000e+0, 3.18551e+1, 0.00000e+0, 3.32711e+0, 0.00000e+0, 3.48347e+0, 0.00000e+0, 2.00000e+1, 0.00000e+0, 2.00000e+1, 0.00000e+0, 3, -1, Disabled
03/15/2023 15:32:02.983, 03/15/2023 15:32:02.927, 4.11017e+0, 0.00000e+0, 8.99957e+1, 0.00000e+0, 2.10889e+0, 0.00000e+0, 1.77643e+4, 0.00000e+0, 4.18684e+2, 0.00000e+0, 2.14703e+0, 0.00000e+0, 4.26256e+2, 0.00000e+0, 5.02122e+2, 0.00000e+0, 3.12539e+1, 0.00000e+0, 3.18593e+1, 0.00000e+0, 3.32518e+0, 0.00000e+0, 3.48404e+0, 0.00000e+0, 2.00000e+1, 0.00000e+0, 2.00000e+1, 0.00000e+0, 3, -1, Disabled
03/15/2023 15:32:03.976, 03/15/2023 15:32:03.923, 4.11046e+0, 0.00000e+0, 9.00380e+1, 0.00000e+0, 2.10728e+0, 0.00000e+0, 1.72751e+4, 0.00000e+0, 4.18946e+2, 0.00000e+0, 2.14433e+0, 0.00000e+0, 4.26311e+2, 0.00000e+0, 5.02106e+2, 0.00000e+0, 3.12391e+1, 0.00000e+0, 3.18627e+1, 0.00000e+0, 3.32546e+0, 0.00000e+0, 3.48353e+0, 0.00000e+0, 2.00000e+1, 0.00000e+0, 2.00000e+1, 0.00000e+0, 3, -1, Disabled
03/15/2023 15:32:04.997, 03/15/2023 15:32:04.917, 4.11034e+0, 0.00000e+0, 9.00210e+1, 0.00000e+0, 2.11132e+0, 0.00000e+0, 1.68410e+4, 0.00000e+0, 4.19238e+2, 0.00000e+0, 2.14748e+0, 0.00000e+0, 4.26420e+2, 0.00000e+0, 5.02143e+2, 0.00000e+0, 3.12358e+1, 0.00000e+0, 3.18763e+1, 0.00000e+0, 3.32597e+0, 0.00000e+0, 3.48425e+0, 0.00000e+0, 2.00000e+1, 0.00000e+0, 2.00000e+1, 0.00000e+0, 3, -1, Disabled
03/15/2023 15:32:05.995, 03/15/2023 15:32:05.911, 4.11035e+0, 0.00000e+0, 9.00218e+1, 0.00000e+0, 2.10998e+0, 0.00000e+0, 1.69151e+4, 0.00000e+0, 4.18771e+2, 0.00000e+0, 2.14629e+0, 0.00000e+0, 4.25977e+2, 0.00000e+0, 5.02107e+2, 0.00000e+0, 3.12430e+1, 0.00000e+0, 3.18691e+1, 0.00000e+0, 3.32832e+0, 0.00000e+0, 3.48330e+0, 0.00000e+0, 2.00000e+1, 0.00000e+0, 2.00000e+1, 0.00000e+0, 3, -1, Disabled
03/15/2023 15:32:06.962, 03/15/2023 15:32:06.905, 4.11028e+0, 0.00000e+0, 9.00121e+1, 0.00000e+0, 2.11054e+0, 0.00000e+0, 1.73926e+4, 0.00000e+0, 4.18781e+2, 0.00000e+0, 2.14790e+0, 0.00000e+0, 4.26194e+2, 0.00000e+0, 5.02118e+2, 0.00000e+0, 3.12379e+1, 0.00000e+0, 3.18700e+1, 0.00000e+0, 3.32647e+0, 0.00000e+0, 3.48461e+0, 0.00000e+0, 2.00000e+1, 0.00000e+0, 2.00000e+1, 0.00000e+0, 3, -1, Disabled
03/15/2023 15:32:07.958, 03/15/2023 15:32:07.901, 4.11043e+0, 0.00000e+0, 9.00347e+1, 0.00000e+0, 2.10974e+0, 0.00000e+0, 1.67634e+4, 0.00000e+0, 4.18255e+2, 0.00000e+0, 2.14571e+0, 0.00000e+0, 4.25386e+2, 0.00000e+0, 5.02103e+2, 0.00000e+0, 3.12341e+1, 0.00000e+0, 3.18705e+1, 0.00000e+0, 3.32781e+0, 0.00000e+0, 3.48302e+0, 0.00000e+0, 2.00000e+1, 0.00000e+0, 2.00000e+1, 0.00000e+0, 3, -1, Disabled
03/15/2023 15:32:08.959, 03/15/2023 15:32:08.903, 4.11040e+0, 0.00000e+0, 9.00293e+1, 0.00000e+0, 2.11149e+0, 0.00000e+0, 1.66035e+4, 0.00000e+0, 4.19165e+2, 0.00000e+0, 2.14714e+0, 0.00000e+0, 4.26242e+2, 0.00000e+0, 5.02102e+2, 0.00000e+0, 3.12384e+1, 0.00000e+0, 3.18747e+1, 0.00000e+0, 3.32509e+0, 0.00000e+0, 3.48634e+0, 0.00000e+0, 2.00000e+1, 0.00000e+0, 2.00000e+1, 0.00000e+0, 3, -1, Disabled
03/15/2023 15:32:09.978, 03/15/2023 15:32:09.896, 4.11056e+0, 0.00000e+0, 9.00535e+1, 0.00000e+0, 2.11184e+0, 0.00000e+0, 1.64611e+4, 0.00000e+0, 4.19276e+2, 0.00000e+0, 2.14718e+0, 0.00000e+0, 4.26293e+2, 0.00000e+0, 5.02119e+2, 0.00000e+0, 3.12353e+1, 0.00000e+0, 3.18835e+1, 0.00000e+0, 3.32512e+0, 0.00000e+0, 3.48606e+0, 0.00000e+0, 2.00000e+1, 0.00000e+0, 2.00000e+1, 0.00000e+0, 3, -1, Disabled
03/15/2023 15:32:10.977, 03/15/2023 15:32:10.890, 4.11054e+0, 0.00000e+0, 9.00508e+1, 0.00000e+0, 2.11169e+0, 0.00000e+0, 1.65885e+4, 0.00000e+0, 4.18981e+2, 0.00000e+0, 2.14731e+0, 0.00000e+0, 4.26049e+2, 0.00000e+0, 5.02096e+2, 0.00000e+0, 3.12575e+1, 0.00000e+0, 3.18770e+1, 0.00000e+0, 3.32643e+0, 0.00000e+0, 3.48345e+0, 0.00000e+0, 2.00000e+1, 0.00000e+0, 2.00000e+1, 0.00000e+0, 3, -1, Disabled
03/15/2023 15:32:11.940, 03/15/2023 15:32:11.886, 4.11050e+0, 0.00000e+0, 9.00448e+1, 0.00000e+0, 2.10883e+0, 0.00000e+0, 1.69453e+4, 0.00000e+0, 4.19206e+2, 0.00000e+0, 2.14518e+0, 0.00000e+0, 4.26432e+2, 0.00000e+0, 5.02111e+2, 0.00000e+0, 3.12625e+1, 0.00000e+0, 3.18783e+1, 0.00000e+0, 3.32523e+0, 0.00000e+0, 3.48262e+0, 0.00000e+0, 2.00000e+1, 0.00000e+0, 2.00000e+1, 0.00000e+0, 3, -1, Disabled
03/15/2023 15:32:12.936, 03/15/2023 15:32:12.880, 4.11079e+0, 0.00000e+0, 9.00867e+1, 0.00000e+0, 2.10920e+0, 0.00000e+0, 1.66856e+4, 0.00000e+0, 4.19944e+2, 0.00000e+0, 2.14499e+0, 0.00000e+0, 4.27070e+2, 0.00000e+0, 5.02092e+2, 0.00000e+0, 3.12592e+1, 0.00000e+0, 3.18748e+1, 0.00000e+0, 3.32586e+0, 0.00000e+0, 3.48400e+0, 0.00000e+0, 2.00000e+1, 0.00000e+0, 2.00000e+1, 0.00000e+0, 3, -1, Disabled
03/15/2023 15:32:13.936, 03/15/2023 15:32:13.874, 4.11039e+0, 0.00000e+0, 9.00284e+1, 0.00000e+0, 2.11046e+0, 0.00000e+0, 1.67288e+4, 0.00000e+0, 4.18261e+2, 0.00000e+0, 2.14637e+0, 0.00000e+0, 4.25377e+2, 0.00000e+0, 5.02098e+2, 0.00000e+0, 3.12508e+1, 0.00000e+0, 3.18836e+1, 0.00000e+0, 3.32536e+0, 0.00000e+0, 3.48429e+0, 0.00000e+0, 2.00000e+1, 0.00000e+0, 2.00000e+1, 0.00000e+0, 3, -1, Disabled
03/15/2023 15:32:14.932, 03/15/2023 15:32:14.869, 4.11070e+0, 0.00000e+0, 9.00740e+1, 0.00000e+0, 2.11032e+0, 0.00000e+0, 1.67052e+4, 0.00000e+0, 4.19257e+2, 0.00000e+0, 2.14617e+0, 0.00000e+0, 4.26379e+2, 0.00000e+0, 5.02109e+2, 0.00000e+0, 3.12532e+1, 0.00000e+0, 3.18903e+1, 0.00000e+0, 3.32778e+0, 0.00000e+0, 3.48056e+0, 0.00000e+0, 2.00000e+1, 0.00000e+0, 2.00000e+1, 0.00000e+0, 3, -1, Disabled
03/15/2023 15:32:15.925, 03/15/2023 15:32:15.864, 4.11070e+0, 0.00000e+0, 9.00742e+1, 0.00000e+0, 2.10891e+0, 0.00000e+0, 1.69037e+4, 0.00000e+0, 4.19104e+2, 0.00000e+0, 2.14517e+0, 0.00000e+0, 4.26310e+2, 0.00000e+0, 5.02090e+2, 0.00000e+0, 3.12452e+1, 0.00000e+0, 3.18965e+1, 0.00000e+0, 3.32497e+0, 0.00000e+0, 3.48530e+0, 0.00000e+0, 2.00000e+1, 0.00000e+0, 2.00000e+1, 0.00000e+0, 3, -1, Disabled
03/15/2023 15:32:16.914, 03/15/2023 15:32:16.858, 4.11031e+0, 0.00000e+0, 9.00163e+1, 0.00000e+0, 2.10953e+0, 0.00000e+0, 1.65456e+4, 0.00000e+0, 4.19433e+2, 0.00000e+0, 2.14502e+0, 0.00000e+0, 4.26489e+2, 0.00000e+0, 5.02091e+2, 0.00000e+0, 3.12667e+1, 0.00000e+0, 3.18833e+1, 0.00000e+0, 3.32460e+0, 0.00000e+0, 3.48409e+0, 0.00000e+0, 2.00000e+1, 0.00000e+0, 2.00000e+1, 0.00000e+0, 3, -1, Disabled
03/15/2023 15:32:17.936, 03/15/2023 15:32:17.852, 4.11035e+0, 0.00000e+0, 9.00214e+1, 0.00000e+0, 2.11024e+0, 0.00000e+0, 1.69105e+4, 0.00000e+0, 4.18623e+2, 0.00000e+0, 2.14653e+0, 0.00000e+0, 4.25823e+2, 0.00000e+0, 5.02096e+2, 0.00000e+0, 3.12685e+1, 0.00000e+0, 3.18708e+1, 0.00000e+0, 3.32645e+0, 0.00000e+0, 3.48356e+0, 0.00000e+0, 2.00000e+1, 0.00000e+0, 2.00000e+1, 0.00000e+0, 3, -1, Disabled
03/15/2023 15:32:18.906, 03/15/2023 15:32:18.848, 4.11080e+0, 0.00000e+0, 9.00884e+1, 0.00000e+0, 2.10815e+0, 0.00000e+0, 1.77494e+4, 0.00000e+0, 4.18609e+2, 0.00000e+0, 2.14625e+0, 0.00000e+0, 4.26174e+2, 0.00000e+0, 5.02109e+2, 0.00000e+0, 3.12508e+1, 0.00000e+0, 3.18824e+1, 0.00000e+0, 3.32475e+0, 0.00000e+0, 3.48489e+0, 0.00000e+0, 2.00000e+1, 0.00000e+0, 2.00000e+1, 0.00000e+0, 3, -1, Disabled
03/15/2023 15:32:19.903, 03/15/2023 15:32:19.841, 4.11077e+0, 0.00000e+0, 9.00837e+1, 0.00000e+0, 2.10615e+0, 0.00000e+0, 1.80053e+4, 0.00000e+0, 4.17938e+2, 0.00000e+0, 2.14477e+0, 0.00000e+0, 4.25601e+2, 0.00000e+0, 5.02124e+2, 0.00000e+0, 3.12624e+1, 0.00000e+0, 3.18816e+1, 0.00000e+0, 3.32594e+0, 0.00000e+0, 3.48235e+0, 0.00000e+0, 2.00000e+1, 0.00000e+0, 2.00000e+1, 0.00000e+0, 3, -1, Disabled
03/15/2023 15:32:20.886, 03/15/2023 15:32:20.837, 4.11071e+0, 0.00000e+0, 9.00755e+1, 0.00000e+0, 2.10786e+0, 0.00000e+0, 1.78043e+4, 0.00000e+0, 4.18121e+2, 0.00000e+0, 2.14607e+0, 0.00000e+0, 4.25701e+2, 0.00000e+0, 5.02109e+2, 0.00000e+0, 3.12632e+1, 0.00000e+0, 3.18692e+1, 0.00000e+0, 3.32309e+0, 0.00000e+0, 3.48492e+0, 0.00000e+0, 2.00000e+1, 0.00000e+0, 2.00000e+1, 0.00000e+0, 3, -1, Disabled
03/15/2023 15:32:21.894, 03/15/2023 15:32:21.831, 4.11046e+0, 0.00000e+0, 9.00389e+1, 0.00000e+0, 2.10588e+0, 0.00000e+0, 1.73693e+4, 0.00000e+0, 4.18688e+2, 0.00000e+0, 2.14310e+0, 0.00000e+0, 4.26089e+2, 0.00000e+0, 5.02142e+2, 0.00000e+0, 3.12579e+1, 0.00000e+0, 3.18580e+1, 0.00000e+0, 3.32523e+0, 0.00000e+0, 3.48195e+0, 0.00000e+0, 2.00000e+1, 0.00000e+0, 2.00000e+1, 0.00000e+0, 3, -1, Disabled
03/15/2023 15:32:22.883, 03/15/2023 15:32:22.826, 4.11033e+0, 0.00000e+0, 9.00191e+1, 0.00000e+0, 2.10926e+0, 0.00000e+0, 1.72595e+4, 0.00000e+0, 4.18454e+2, 0.00000e+0, 2.14630e+0, 0.00000e+0, 4.25803e+2, 0.00000e+0, 5.02150e+2, 0.00000e+0, 3.12543e+1, 0.00000e+0, 3.18686e+1, 0.00000e+0, 3.32428e+0, 0.00000e+0, 3.48160e+0, 0.00000e+0, 2.00000e+1, 0.00000e+0, 2.00000e+1, 0.00000e+0, 3, -1, Disabled
03/15/2023 15:32:23.876, 03/15/2023 15:32:23.819, 4.11068e+0, 0.00000e+0, 9.00702e+1, 0.00000e+0, 2.10883e+0, 0.00000e+0, 1.74797e+4, 0.00000e+0, 4.17939e+2, 0.00000e+0, 2.14635e+0, 0.00000e+0, 4.25374e+2, 0.00000e+0, 5.02126e+2, 0.00000e+0, 3.12859e+1, 0.00000e+0, 3.18633e+1, 0.00000e+0, 3.32518e+0, 0.00000e+0, 3.48278e+0, 0.00000e+0, 2.00000e+1, 0.00000e+0, 2.00000e+1, 0.00000e+0, 3, -1, Disabled
03/15/2023 15:32:24.870, 03/15/2023 15:32:24.814, 4.11062e+0, 0.00000e+0, 9.00617e+1, 0.00000e+0, 2.11018e+0, 0.00000e+0, 1.76284e+4, 0.00000e+0, 4.18431e+2, 0.00000e+0, 2.14804e+0, 0.00000e+0, 4.25940e+2, 0.00000e+0, 5.02141e+2, 0.00000e+0, 3.12931e+1, 0.00000e+0, 3.18558e+1, 0.00000e+0, 3.32451e+0, 0.00000e+0, 3.48378e+0, 0.00000e+0, 2.00000e+1, 0.00000e+0, 2.00000e+1, 0.00000e+0, 3, -1, Disabled
03/15/2023 15:32:25.862, 03/15/2023 15:32:25.809, 4.11061e+0, 0.00000e+0, 9.00600e+1, 0.00000e+0, 2.10998e+0, 0.00000e+0, 1.74453e+4, 0.00000e+0, 4.18037e+2, 0.00000e+0, 2.14744e+0, 0.00000e+0, 4.25459e+2, 0.00000e+0, 5.02163e+2, 0.00000e+0, 3.12436e+1, 0.00000e+0, 3.18633e+1, 0.00000e+0, 3.32500e+0, 0.00000e+0, 3.48220e+0, 0.00000e+0, 2.00000e+1, 0.00000e+0, 2.00000e+1, 0.00000e+0, 3, -1, Disabled
03/15/2023 15:32:26.859, 03/15/2023 15:32:26.804, 4.11043e+0, 0.00000e+0, 9.00345e+1, 0.00000e+0, 2.11227e+0, 0.00000e+0, 1.75474e+4, 0.00000e+0, 4.18510e+2, 0.00000e+0, 2.15000e+0, 0.00000e+0, 4.25985e+2, 0.00000e+0, 5.02115e+2, 0.00000e+0, 3.12506e+1, 0.00000e+0, 3.18559e+1, 0.00000e+0, 3.32405e+0, 0.00000e+0, 3.48555e+0, 0.00000e+0, 2.00000e+1, 0.00000e+0, 2.00000e+1, 0.00000e+0, 3, -1, Disabled
03/15/2023 15:32:27.854, 03/15/2023 15:32:27.797, 4.11065e+0, 0.00000e+0, 9.00664e+1, 0.00000e+0, 2.10726e+0, 0.00000e+0, 1.76562e+4, 0.00000e+0, 4.17511e+2, 0.00000e+0, 2.14513e+0, 0.00000e+0, 4.25015e+2, 0.00000e+0, 5.02107e+2, 0.00000e+0, 3.12807e+1, 0.00000e+0, 3.18662e+1, 0.00000e+0, 3.32406e+0, 0.00000e+0, 3.48385e+0, 0.00000e+0, 2.00000e+1, 0.00000e+0, 2.00000e+1, 0.00000e+0, 3, -1, Disabled
03/15/2023 15:32:28.848, 03/15/2023 15:32:28.792, 4.11091e+0, 0.00000e+0, 9.01042e+1, 0.00000e+0, 2.11017e+0, 0.00000e+0, 1.71893e+4, 0.00000e+0, 4.18036e+2, 0.00000e+0, 2.14708e+0, 0.00000e+0, 4.25347e+2, 0.00000e+0, 5.02117e+2, 0.00000e+0, 3.12548e+1, 0.00000e+0, 3.18774e+1, 0.00000e+0, 3.32407e+0, 0.00000e+0, 3.48369e+0, 0.00000e+0, 2.00000e+1, 0.00000e+0, 2.00000e+1, 0.00000e+0, 3, -1, Disabled
03/15/2023 15:32:29.844, 03/15/2023 15:32:29.788, 4.11078e+0, 0.00000e+0, 9.00852e+1, 0.00000e+0, 2.10952e+0, 0.00000e+0, 1.65003e+4, 0.00000e+0, 4.18768e+2, 0.00000e+0, 2.14492e+0, 0.00000e+0, 4.25794e+2, 0.00000e+0, 5.02143e+2, 0.00000e+0, 3.12616e+1, 0.00000e+0, 3.18745e+1, 0.00000e+0, 3.32510e+0, 0.00000e+0, 3.48488e+0, 0.00000e+0, 2.00000e+1, 0.00000e+0, 2.00000e+1, 0.00000e+0, 3, -1, Disabled
03/15/2023 15:32:30.836, 03/15/2023 15:32:30.782, 4.11060e+0, 0.00000e+0, 9.00588e+1, 0.00000e+0, 2.10724e+0, 0.00000e+0, 1.63601e+4, 0.00000e+0, 4.18518e+2, 0.00000e+0, 2.14229e+0, 0.00000e+0, 4.25479e+2, 0.00000e+0, 5.02155e+2, 0.00000e+0, 3.12591e+1, 0.00000e+0, 3.18799e+1, 0.00000e+0, 3.32537e+0, 0.00000e+0, 3.48264e+0, 0.00000e+0, 2.00000e+1, 0.00000e+0, 2.00000e+1, 0.00000e+0, 3, -1, Disabled
03/15/2023 15:32:31.844, 03/15/2023 15:32:31.775, 4.11059e+0, 0.00000e+0, 9.00570e+1, 0.00000e+0, 2.10886e+0, 0.00000e+0, 1.65402e+4, 0.00000e+0, 4.18302e+2, 0.00000e+0, 2.14433e+0, 0.00000e+0, 4.25337e+2, 0.00000e+0, 5.02156e+2, 0.00000e+0, 3.12876e+1, 0.00000e+0, 3.18844e+1, 0.00000e+0, 3.32419e+0, 0.00000e+0, 3.48388e+0, 0.00000e+0, 2.00000e+1, 0.00000e+0, 2.00000e+1, 0.00000e+0, 3, -1, Disabled
03/15/2023 15:32:32.828, 03/15/2023 15:32:32.771, 4.11056e+0, 0.00000e+0, 9.00537e+1, 0.00000e+0, 2.10909e+0, 0.00000e+0, 1.67781e+4, 0.00000e+0, 4.18418e+2, 0.00000e+0, 2.14508e+0, 0.00000e+0, 4.25558e+2, 0.00000e+0, 5.02159e+2, 0.00000e+0, 3.12910e+1, 0.00000e+0, 3.18771e+1, 0.00000e+0, 3.32430e+0, 0.00000e+0, 3.48258e+0, 0.00000e+0, 2.00000e+1, 0.00000e+0, 2.00000e+1, 0.00000e+0, 3, -1, Disabled
03/15/2023 15:32:33.825, 03/15/2023 15:32:33.766, 4.11068e+0, 0.00000e+0, 9.00701e+1, 0.00000e+0, 2.11252e+0, 0.00000e+0, 1.63358e+4, 0.00000e+0, 4.18334e+2, 0.00000e+0, 2.14760e+0, 0.00000e+0, 4.25281e+2, 0.00000e+0, 5.02156e+2, 0.00000e+0, 3.12837e+1, 0.00000e+0, 3.18841e+1, 0.00000e+0, 3.32440e+0, 0.00000e+0, 3.48401e+0, 0.00000e+0, 2.00000e+1, 0.00000e+0, 2.00000e+1, 0.00000e+0, 3, -1, Disabled
03/15/2023 15:32:34.818, 03/15/2023 15:32:34.759, 4.11065e+0, 0.00000e+0, 9.00661e+1, 0.00000e+0, 2.11250e+0, 0.00000e+0, 1.62895e+4, 0.00000e+0, 4.18428e+2, 0.00000e+0, 2.14748e+0, 0.00000e+0, 4.25357e+2, 0.00000e+0, 5.02159e+2, 0.00000e+0, 3.12692e+1, 0.00000e+0, 3.18781e+1, 0.00000e+0, 3.32558e+0, 0.00000e+0, 3.48215e+0, 0.00000e+0, 2.00000e+1, 0.00000e+0, 2.00000e+1, 0.00000e+0, 3, -1, Disabled
03/15/2023 15:32:35.814, 03/15/2023 15:32:35.755, 4.11040e+0, 0.00000e+0, 9.00299e+1, 0.00000e+0, 2.11014e+0, 0.00000e+0, 1.63286e+4, 0.00000e+0, 4.18041e+2, 0.00000e+0, 2.14517e+0, 0.00000e+0, 4.24981e+2, 0.00000e+0, 5.02142e+2, 0.00000e+0, 3.12652e+1, 0.00000e+0, 3.18689e+1, 0.00000e+0, 3.32419e+0, 0.00000e+0, 3.48371e+0, 0.00000e+0, 2.00000e+1, 0.00000e+0, 2.00000e+1, 0.00000e+0, 3, -1, Disabled
03/15/2023 15:32:36.804, 03/15/2023 15:32:36.748, 4.11003e+0, 0.00000e+0, 8.99748e+1, 0.00000e+0, 2.11023e+0, 0.00000e+0, 1.64890e+4, 0.00000e+0, 4.18845e+2, 0.00000e+0, 2.14561e+0, 0.00000e+0, 4.25867e+2, 0.00000e+0, 5.02175e+2, 0.00000e+0, 3.12632e+1, 0.00000e+0, 3.18708e+1, 0.00000e+0, 3.32452e+0, 0.00000e+0, 3.48355e+0, 0.00000e+0, 2.00000e+1, 0.00000e+0, 2.00000e+1, 0.00000e+0, 3, -1, Disabled
03/15/2023 15:32:37.801, 03/15/2023 15:32:37.743, 4.11043e+0, 0.00000e+0, 9.00342e+1, 0.00000e+0, 2.11022e+0, 0.00000e+0, 1.63161e+4, 0.00000e+0, 4.18218e+2, 0.00000e+0, 2.14522e+0, 0.00000e+0, 4.25155e+2, 0.00000e+0, 5.02148e+2, 0.00000e+0, 3.12554e+1, 0.00000e+0, 3.18757e+1, 0.00000e+0, 3.32380e+0, 0.00000e+0, 3.48292e+0, 0.00000e+0, 2.00000e+1, 0.00000e+0, 2.00000e+1, 0.00000e+0, 3, -1, Disabled
03/15/2023 15:32:38.792, 03/15/2023 15:32:38.737, 4.11037e+0, 0.00000e+0, 9.00244e+1, 0.00000e+0, 2.10928e+0, 0.00000e+0, 1.63568e+4, 0.00000e+0, 4.18503e+2, 0.00000e+0, 2.14435e+0, 0.00000e+0, 4.25463e+2, 0.00000e+0, 5.02157e+2, 0.00000e+0, 3.12440e+1, 0.00000e+0, 3.18697e+1, 0.00000e+0, 3.32539e+0, 0.00000e+0, 3.48218e+0, 0.00000e+0, 2.00000e+1, 0.00000e+0, 2.00000e+1, 0.00000e+0, 3, -1, Disabled
03/15/2023 15:32:39.789, 03/15/2023 15:32:39.732, 4.11051e+0, 0.00000e+0, 9.00452e+1, 0.00000e+0, 2.10880e+0, 0.00000e+0, 1.64183e+4, 0.00000e+0, 4.18140e+2, 0.00000e+0, 2.14400e+0, 0.00000e+0, 4.25119e+2, 0.00000e+0, 5.02144e+2, 0.00000e+0, 3.12478e+1, 0.00000e+0, 3.18686e+1, 0.00000e+0, 3.32564e+0, 0.00000e+0, 3.48321e+0, 0.00000e+0, 2.00000e+1, 0.00000e+0, 2.00000e+1, 0.00000e+0, 3, -1, Disabled
03/15/2023 15:32:40.802, 03/15/2023 15:32:40.726, 4.11040e+0, 0.00000e+0, 9.00293e+1, 0.00000e+0, 2.10830e+0, 0.00000e+0, 1.69069e+4, 0.00000e+0, 4.18017e+2, 0.00000e+0, 2.14455e+0, 0.00000e+0, 4.25206e+2, 0.00000e+0, 5.02120e+2, 0.00000e+0, 3.13054e+1, 0.00000e+0, 3.18626e+1, 0.00000e+0, 3.32429e+0, 0.00000e+0, 3.48332e+0, 0.00000e+0, 2.00000e+1, 0.00000e+0, 2.00000e+1, 0.00000e+0, 3, -1, Disabled
03/15/2023 15:32:41.775, 03/15/2023 15:32:41.721, 4.11026e+0, 0.00000e+0, 9.00089e+1, 0.00000e+0, 2.10955e+0, 0.00000e+0, 1.72389e+4, 0.00000e+0, 4.17835e+2, 0.00000e+0, 2.14656e+0, 0.00000e+0, 4.25164e+2, 0.00000e+0, 5.02101e+2, 0.00000e+0, 3.12768e+1, 0.00000e+0, 3.18667e+1, 0.00000e+0, 3.32384e+0, 0.00000e+0, 3.48383e+0, 0.00000e+0, 2.00000e+1, 0.00000e+0, 2.00000e+1, 0.00000e+0, 3, -1, Disabled
03/15/2023 15:32:42.792, 03/15/2023 15:32:42.717, 4.11030e+0, 0.00000e+0, 9.00142e+1, 0.00000e+0, 2.10819e+0, 0.00000e+0, 1.73388e+4, 0.00000e+0, 4.17405e+2, 0.00000e+0, 2.14539e+0, 0.00000e+0, 4.24770e+2, 0.00000e+0, 5.02132e+2, 0.00000e+0, 3.12732e+1, 0.00000e+0, 3.18621e+1, 0.00000e+0, 3.32452e+0, 0.00000e+0, 3.48449e+0, 0.00000e+0, 2.00000e+1, 0.00000e+0, 2.00000e+1, 0.00000e+0, 3, -1, Disabled
03/15/2023 15:32:43.767, 03/15/2023 15:32:43.711, 4.11037e+0, 0.00000e+0, 9.00250e+1, 0.00000e+0, 2.10908e+0, 0.00000e+0, 1.69432e+4, 0.00000e+0, 4.16984e+2, 0.00000e+0, 2.14543e+0, 0.00000e+0, 4.24171e+2, 0.00000e+0, 5.02127e+2, 0.00000e+0, 3.12674e+1, 0.00000e+0, 3.18564e+1, 0.00000e+0, 3.32446e+0, 0.00000e+0, 3.48280e+0, 0.00000e+0, 2.00000e+1, 0.00000e+0, 2.00000e+1, 0.00000e+0, 3, -1, Disabled
03/15/2023 15:32:44.765, 03/15/2023 15:32:44.705, 4.11036e+0, 0.00000e+0, 9.00231e+1, 0.00000e+0, 2.10971e+0, 0.00000e+0, 1.69071e+4, 0.00000e+0, 4.18588e+2, 0.00000e+0, 2.14600e+0, 0.00000e+0, 4.25787e+2, 0.00000e+0, 5.02151e+2, 0.00000e+0, 3.12664e+1, 0.00000e+0, 3.18481e+1, 0.00000e+0, 3.32413e+0, 0.00000e+0, 3.48342e+0, 0.00000e+0, 2.00000e+1, 0.00000e+0, 2.00000e+1, 0.00000e+0, 3, -1, Disabled
03/15/2023 15:32:45.756, 03/15/2023 15:32:45.699, 4.11038e+0, 0.00000e+0, 9.00260e+1, 0.00000e+0, 2.11148e+0, 0.00000e+0, 1.62483e+4, 0.00000e+0, 4.17437e+2, 0.00000e+0, 2.14635e+0, 0.00000e+0, 4.24332e+2, 0.00000e+0, 5.02136e+2, 0.00000e+0, 3.12693e+1, 0.00000e+0, 3.18626e+1, 0.00000e+0, 3.32356e+0, 0.00000e+0, 3.48336e+0, 0.00000e+0, 2.00000e+1, 0.00000e+0, 2.00000e+1, 0.00000e+0, 3, -1, Disabled
03/15/2023 15:32:46.748, 03/15/2023 15:32:46.695, 4.11018e+0, 0.00000e+0, 8.99972e+1, 0.00000e+0, 2.10994e+0, 0.00000e+0, 1.58976e+4, 0.00000e+0, 4.18598e+2, 0.00000e+0, 2.14402e+0, 0.00000e+0, 4.25360e+2, 0.00000e+0, 5.02158e+2, 0.00000e+0, 3.13161e+1, 0.00000e+0, 3.18639e+1, 0.00000e+0, 3.32486e+0, 0.00000e+0, 3.48351e+0, 0.00000e+0, 2.00000e+1, 0.00000e+0, 2.00000e+1, 0.00000e+0, 3, -1, Disabled
03/15/2023 15:32:47.746, 03/15/2023 15:32:47.689, 4.11040e+0, 0.00000e+0, 9.00298e+1, 0.00000e+0, 2.10994e+0, 0.00000e+0, 1.60697e+4, 0.00000e+0, 4.18877e+2, 0.00000e+0, 2.14440e+0, 0.00000e+0, 4.25718e+2, 0.00000e+0, 5.02091e+2, 0.00000e+0, 3.12563e+1, 0.00000e+0, 3.18699e+1, 0.00000e+0, 3.32382e+0, 0.00000e+0, 3.48307e+0, 0.00000e+0, 2.00000e+1, 0.00000e+0, 2.00000e+1, 0.00000e+0, 3, -1, Disabled
03/15/2023 15:32:48.736, 03/15/2023 15:32:48.682, 4.11008e+0, 0.00000e+0, 8.99826e+1, 0.00000e+0, 2.11253e+0, 0.00000e+0, 1.60434e+4, 0.00000e+0, 4.18122e+2, 0.00000e+0, 2.14698e+0, 0.00000e+0, 4.24939e+2, 0.00000e+0, 5.02134e+2, 0.00000e+0, 3.12614e+1, 0.00000e+0, 3.18593e+1, 0.00000e+0, 3.32424e+0, 0.00000e+0, 3.48427e+0, 0.00000e+0, 2.00000e+1, 0.00000e+0, 2.00000e+1, 0.00000e+0, 3, -1, Disabled
03/15/2023 15:32:49.731, 03/15/2023 15:32:49.678, 4.11016e+0, 0.00000e+0, 8.99934e+1, 0.00000e+0, 2.10939e+0, 0.00000e+0, 1.62567e+4, 0.00000e+0, 4.18186e+2, 0.00000e+0, 2.14425e+0, 0.00000e+0, 4.25097e+2, 0.00000e+0, 5.02097e+2, 0.00000e+0, 3.12714e+1, 0.00000e+0, 3.18570e+1, 0.00000e+0, 3.32436e+0, 0.00000e+0, 3.48313e+0, 0.00000e+0, 2.00000e+1, 0.00000e+0, 2.00000e+1, 0.00000e+0, 3, -1, Disabled
03/15/2023 15:32:50.732, 03/15/2023 15:32:50.673, 4.11023e+0, 0.00000e+0, 9.00044e+1, 0.00000e+0, 2.11018e+0, 0.00000e+0, 1.62550e+4, 0.00000e+0, 4.18726e+2, 0.00000e+0, 2.14505e+0, 0.00000e+0, 4.25645e+2, 0.00000e+0, 5.02115e+2, 0.00000e+0, 3.12505e+1, 0.00000e+0, 3.18598e+1, 0.00000e+0, 3.32513e+0, 0.00000e+0, 3.48517e+0, 0.00000e+0, 2.00000e+1, 0.00000e+0, 2.00000e+1, 0.00000e+0, 3, -1, Disabled
03/15/2023 15:32:51.724, 03/15/2023 15:32:51.666, 4.11016e+0, 0.00000e+0, 8.99935e+1, 0.00000e+0, 2.11163e+0, 0.00000e+0, 1.59980e+4, 0.00000e+0, 4.17896e+2, 0.00000e+0, 2.14596e+0, 0.00000e+0, 4.24690e+2, 0.00000e+0, 5.02110e+2, 0.00000e+0, 3.13054e+1, 0.00000e+0, 3.18473e+1, 0.00000e+0, 3.32495e+0, 0.00000e+0, 3.48352e+0, 0.00000e+0, 2.00000e+1, 0.00000e+0, 2.00000e+1, 0.00000e+0, 3, -1, Disabled
03/15/2023 15:32:52.722, 03/15/2023 15:32:52.662, 4.11015e+0, 0.00000e+0, 8.99933e+1, 0.00000e+0, 2.11108e+0, 0.00000e+0, 1.63063e+4, 0.00000e+0, 4.19088e+2, 0.00000e+0, 2.14608e+0, 0.00000e+0, 4.26035e+2, 0.00000e+0, 5.02062e+2, 0.00000e+0, 3.12709e+1, 0.00000e+0, 3.18536e+1, 0.00000e+0, 3.32425e+0, 0.00000e+0, 3.48451e+0, 0.00000e+0, 2.00000e+1, 0.00000e+0, 2.00000e+1, 0.00000e+0, 3, -1, Disabled
03/15/2023 15:32:53.714, 03/15/2023 15:32:53.657, 4.10998e+0, 0.00000e+0, 8.99669e+1, 0.00000e+0, 2.10881e+0, 0.00000e+0, 1.64366e+4, 0.00000e+0, 4.18561e+2, 0.00000e+0, 2.14405e+0, 0.00000e+0, 4.25555e+2, 0.00000e+0, 5.02043e+2, 0.00000e+0, 3.12547e+1, 0.00000e+0, 3.18460e+1, 0.00000e+0, 3.32493e+0, 0.00000e+0, 3.48426e+0, 0.00000e+0, 2.00000e+1, 0.00000e+0, 2.00000e+1, 0.00000e+0, 3, -1, Disabled
03/15/2023 15:32:54.705, 03/15/2023 15:32:54.650, 4.11011e+0, 0.00000e+0, 8.99874e+1, 0.00000e+0, 2.10650e+0, 0.00000e+0, 1.61771e+4, 0.00000e+0, 4.17810e+2, 0.00000e+0, 2.14114e+0, 0.00000e+0, 4.24680e+2, 0.00000e+0, 5.02074e+2, 0.00000e+0, 3.12739e+1, 0.00000e+0, 3.18433e+1, 0.00000e+0, 3.32505e+0, 0.00000e+0, 3.48347e+0, 0.00000e+0, 2.00000e+1, 0.00000e+0, 2.00000e+1, 0.00000e+0, 3, -1, Disabled
03/15/2023 15:32:55.699, 03/15/2023 15:32:55.645, 4.11019e+0, 0.00000e+0, 8.99991e+1, 0.00000e+0, 2.11029e+0, 0.00000e+0, 1.61756e+4, 0.00000e+0, 4.18646e+2, 0.00000e+0, 2.14499e+0, 0.00000e+0, 4.25529e+2, 0.00000e+0, 5.02075e+2, 0.00000e+0, 3.12599e+1, 0.00000e+0, 3.18388e+1, 0.00000e+0, 3.32495e+0, 0.00000e+0, 3.48427e+0, 0.00000e+0, 2.00000e+1, 0.00000e+0, 2.00000e+1, 0.00000e+0, 3, -1, Disabled
03/15/2023 15:32:56.692, 03/15/2023 15:32:56.640, 4.10995e+0, 0.00000e+0, 8.99638e+1, 0.00000e+0, 2.11109e+0, 0.00000e+0, 1.60099e+4, 0.00000e+0, 4.17826e+2, 0.00000e+0, 2.14544e+0, 0.00000e+0, 4.24624e+2, 0.00000e+0, 5.02098e+2, 0.00000e+0, 3.13058e+1, 0.00000e+0, 3.18276e+1, 0.00000e+0, 3.32490e+0, 0.00000e+0, 3.48357e+0, 0.00000e+0, 2.00000e+1, 0.00000e+0, 2.00000e+1, 0.00000e+0, 3, -1, Disabled
03/15/2023 15:32:57.687, 03/15/2023 15:32:57.634, 4.11032e+0, 0.00000e+0, 9.00176e+1, 0.00000e+0, 2.11013e+0, 0.00000e+0, 1.60553e+4, 0.00000e+0, 4.18863e+2, 0.00000e+0, 2.14456e+0, 0.00000e+0, 4.25697e+2, 0.00000e+0, 5.02108e+2, 0.00000e+0, 3.12989e+1, 0.00000e+0, 3.18289e+1, 0.00000e+0, 3.32465e+0, 0.00000e+0, 3.48387e+0, 0.00000e+0, 2.00000e+1, 0.00000e+0, 2.00000e+1, 0.00000e+0, 3, -1, Disabled
03/15/2023 15:32:58.687, 03/15/2023 15:32:58.629, 4.11039e+0, 0.00000e+0, 9.00280e+1, 0.00000e+0, 2.10927e+0, 0.00000e+0, 1.62729e+4, 0.00000e+0, 4.17745e+2, 0.00000e+0, 2.14417e+0, 0.00000e+0, 4.24655e+2, 0.00000e+0, 5.02093e+2, 0.00000e+0, 3.12636e+1, 0.00000e+0, 3.18255e+1, 0.00000e+0, 3.32444e+0, 0.00000e+0, 3.48393e+0, 0.00000e+0, 2.00000e+1, 0.00000e+0, 2.00000e+1, 0.00000e+0, 3, -1, Disabled
03/15/2023 15:32:59.682, 03/15/2023 15:32:59.623, 4.11035e+0, 0.00000e+0, 9.00215e+1, 0.00000e+0, 2.10722e+0, 0.00000e+0, 1.66809e+4, 0.00000e+0, 4.18903e+2, 0.00000e+0, 2.14297e+0, 0.00000e+0, 4.26009e+2, 0.00000e+0, 5.02075e+2, 0.00000e+0, 3.12913e+1, 0.00000e+0, 3.18230e+1, 0.00000e+0, 3.32426e+0, 0.00000e+0, 3.48335e+0, 0.00000e+0, 2.00000e+1, 0.00000e+0, 2.00000e+1, 0.00000e+0, 3, -1, Disabled
03/15/2023 15:33:00.676, 03/15/2023 15:33:00.618, 4.11031e+0, 0.00000e+0, 9.00162e+1, 0.00000e+0, 2.10930e+0, 0.00000e+0, 1.64830e+4, 0.00000e+0, 4.17567e+2, 0.00000e+0, 2.14465e+0, 0.00000e+0, 4.24565e+2, 0.00000e+0, 5.02061e+2, 0.00000e+0, 3.12673e+1, 0.00000e+0, 3.18178e+1, 0.00000e+0, 3.32472e+0, 0.00000e+0, 3.48361e+0, 0.00000e+0, 2.00000e+1, 0.00000e+0, 2.00000e+1, 0.00000e+0, 3, -1, Disabled
03/15/2023 15:33:01.669, 03/15/2023 15:33:01.612, 4.11026e+0, 0.00000e+0, 9.00089e+1, 0.00000e+0, 2.11169e+0, 0.00000e+0, 1.69803e+4, 0.00000e+0, 4.17656e+2, 0.00000e+0, 2.14817e+0, 0.00000e+0, 4.24870e+2, 0.00000e+0, 5.02098e+2, 0.00000e+0, 3.12674e+1, 0.00000e+0, 3.18177e+1, 0.00000e+0, 3.32411e+0, 0.00000e+0, 3.48444e+0, 0.00000e+0, 2.00000e+1, 0.00000e+0, 2.00000e+1, 0.00000e+0, 3, -1, Disabled
03/15/2023 15:33:02.668, 03/15/2023 15:33:02.606, 4.11015e+0, 0.00000e+0, 8.99933e+1, 0.00000e+0, 2.10764e+0, 0.00000e+0, 1.70991e+4, 0.00000e+0, 4.17930e+2, 0.00000e+0, 2.14430e+0, 0.00000e+0, 4.25201e+2, 0.00000e+0, 5.02088e+2, 0.00000e+0, 3.12946e+1, 0.00000e+0, 3.18059e+1, 0.00000e+0, 3.32488e+0, 0.00000e+0, 3.48191e+0, 0.00000e+0, 2.00000e+1, 0.00000e+0, 2.00000e+1, 0.00000e+0, 3, -1, Disabled
03/15/2023 15:33:03.656, 03/15/2023 15:33:03.601, 4.11029e+0, 0.00000e+0, 9.00132e+1, 0.00000e+0, 2.10937e+0, 0.00000e+0, 1.70947e+4, 0.00000e+0, 4.17723e+2, 0.00000e+0, 2.14606e+0, 0.00000e+0, 4.24988e+2, 0.00000e+0, 5.02127e+2, 0.00000e+0, 3.12714e+1, 0.00000e+0, 3.18162e+1, 0.00000e+0, 3.32476e+0, 0.00000e+0, 3.48431e+0, 0.00000e+0, 2.00000e+1, 0.00000e+0, 2.00000e+1, 0.00000e+0, 3, -1, Disabled
03/15/2023 15:33:04.648, 03/15/2023 15:33:04.595, 4.11021e+0, 0.00000e+0, 9.00017e+1, 0.00000e+0, 2.10758e+0, 0.00000e+0, 1.72094e+4, 0.00000e+0, 4.18207e+2, 0.00000e+0, 2.14448e+0, 0.00000e+0, 4.25530e+2, 0.00000e+0, 5.02077e+2, 0.00000e+0, 3.12750e+1, 0.00000e+0, 3.18024e+1, 0.00000e+0, 3.32448e+0, 0.00000e+0, 3.48380e+0, 0.00000e+0, 2.00000e+1, 0.00000e+0, 2.00000e+1, 0.00000e+0, 3, -1, Disabled
03/15/2023 15:33:05.645, 03/15/2023 15:33:05.590, 4.11040e+0, 0.00000e+0, 9.00298e+1, 0.00000e+0, 2.11113e+0, 0.00000e+0, 1.69031e+4, 0.00000e+0, 4.17231e+2, 0.00000e+0, 2.14743e+0, 0.00000e+0, 4.24405e+2, 0.00000e+0, 5.02112e+2, 0.00000e+0, 3.12910e+1, 0.00000e+0, 3.18008e+1, 0.00000e+0, 3.32429e+0, 0.00000e+0, 3.48384e+0, 0.00000e+0, 2.00000e+1, 0.00000e+0, 2.00000e+1, 0.00000e+0, 3, -1, Disabled
03/15/2023 15:33:06.644, 03/15/2023 15:33:06.584, 4.11035e+0, 0.00000e+0, 9.00223e+1, 0.00000e+0, 2.10479e+0, 0.00000e+0, 1.71616e+4, 0.00000e+0, 4.17480e+2, 0.00000e+0, 2.14154e+0, 0.00000e+0, 4.24770e+2, 0.00000e+0, 5.02089e+2, 0.00000e+0, 3.12903e+1, 0.00000e+0, 3.17901e+1, 0.00000e+0, 3.32427e+0, 0.00000e+0, 3.48495e+0, 0.00000e+0, 2.00000e+1, 0.00000e+0, 2.00000e+1, 0.00000e+0, 3, -1, Disabled
03/15/2023 15:33:07.631, 03/15/2023 15:33:07.580, 4.10998e+0, 0.00000e+0, 8.99678e+1, 0.00000e+0, 2.10837e+0, 0.00000e+0, 1.71362e+4, 0.00000e+0, 4.18199e+2, 0.00000e+0, 2.14513e+0, 0.00000e+0, 4.25490e+2, 0.00000e+0, 5.02077e+2, 0.00000e+0, 3.13231e+1, 0.00000e+0, 3.17860e+1, 0.00000e+0, 3.32467e+0, 0.00000e+0, 3.48300e+0, 0.00000e+0, 2.00000e+1, 0.00000e+0, 2.00000e+1, 0.00000e+0, 3, -1, Disabled
03/15/2023 15:33:08.630, 03/15/2023 15:33:08.574, 4.11018e+0, 0.00000e+0, 8.99964e+1, 0.00000e+0, 2.10899e+0, 0.00000e+0, 1.70101e+4, 0.00000e+0, 4.17694e+2, 0.00000e+0, 2.14548e+0, 0.00000e+0, 4.24921e+2, 0.00000e+0, 5.02099e+2, 0.00000e+0, 3.12922e+1, 0.00000e+0, 3.17965e+1, 0.00000e+0, 3.32420e+0, 0.00000e+0, 3.48299e+0, 0.00000e+0, 2.00000e+1, 0.00000e+0, 2.00000e+1, 0.00000e+0, 3, -1, Disabled
03/15/2023 15:33:09.627, 03/15/2023 15:33:09.568, 4.11037e+0, 0.00000e+0, 9.00244e+1, 0.00000e+0, 2.10809e+0, 0.00000e+0, 1.75990e+4, 0.00000e+0, 4.17960e+2, 0.00000e+0, 2.14585e+0, 0.00000e+0, 4.25447e+2, 0.00000e+0, 5.02137e+2, 0.00000e+0, 3.13008e+1, 0.00000e+0, 3.18026e+1, 0.00000e+0, 3.32431e+0, 0.00000e+0, 3.48143e+0, 0.00000e+0, 2.00000e+1, 0.00000e+0, 2.00000e+1, 0.00000e+0, 3, -1, Disabled
03/15/2023 15:33:10.619, 03/15/2023 15:33:10.563, 4.11021e+0, 0.00000e+0, 9.00018e+1, 0.00000e+0, 2.10716e+0, 0.00000e+0, 1.77022e+4, 0.00000e+0, 4.16929e+2, 0.00000e+0, 2.14513e+0, 0.00000e+0, 4.24443e+2, 0.00000e+0, 5.02127e+2, 0.00000e+0, 3.12892e+1, 0.00000e+0, 3.17991e+1, 0.00000e+0, 3.32458e+0, 0.00000e+0, 3.48277e+0, 0.00000e+0, 2.00000e+1, 0.00000e+0, 2.00000e+1, 0.00000e+0, 3, -1, Disabled
03/15/2023 15:33:11.611, 03/15/2023 15:33:11.557, 4.11034e+0, 0.00000e+0, 9.00208e+1, 0.00000e+0, 2.10861e+0, 0.00000e+0, 1.74245e+4, 0.00000e+0, 4.17498e+2, 0.00000e+0, 2.14600e+0, 0.00000e+0, 4.24902e+2, 0.00000e+0, 5.02096e+2, 0.00000e+0, 3.13172e+1, 0.00000e+0, 3.17989e+1, 0.00000e+0, 3.32482e+0, 0.00000e+0, 3.48261e+0, 0.00000e+0, 2.00000e+1, 0.00000e+0, 2.00000e+1, 0.00000e+0, 3, -1, Disabled
03/15/2023 15:33:12.613, 03/15/2023 15:33:12.553, 4.11027e+0, 0.00000e+0, 9.00098e+1, 0.00000e+0, 2.11161e+0, 0.00000e+0, 1.76042e+4, 0.00000e+0, 4.17854e+2, 0.00000e+0, 2.14945e+0, 0.00000e+0, 4.25342e+2, 0.00000e+0, 5.02101e+2, 0.00000e+0, 3.13038e+1, 0.00000e+0, 3.17980e+1, 0.00000e+0, 3.32421e+0, 0.00000e+0, 3.48428e+0, 0.00000e+0, 2.00000e+1, 0.00000e+0, 2.00000e+1, 0.00000e+0, 3, -1, Disabled
03/15/2023 15:33:13.602, 03/15/2023 15:33:13.546, 4.11009e+0, 0.00000e+0, 8.99843e+1, 0.00000e+0, 2.10909e+0, 0.00000e+0, 1.75148e+4, 0.00000e+0, 4.17146e+2, 0.00000e+0, 2.14669e+0, 0.00000e+0, 4.24582e+2, 0.00000e+0, 5.02096e+2, 0.00000e+0, 3.13083e+1, 0.00000e+0, 3.18068e+1, 0.00000e+0, 3.32561e+0, 0.00000e+0, 3.48263e+0, 0.00000e+0, 2.00000e+1, 0.00000e+0, 2.00000e+1, 0.00000e+0, 3, -1, Disabled
03/15/2023 15:33:14.599, 03/15/2023 15:33:14.541, 4.11028e+0, 0.00000e+0, 9.00122e+1, 0.00000e+0, 2.10985e+0, 0.00000e+0, 1.70359e+4, 0.00000e+0, 4.18021e+2, 0.00000e+0, 2.14641e+0, 0.00000e+0, 4.25266e+2, 0.00000e+0, 5.02106e+2, 0.00000e+0, 3.13347e+1, 0.00000e+0, 3.18075e+1, 0.00000e+0, 3.32388e+0, 0.00000e+0, 3.48360e+0, 0.00000e+0, 2.00000e+1, 0.00000e+0, 2.00000e+1, 0.00000e+0, 3, -1, Disabled
03/15/2023 15:33:15.594, 03/15/2023 15:33:15.535, 4.11019e+0, 0.00000e+0, 8.99990e+1, 0.00000e+0, 2.11058e+0, 0.00000e+0, 1.71051e+4, 0.00000e+0, 4.17989e+2, 0.00000e+0, 2.14731e+0, 0.00000e+0, 4.25263e+2, 0.00000e+0, 5.02135e+2, 0.00000e+0, 3.13189e+1, 0.00000e+0, 3.18115e+1, 0.00000e+0, 3.32474e+0, 0.00000e+0, 3.48454e+0, 0.00000e+0, 2.00000e+1, 0.00000e+0, 2.00000e+1, 0.00000e+0, 3, -1, Disabled
03/15/2023 15:33:16.592, 03/15/2023 15:33:16.530, 4.11036e+0, 0.00000e+0, 9.00237e+1, 0.00000e+0, 2.11149e+0, 0.00000e+0, 1.70756e+4, 0.00000e+0, 4.17968e+2, 0.00000e+0, 2.14817e+0, 0.00000e+0, 4.25230e+2, 0.00000e+0, 5.02102e+2, 0.00000e+0, 3.13285e+1, 0.00000e+0, 3.18064e+1, 0.00000e+0, 3.32356e+0, 0.00000e+0, 3.48351e+0, 0.00000e+0, 2.00000e+1, 0.00000e+0, 2.00000e+1, 0.00000e+0, 3, -1, Disabled
03/15/2023 15:33:17.594, 03/15/2023 15:33:17.524, 4.11030e+0, 0.00000e+0, 9.00153e+1, 0.00000e+0, 2.11871e+0, 0.00000e+0, 1.70781e+4, 0.00000e+0, 4.17959e+2, 0.00000e+0, 2.15552e+0, 0.00000e+0, 4.25221e+2, 0.00000e+0, 5.02095e+2, 0.00000e+0, 3.13263e+1, 0.00000e+0, 3.17948e+1, 0.00000e+0, 3.32410e+0, 0.00000e+0, 3.48418e+0, 0.00000e+0, 2.00000e+1, 0.00000e+0, 2.00000e+1, 0.00000e+0, 3, -1, Disabled
03/15/2023 15:33:18.587, 03/15/2023 15:33:18.520, 4.10973e+0, 0.00000e+0, 8.99300e+1, 0.00000e+0, 2.13243e+0, 0.00000e+0, 1.76509e+4, 0.00000e+0, 4.18279e+2, 0.00000e+0, 2.17074e+0, 0.00000e+0, 4.25795e+2, 0.00000e+0, 5.02122e+2, 0.00000e+0, 3.13395e+1, 0.00000e+0, 3.17851e+1, 0.00000e+0, 3.32394e+0, 0.00000e+0, 3.48342e+0, 0.00000e+0, 2.00000e+1, 0.00000e+0, 2.00000e+1, 0.00000e+0, 3, -1, Disabled
03/15/2023 15:33:19.577, 03/15/2023 15:33:19.513, 4.10998e+0, 0.00000e+0, 8.99672e+1, 0.00000e+0, 2.12243e+0, 0.00000e+0, 1.76800e+4, 0.00000e+0, 4.18015e+2, 0.00000e+0, 2.16063e+0, 0.00000e+0, 4.25539e+2, 0.00000e+0, 5.02124e+2, 0.00000e+0, 3.13166e+1, 0.00000e+0, 3.17927e+1, 0.00000e+0, 3.32548e+0, 0.00000e+0, 3.48385e+0, 0.00000e+0, 2.00000e+1, 0.00000e+0, 2.00000e+1, 0.00000e+0, 3, -1, Disabled
03/15/2023 15:33:20.561, 03/15/2023 15:33:20.509, 4.10992e+0, 0.00000e+0, 8.99584e+1, 0.00000e+0, 2.11522e+0, 0.00000e+0, 1.69765e+4, 0.00000e+0, 4.18574e+2, 0.00000e+0, 2.15175e+0, 0.00000e+0, 4.25803e+2, 0.00000e+0, 5.02124e+2, 0.00000e+0, 3.13319e+1, 0.00000e+0, 3.17886e+1, 0.00000e+0, 3.32410e+0, 0.00000e+0, 3.48405e+0, 0.00000e+0, 2.00000e+1, 0.00000e+0, 2.00000e+1, 0.00000e+0, 3, -1, Disabled
03/15/2023 15:33:21.554, 03/15/2023 15:33:21.502, 4.10996e+0, 0.00000e+0, 8.99652e+1, 0.00000e+0, 2.11236e+0, 0.00000e+0, 1.66397e+4, 0.00000e+0, 4.18962e+2, 0.00000e+0, 2.14811e+0, 0.00000e+0, 4.26051e+2, 0.00000e+0, 5.02132e+2, 0.00000e+0, 3.13295e+1, 0.00000e+0, 3.17800e+1, 0.00000e+0, 3.32491e+0, 0.00000e+0, 3.48246e+0, 0.00000e+0, 2.00000e+1, 0.00000e+0, 2.00000e+1, 0.00000e+0, 3, -1, Disabled
03/15/2023 15:33:22.558, 03/15/2023 15:33:22.498, 4.10981e+0, 0.00000e+0, 8.99426e+1, 0.00000e+0, 2.11381e+0, 0.00000e+0, 1.65850e+4, 0.00000e+0, 4.18214e+2, 0.00000e+0, 2.14945e+0, 0.00000e+0, 4.25267e+2, 0.00000e+0, 5.02082e+2, 0.00000e+0, 3.13647e+1, 0.00000e+0, 3.17772e+1, 0.00000e+0, 3.32468e+0, 0.00000e+0, 3.48309e+0, 0.00000e+0, 2.00000e+1, 0.00000e+0, 2.00000e+1, 0.00000e+0, 3, -1, Disabled
03/15/2023 15:33:23.549, 03/15/2023 15:33:23.491, 4.10971e+0, 0.00000e+0, 8.99280e+1, 0.00000e+0, 2.11101e+0, 0.00000e+0, 1.67205e+4, 0.00000e+0, 4.18504e+2, 0.00000e+0, 2.14690e+0, 0.00000e+0, 4.25621e+2, 0.00000e+0, 5.02087e+2, 0.00000e+0, 3.13610e+1, 0.00000e+0, 3.17649e+1, 0.00000e+0, 3.32577e+0, 0.00000e+0, 3.48278e+0, 0.00000e+0, 2.00000e+1, 0.00000e+0, 2.00000e+1, 0.00000e+0, 3, -1, Disabled
03/15/2023 15:33:24.569, 03/15/2023 15:33:24.486, 4.11015e+0, 0.00000e+0, 8.99923e+1, 0.00000e+0, 2.11178e+0, 0.00000e+0, 1.69234e+4, 0.00000e+0, 4.17639e+2, 0.00000e+0, 2.14814e+0, 0.00000e+0, 4.24829e+2, 0.00000e+0, 5.02071e+2, 0.00000e+0, 3.13237e+1, 0.00000e+0, 3.17670e+1, 0.00000e+0, 3.32454e+0, 0.00000e+0, 3.48290e+0, 0.00000e+0, 2.00000e+1, 0.00000e+0, 2.00000e+1, 0.00000e+0, 3, -1, Disabled
03/15/2023 15:33:25.539, 03/15/2023 15:33:25.480, 4.10986e+0, 0.00000e+0, 8.99495e+1, 0.00000e+0, 2.11186e+0, 0.00000e+0, 1.71000e+4, 0.00000e+0, 4.17025e+2, 0.00000e+0, 2.14860e+0, 0.00000e+0, 4.24280e+2, 0.00000e+0, 5.02066e+2, 0.00000e+0, 3.13599e+1, 0.00000e+0, 3.17665e+1, 0.00000e+0, 3.32421e+0, 0.00000e+0, 3.48389e+0, 0.00000e+0, 2.00000e+1, 0.00000e+0, 2.00000e+1, 0.00000e+0, 3, -1, Disabled
03/15/2023 15:33:26.535, 03/15/2023 15:33:26.476, 4.11003e+0, 0.00000e+0, 8.99751e+1, 0.00000e+0, 2.11031e+0, 0.00000e+0, 1.70658e+4, 0.00000e+0, 4.17833e+2, 0.00000e+0, 2.14695e+0, 0.00000e+0, 4.25087e+2, 0.00000e+0, 5.02095e+2, 0.00000e+0, 3.13670e+1, 0.00000e+0, 3.17725e+1, 0.00000e+0, 3.32461e+0, 0.00000e+0, 3.48374e+0, 0.00000e+0, 2.00000e+1, 0.00000e+0, 2.00000e+1, 0.00000e+0, 3, -1, Disabled
03/15/2023 15:33:27.531, 03/15/2023 15:33:27.470, 4.10995e+0, 0.00000e+0, 8.99630e+1, 0.00000e+0, 2.11083e+0, 0.00000e+0, 1.73565e+4, 0.00000e+0, 4.17772e+2, 0.00000e+0, 2.14811e+0, 0.00000e+0, 4.25151e+2, 0.00000e+0, 5.02076e+2, 0.00000e+0, 3.13372e+1, 0.00000e+0, 3.17658e+1, 0.00000e+0, 3.32473e+0, 0.00000e+0, 3.48280e+0, 0.00000e+0, 2.00000e+1, 0.00000e+0, 2.00000e+1, 0.00000e+0, 3, -1, Disabled
03/15/2023 15:33:28.523, 03/15/2023 15:33:28.464, 4.11018e+0, 0.00000e+0, 8.99967e+1, 0.00000e+0, 2.11208e+0, 0.00000e+0, 1.72212e+4, 0.00000e+0, 4.17376e+2, 0.00000e+0, 2.14909e+0, 0.00000e+0, 4.24690e+2, 0.00000e+0, 5.02103e+2, 0.00000e+0, 3.13091e+1, 0.00000e+0, 3.17706e+1, 0.00000e+0, 3.32365e+0, 0.00000e+0, 3.48333e+0, 0.00000e+0, 2.00000e+1, 0.00000e+0, 2.00000e+1, 0.00000e+0, 3, -1, Disabled
03/15/2023 15:33:29.519, 03/15/2023 15:33:29.459, 4.11030e+0, 0.00000e+0, 9.00148e+1, 0.00000e+0, 2.11252e+0, 0.00000e+0, 1.66770e+4, 0.00000e+0, 4.19134e+2, 0.00000e+0, 2.14834e+0, 0.00000e+0, 4.26243e+2, 0.00000e+0, 5.02065e+2, 0.00000e+0, 3.13153e+1, 0.00000e+0, 3.17562e+1, 0.00000e+0, 3.32470e+0, 0.00000e+0, 3.48385e+0, 0.00000e+0, 2.00000e+1, 0.00000e+0, 2.00000e+1, 0.00000e+0, 3, -1, Disabled
03/15/2023 15:33:30.516, 03/15/2023 15:33:30.454, 4.11008e+0, 0.00000e+0, 8.99828e+1, 0.00000e+0, 2.11040e+0, 0.00000e+0, 1.65471e+4, 0.00000e+0, 4.18291e+2, 0.00000e+0, 2.14591e+0, 0.00000e+0, 4.25329e+2, 0.00000e+0, 5.02120e+2, 0.00000e+0, 3.13414e+1, 0.00000e+0, 3.17525e+1, 0.00000e+0, 3.32573e+0, 0.00000e+0, 3.48400e+0, 0.00000e+0, 2.00000e+1, 0.00000e+0, 2.00000e+1, 0.00000e+0, 3, -1, Disabled
03/15/2023 15:33:31.510, 03/15/2023 15:33:31.448, 4.11018e+0, 0.00000e+0, 8.99970e+1, 0.00000e+0, 2.10924e+0, 0.00000e+0, 1.68172e+4, 0.00000e+0, 4.17438e+2, 0.00000e+0, 2.14532e+0, 0.00000e+0, 4.24578e+2, 0.00000e+0, 5.02086e+2, 0.00000e+0, 3.13450e+1, 0.00000e+0, 3.17615e+1, 0.00000e+0, 3.32492e+0, 0.00000e+0, 3.48286e+0, 0.00000e+0, 2.00000e+1, 0.00000e+0, 2.00000e+1, 0.00000e+0, 3, -1, Disabled
03/15/2023 15:33:32.501, 03/15/2023 15:33:32.442, 4.11016e+0, 0.00000e+0, 8.99942e+1, 0.00000e+0, 2.10957e+0, 0.00000e+0, 1.67316e+4, 0.00000e+0, 4.19079e+2, 0.00000e+0, 2.14546e+0, 0.00000e+0, 4.26210e+2, 0.00000e+0, 5.02084e+2, 0.00000e+0, 3.13282e+1, 0.00000e+0, 3.17618e+1, 0.00000e+0, 3.32492e+0, 0.00000e+0, 3.48329e+0, 0.00000e+0, 2.00000e+1, 0.00000e+0, 2.00000e+1, 0.00000e+0, 3, -1, Disabled
03/15/2023 15:33:33.492, 03/15/2023 15:33:33.438, 4.10977e+0, 0.00000e+0, 8.99372e+1, 0.00000e+0, 2.11100e+0, 0.00000e+0, 1.62285e+4, 0.00000e+0, 4.18389e+2, 0.00000e+0, 2.14583e+0, 0.00000e+0, 4.25290e+2, 0.00000e+0, 5.02105e+2, 0.00000e+0, 3.13497e+1, 0.00000e+0, 3.17481e+1, 0.00000e+0, 3.32493e+0, 0.00000e+0, 3.48352e+0, 0.00000e+0, 2.00000e+1, 0.00000e+0, 2.00000e+1, 0.00000e+0, 3, -1, Disabled
03/15/2023 15:33:34.499, 03/15/2023 15:33:34.431, 4.10948e+0, 0.00000e+0, 8.98942e+1, 0.00000e+0, 2.11540e+0, 0.00000e+0, 1.62959e+4, 0.00000e+0, 4.19945e+2, 0.00000e+0, 2.15044e+0, 0.00000e+0, 4.26902e+2, 0.00000e+0, 5.02115e+2, 0.00000e+0, 3.16212e+1, 0.00000e+0, 3.17460e+1, 0.00000e+0, 3.32339e+0, 0.00000e+0, 3.48387e+0, 0.00000e+0, 2.00000e+1, 0.00000e+0, 2.00000e+1, 0.00000e+0, 3, -1, Disabled
03/15/2023 15:33:35.510, 03/15/2023 15:33:35.426, 4.10978e+0, 0.00000e+0, 8.99379e+1, 0.00000e+0, 2.11385e+0, 0.00000e+0, 1.63647e+4, 0.00000e+0, 4.18945e+2, 0.00000e+0, 2.14901e+0, 0.00000e+0, 4.25915e+2, 0.00000e+0, 5.02086e+2, 0.00000e+0, 3.13837e+1, 0.00000e+0, 3.17600e+1, 0.00000e+0, 3.32508e+0, 0.00000e+0, 3.48294e+0, 0.00000e+0, 2.00000e+1, 0.00000e+0, 2.00000e+1, 0.00000e+0, 3, -1, Disabled
03/15/2023 15:33:36.478, 03/15/2023 15:33:36.421, 4.10979e+0, 0.00000e+0, 8.99400e+1, 0.00000e+0, 2.11325e+0, 0.00000e+0, 1.67407e+4, 0.00000e+0, 4.18803e+2, 0.00000e+0, 2.14923e+0, 0.00000e+0, 4.25933e+2, 0.00000e+0, 5.02076e+2, 0.00000e+0, 3.14469e+1, 0.00000e+0, 3.17509e+1, 0.00000e+0, 3.32602e+0, 0.00000e+0, 3.48329e+0, 0.00000e+0, 2.00000e+1, 0.00000e+0, 2.00000e+1, 0.00000e+0, 3, -1, Disabled
03/15/2023 15:33:37.489, 03/15/2023 15:33:37.415, 4.10998e+0, 0.00000e+0, 8.99671e+1, 0.00000e+0, 2.11055e+0, 0.00000e+0, 1.70937e+4, 0.00000e+0, 4.19060e+2, 0.00000e+0, 2.14725e+0, 0.00000e+0, 4.26348e+2, 0.00000e+0, 5.02058e+2, 0.00000e+0, 3.13722e+1, 0.00000e+0, 3.17569e+1, 0.00000e+0, 3.32423e+0, 0.00000e+0, 3.48451e+0, 0.00000e+0, 2.00000e+1, 0.00000e+0, 2.00000e+1, 0.00000e+0, 3, -1, Disabled
03/15/2023 15:33:38.477, 03/15/2023 15:33:38.409, 4.11007e+0, 0.00000e+0, 8.99804e+1, 0.00000e+0, 2.10930e+0, 0.00000e+0, 1.67227e+4, 0.00000e+0, 4.18771e+2, 0.00000e+0, 2.14518e+0, 0.00000e+0, 4.25893e+2, 0.00000e+0, 5.02117e+2, 0.00000e+0, 3.13675e+1, 0.00000e+0, 3.17457e+1, 0.00000e+0, 3.32435e+0, 0.00000e+0, 3.48214e+0, 0.00000e+0, 2.00000e+1, 0.00000e+0, 2.00000e+1, 0.00000e+0, 3, -1, Disabled
03/15/2023 15:33:39.457, 03/15/2023 15:33:39.405, 4.10998e+0, 0.00000e+0, 8.99674e+1, 0.00000e+0, 2.11145e+0, 0.00000e+0, 1.67305e+4, 0.00000e+0, 4.19034e+2, 0.00000e+0, 2.14737e+0, 0.00000e+0, 4.26164e+2, 0.00000e+0, 5.02106e+2, 0.00000e+0, 3.13382e+1, 0.00000e+0, 3.17459e+1, 0.00000e+0, 3.32567e+0, 0.00000e+0, 3.48268e+0, 0.00000e+0, 2.00000e+1, 0.00000e+0, 2.00000e+1, 0.00000e+0, 3, -1, Disabled
03/15/2023 15:33:40.455, 03/15/2023 15:33:40.399, 4.11019e+0, 0.00000e+0, 8.99988e+1, 0.00000e+0, 2.11232e+0, 0.00000e+0, 1.65925e+4, 0.00000e+0, 4.19693e+2, 0.00000e+0, 2.14796e+0, 0.00000e+0, 4.26775e+2, 0.00000e+0, 5.02090e+2, 0.00000e+0, 3.13787e+1, 0.00000e+0, 3.17455e+1, 0.00000e+0, 3.32426e+0, 0.00000e+0, 3.48314e+0, 0.00000e+0, 2.00000e+1, 0.00000e+0, 2.00000e+1, 0.00000e+0, 3, -1, Disabled
03/15/2023 15:33:41.453, 03/15/2023 15:33:41.393, 4.11006e+0, 0.00000e+0, 8.99787e+1, 0.00000e+0, 2.11155e+0, 0.00000e+0, 1.65746e+4, 0.00000e+0, 4.18959e+2, 0.00000e+0, 2.14714e+0, 0.00000e+0, 4.26020e+2, 0.00000e+0, 5.02107e+2, 0.00000e+0, 3.13831e+1, 0.00000e+0, 3.17474e+1, 0.00000e+0, 3.32492e+0, 0.00000e+0, 3.48309e+0, 0.00000e+0, 2.00000e+1, 0.00000e+0, 2.00000e+1, 0.00000e+0, 3, -1, Disabled
03/15/2023 15:33:42.441, 03/15/2023 15:33:42.387, 4.10987e+0, 0.00000e+0, 8.99512e+1, 0.00000e+0, 2.11681e+0, 0.00000e+0, 1.72829e+4, 0.00000e+0, 4.17610e+2, 0.00000e+0, 2.15404e+0, 0.00000e+0, 4.24955e+2, 0.00000e+0, 5.02059e+2, 0.00000e+0, 3.13874e+1, 0.00000e+0, 3.17410e+1, 0.00000e+0, 3.32495e+0, 0.00000e+0, 3.48438e+0, 0.00000e+0, 2.00000e+1, 0.00000e+0, 2.00000e+1, 0.00000e+0, 3, -1, Disabled
03/15/2023 15:33:43.441, 03/15/2023 15:33:43.383, 4.10977e+0, 0.00000e+0, 8.99365e+1, 0.00000e+0, 2.11276e+0, 0.00000e+0, 1.72617e+4, 0.00000e+0, 4.18355e+2, 0.00000e+0, 2.14987e+0, 0.00000e+0, 4.25703e+2, 0.00000e+0, 5.02066e+2, 0.00000e+0, 3.13417e+1, 0.00000e+0, 3.17397e+1, 0.00000e+0, 3.32536e+0, 0.00000e+0, 3.48420e+0, 0.00000e+0, 2.00000e+1, 0.00000e+0, 2.00000e+1, 0.00000e+0, 3, -1, Disabled
03/15/2023 15:33:44.438, 03/15/2023 15:33:44.377, 4.10982e+0, 0.00000e+0, 8.99436e+1, 0.00000e+0, 2.11035e+0, 0.00000e+0, 1.66232e+4, 0.00000e+0, 4.18492e+2, 0.00000e+0, 2.14603e+0, 0.00000e+0, 4.25566e+2, 0.00000e+0, 5.02135e+2, 0.00000e+0, 3.13305e+1, 0.00000e+0, 3.17352e+1, 0.00000e+0, 3.32453e+0, 0.00000e+0, 3.48349e+0, 0.00000e+0, 2.00000e+1, 0.00000e+0, 2.00000e+1, 0.00000e+0, 3, -1, Disabled
03/15/2023 15:33:45.428, 03/15/2023 15:33:45.371, 4.10985e+0, 0.00000e+0, 8.99483e+1, 0.00000e+0, 2.11139e+0, 0.00000e+0, 1.65018e+4, 0.00000e+0, 4.19289e+2, 0.00000e+0, 2.14682e+0, 0.00000e+0, 4.26324e+2, 0.00000e+0, 5.02080e+2, 0.00000e+0, 3.13509e+1, 0.00000e+0, 3.17304e+1, 0.00000e+0, 3.32540e+0, 0.00000e+0, 3.48391e+0, 0.00000e+0, 2.00000e+1, 0.00000e+0, 2.00000e+1, 0.00000e+0, 3, -1, Disabled
03/15/2023 15:33:46.422, 03/15/2023 15:33:46.365, 4.11019e+0, 0.00000e+0, 8.99986e+1, 0.00000e+0, 2.11131e+0, 0.00000e+0, 1.69021e+4, 0.00000e+0, 4.18296e+2, 0.00000e+0, 2.14761e+0, 0.00000e+0, 4.25487e+2, 0.00000e+0, 5.02078e+2, 0.00000e+0, 3.13292e+1, 0.00000e+0, 3.17484e+1, 0.00000e+0, 3.32365e+0, 0.00000e+0, 3.48290e+0, 0.00000e+0, 2.00000e+1, 0.00000e+0, 2.00000e+1, 0.00000e+0, 3, -1, Disabled
03/15/2023 15:33:47.420, 03/15/2023 15:33:47.361, 4.11035e+0, 0.00000e+0, 9.00226e+1, 0.00000e+0, 2.11356e+0, 0.00000e+0, 1.67574e+4, 0.00000e+0, 4.18679e+2, 0.00000e+0, 2.14958e+0, 0.00000e+0, 4.25814e+2, 0.00000e+0, 5.02127e+2, 0.00000e+0, 3.13385e+1, 0.00000e+0, 3.17496e+1, 0.00000e+0, 3.32492e+0, 0.00000e+0, 3.48373e+0, 0.00000e+0, 2.00000e+1, 0.00000e+0, 2.00000e+1, 0.00000e+0, 3, -1, Disabled
03/15/2023 15:33:48.414, 03/15/2023 15:33:48.355, 4.10999e+0, 0.00000e+0, 8.99689e+1, 0.00000e+0, 2.11282e+0, 0.00000e+0, 1.63809e+4, 0.00000e+0, 4.18848e+2, 0.00000e+0, 2.14800e+0, 0.00000e+0, 4.25823e+2, 0.00000e+0, 5.02082e+2, 0.00000e+0, 3.13903e+1, 0.00000e+0, 3.17411e+1, 0.00000e+0, 3.32504e+0, 0.00000e+0, 3.48391e+0, 0.00000e+0, 2.00000e+1, 0.00000e+0, 2.00000e+1, 0.00000e+0, 3, -1, Disabled
03/15/2023 15:33:49.413, 03/15/2023 15:33:49.350, 4.11006e+0, 0.00000e+0, 8.99790e+1, 0.00000e+0, 2.11247e+0, 0.00000e+0, 1.62694e+4, 0.00000e+0, 4.19662e+2, 0.00000e+0, 2.14741e+0, 0.00000e+0, 4.26602e+2, 0.00000e+0, 5.02123e+2, 0.00000e+0, 3.13701e+1, 0.00000e+0, 3.17492e+1, 0.00000e+0, 3.32417e+0, 0.00000e+0, 3.48322e+0, 0.00000e+0, 2.00000e+1, 0.00000e+0, 2.00000e+1, 0.00000e+0, 3, -1, Disabled
03/15/2023 15:33:50.400, 03/15/2023 15:33:50.344, 4.11017e+0, 0.00000e+0, 8.99957e+1, 0.00000e+0, 2.11340e+0, 0.00000e+0, 1.63009e+4, 0.00000e+0, 4.18934e+2, 0.00000e+0, 2.14842e+0, 0.00000e+0, 4.25877e+2, 0.00000e+0, 5.02093e+2, 0.00000e+0, 3.13502e+1, 0.00000e+0, 3.17425e+1, 0.00000e+0, 3.32550e+0, 0.00000e+0, 3.48418e+0, 0.00000e+0, 2.00000e+1, 0.00000e+0, 2.00000e+1, 0.00000e+0, 3, -1, Disabled
03/15/2023 15:33:51.391, 03/15/2023 15:33:51.339, 4.11012e+0, 0.00000e+0, 8.99886e+1, 0.00000e+0, 2.11037e+0, 0.00000e+0, 1.62682e+4, 0.00000e+0, 4.18996e+2, 0.00000e+0, 2.14527e+0, 0.00000e+0, 4.25925e+2, 0.00000e+0, 5.02107e+2, 0.00000e+0, 3.13574e+1, 0.00000e+0, 3.17399e+1, 0.00000e+0, 3.32518e+0, 0.00000e+0, 3.48413e+0, 0.00000e+0, 2.00000e+1, 0.00000e+0, 2.00000e+1, 0.00000e+0, 3, -1, Disabled
03/15/2023 15:33:52.392, 03/15/2023 15:33:52.333, 4.11014e+0, 0.00000e+0, 8.99906e+1, 0.00000e+0, 2.11439e+0, 0.00000e+0, 1.63109e+4, 0.00000e+0, 4.19063e+2, 0.00000e+0, 2.14945e+0, 0.00000e+0, 4.26012e+2, 0.00000e+0, 5.02113e+2, 0.00000e+0, 3.13480e+1, 0.00000e+0, 3.17346e+1, 0.00000e+0, 3.32419e+0, 0.00000e+0, 3.48378e+0, 0.00000e+0, 2.00000e+1, 0.00000e+0, 2.00000e+1, 0.00000e+0, 3, -1, Disabled
03/15/2023 15:33:53.384, 03/15/2023 15:33:53.327, 4.11020e+0, 0.00000e+0, 8.99995e+1, 0.00000e+0, 2.11018e+0, 0.00000e+0, 1.62304e+4, 0.00000e+0, 4.18061e+2, 0.00000e+0, 2.14500e+0, 0.00000e+0, 4.24959e+2, 0.00000e+0, 5.02108e+2, 0.00000e+0, 3.13623e+1, 0.00000e+0, 3.17259e+1, 0.00000e+0, 3.32467e+0, 0.00000e+0, 3.48240e+0, 0.00000e+0, 2.00000e+1, 0.00000e+0, 2.00000e+1, 0.00000e+0, 3, -1, Disabled
03/15/2023 15:33:54.376, 03/15/2023 15:33:54.322, 4.11024e+0, 0.00000e+0, 9.00060e+1, 0.00000e+0, 2.11001e+0, 0.00000e+0, 1.64067e+4, 0.00000e+0, 4.17592e+2, 0.00000e+0, 2.14520e+0, 0.00000e+0, 4.24557e+2, 0.00000e+0, 5.02084e+2, 0.00000e+0, 3.13561e+1, 0.00000e+0, 3.17216e+1, 0.00000e+0, 3.32528e+0, 0.00000e+0, 3.48390e+0, 0.00000e+0, 2.00000e+1, 0.00000e+0, 2.00000e+1, 0.00000e+0, 3, -1, Disabled
03/15/2023 15:33:55.375, 03/15/2023 15:33:55.317, 4.11017e+0, 0.00000e+0, 8.99961e+1, 0.00000e+0, 2.11030e+0, 0.00000e+0, 1.62907e+4, 0.00000e+0, 4.19578e+2, 0.00000e+0, 2.14525e+0, 0.00000e+0, 4.26526e+2, 0.00000e+0, 5.02112e+2, 0.00000e+0, 3.13567e+1, 0.00000e+0, 3.17141e+1, 0.00000e+0, 3.32535e+0, 0.00000e+0, 3.48404e+0, 0.00000e+0, 2.00000e+1, 0.00000e+0, 2.00000e+1, 0.00000e+0, 3, -1, Disabled
03/15/2023 15:33:56.369, 03/15/2023 15:33:56.311, 4.11030e+0, 0.00000e+0, 9.00143e+1, 0.00000e+0, 2.11042e+0, 0.00000e+0, 1.63065e+4, 0.00000e+0, 4.18273e+2, 0.00000e+0, 2.14540e+0, 0.00000e+0, 4.25207e+2, 0.00000e+0, 5.02119e+2, 0.00000e+0, 3.13544e+1, 0.00000e+0, 3.17143e+1, 0.00000e+0, 3.32478e+0, 0.00000e+0, 3.48512e+0, 0.00000e+0, 2.00000e+1, 0.00000e+0, 2.00000e+1, 0.00000e+0, 3, -1, Disabled
03/15/2023 15:33:57.363, 03/15/2023 15:33:57.306, 4.11030e+0, 0.00000e+0, 9.00154e+1, 0.00000e+0, 2.11122e+0, 0.00000e+0, 1.64026e+4, 0.00000e+0, 4.18354e+2, 0.00000e+0, 2.14642e+0, 0.00000e+0, 4.25331e+2, 0.00000e+0, 5.02068e+2, 0.00000e+0, 3.13673e+1, 0.00000e+0, 3.17170e+1, 0.00000e+0, 3.32449e+0, 0.00000e+0, 3.48412e+0, 0.00000e+0, 2.00000e+1, 0.00000e+0, 2.00000e+1, 0.00000e+0, 3, -1, Disabled
03/15/2023 15:33:58.363, 03/15/2023 15:33:58.300, 4.11012e+0, 0.00000e+0, 8.99876e+1, 0.00000e+0, 2.11236e+0, 0.00000e+0, 1.65273e+4, 0.00000e+0, 4.19151e+2, 0.00000e+0, 2.14786e+0, 0.00000e+0, 4.26195e+2, 0.00000e+0, 5.02110e+2, 0.00000e+0, 3.13772e+1, 0.00000e+0, 3.16987e+1, 0.00000e+0, 3.32553e+0, 0.00000e+0, 3.48341e+0, 0.00000e+0, 2.00000e+1, 0.00000e+0, 2.00000e+1, 0.00000e+0, 3, -1, Disabled
03/15/2023 15:33:59.355, 03/15/2023 15:33:59.295, 4.11011e+0, 0.00000e+0, 8.99869e+1, 0.00000e+0, 2.11208e+0, 0.00000e+0, 1.64623e+4, 0.00000e+0, 4.18369e+2, 0.00000e+0, 2.14743e+0, 0.00000e+0, 4.25372e+2, 0.00000e+0, 5.02092e+2, 0.00000e+0, 3.13670e+1, 0.00000e+0, 3.16892e+1, 0.00000e+0, 3.32552e+0, 0.00000e+0, 3.48397e+0, 0.00000e+0, 2.00000e+1, 0.00000e+0, 2.00000e+1, 0.00000e+0, 3, -1, Disabled
03/15/2023 15:34:00.340, 03/15/2023 15:34:00.289, 4.11033e+0, 0.00000e+0, 9.00193e+1, 0.00000e+0, 2.11194e+0, 0.00000e+0, 1.66417e+4, 0.00000e+0, 4.19540e+2, 0.00000e+0, 2.14768e+0, 0.00000e+0, 4.26640e+2, 0.00000e+0, 5.02085e+2, 0.00000e+0, 3.14029e+1, 0.00000e+0, 3.16813e+1, 0.00000e+0, 3.32487e+0, 0.00000e+0, 3.48351e+0, 0.00000e+0, 2.00000e+1, 0.00000e+0, 2.00000e+1, 0.00000e+0, 3, -1, Disabled
03/15/2023 15:34:01.336, 03/15/2023 15:34:01.283, 4.11015e+0, 0.00000e+0, 8.99921e+1, 0.00000e+0, 2.11140e+0, 0.00000e+0, 1.66448e+4, 0.00000e+0, 4.18721e+2, 0.00000e+0, 2.14713e+0, 0.00000e+0, 4.25808e+2, 0.00000e+0, 5.02057e+2, 0.00000e+0, 3.13630e+1, 0.00000e+0, 3.16807e+1, 0.00000e+0, 3.32339e+0, 0.00000e+0, 3.48378e+0, 0.00000e+0, 2.00000e+1, 0.00000e+0, 2.00000e+1, 0.00000e+0, 3, -1, Disabled
03/15/2023 15:34:02.335, 03/15/2023 15:34:02.278, 4.11014e+0, 0.00000e+0, 8.99906e+1, 0.00000e+0, 2.11020e+0, 0.00000e+0, 1.69906e+4, 0.00000e+0, 4.18321e+2, 0.00000e+0, 2.14667e+0, 0.00000e+0, 4.25551e+2, 0.00000e+0, 5.02068e+2, 0.00000e+0, 3.13687e+1, 0.00000e+0, 3.16760e+1, 0.00000e+0, 3.32425e+0, 0.00000e+0, 3.48399e+0, 0.00000e+0, 2.00000e+1, 0.00000e+0, 2.00000e+1, 0.00000e+0, 3, -1, Disabled
03/15/2023 15:34:03.331, 03/15/2023 15:34:03.274, 4.11002e+0, 0.00000e+0, 8.99735e+1, 0.00000e+0, 2.11136e+0, 0.00000e+0, 1.70896e+4, 0.00000e+0, 4.18052e+2, 0.00000e+0, 2.14807e+0, 0.00000e+0, 4.25321e+2, 0.00000e+0, 5.02057e+2, 0.00000e+0, 3.14921e+1, 0.00000e+0, 3.16697e+1, 0.00000e+0, 3.32408e+0, 0.00000e+0, 3.48368e+0, 0.00000e+0, 2.00000e+1, 0.00000e+0, 2.00000e+1, 0.00000e+0, 3, -1, Disabled
03/15/2023 15:34:04.322, 03/15/2023 15:34:04.268, 4.11000e+0, 0.00000e+0, 8.99712e+1, 0.00000e+0, 2.11180e+0, 0.00000e+0, 1.73958e+4, 0.00000e+0, 4.17975e+2, 0.00000e+0, 2.14918e+0, 0.00000e+0, 4.25375e+2, 0.00000e+0, 5.02107e+2, 0.00000e+0, 3.13794e+1, 0.00000e+0, 3.16667e+1, 0.00000e+0, 3.32478e+0, 0.00000e+0, 3.48360e+0, 0.00000e+0, 2.00000e+1, 0.00000e+0, 2.00000e+1, 0.00000e+0, 3, -1, Disabled
03/15/2023 15:34:05.321, 03/15/2023 15:34:05.262, 4.11003e+0, 0.00000e+0, 8.99749e+1, 0.00000e+0, 2.10870e+0, 0.00000e+0, 1.71540e+4, 0.00000e+0, 4.18279e+2, 0.00000e+0, 2.14551e+0, 0.00000e+0, 4.25579e+2, 0.00000e+0, 5.02114e+2, 0.00000e+0, 3.13939e+1, 0.00000e+0, 3.16692e+1, 0.00000e+0, 3.32475e+0, 0.00000e+0, 3.48332e+0, 0.00000e+0, 2.00000e+1, 0.00000e+0, 2.00000e+1, 0.00000e+0, 3, -1, Disabled
03/15/2023 15:34:06.318, 03/15/2023 15:34:06.256, 4.11037e+0, 0.00000e+0, 9.00245e+1, 0.00000e+0, 2.11324e+0, 0.00000e+0, 1.70488e+4, 0.00000e+0, 4.18695e+2, 0.00000e+0, 2.14989e+0, 0.00000e+0, 4.25957e+2, 0.00000e+0, 5.02121e+2, 0.00000e+0, 3.13881e+1, 0.00000e+0, 3.16794e+1, 0.00000e+0, 3.32457e+0, 0.00000e+0, 3.48236e+0, 0.00000e+0, 2.00000e+1, 0.00000e+0, 2.00000e+1, 0.00000e+0, 3, -1, Disabled
03/15/2023 15:34:07.312, 03/15/2023 15:34:07.251, 4.11059e+0, 0.00000e+0, 9.00576e+1, 0.00000e+0, 2.10958e+0, 0.00000e+0, 1.70942e+4, 0.00000e+0, 4.18583e+2, 0.00000e+0, 2.14627e+0, 0.00000e+0, 4.25863e+2, 0.00000e+0, 5.02099e+2, 0.00000e+0, 3.13717e+1, 0.00000e+0, 3.16742e+1, 0.00000e+0, 3.32429e+0, 0.00000e+0, 3.48281e+0, 0.00000e+0, 2.00000e+1, 0.00000e+0, 2.00000e+1, 0.00000e+0, 3, -1, Disabled
03/15/2023 15:34:08.301, 03/15/2023 15:34:08.247, 4.11036e+0, 0.00000e+0, 9.00235e+1, 0.00000e+0, 2.11194e+0, 0.00000e+0, 1.73600e+4, 0.00000e+0, 4.17593e+2, 0.00000e+0, 2.14925e+0, 0.00000e+0, 4.24970e+2, 0.00000e+0, 5.02133e+2, 0.00000e+0, 3.13783e+1, 0.00000e+0, 3.16786e+1, 0.00000e+0, 3.32486e+0, 0.00000e+0, 3.48345e+0, 0.00000e+0, 2.00000e+1, 0.00000e+0, 2.00000e+1, 0.00000e+0, 3, -1, Disabled
03/15/2023 15:34:09.299, 03/15/2023 15:34:09.241, 4.11070e+0, 0.00000e+0, 9.00732e+1, 0.00000e+0, 2.11415e+0, 0.00000e+0, 1.71852e+4, 0.00000e+0, 4.17998e+2, 0.00000e+0, 2.15112e+0, 0.00000e+0, 4.25307e+2, 0.00000e+0, 5.02085e+2, 0.00000e+0, 3.14384e+1, 0.00000e+0, 3.16795e+1, 0.00000e+0, 3.32368e+0, 0.00000e+0, 3.48220e+0, 0.00000e+0, 2.00000e+1, 0.00000e+0, 2.00000e+1, 0.00000e+0, 3, -1, Disabled
03/15/2023 15:34:10.291, 03/15/2023 15:34:10.234, 4.11057e+0, 0.00000e+0, 9.00540e+1, 0.00000e+0, 2.10913e+0, 0.00000e+0, 1.68538e+4, 0.00000e+0, 4.18481e+2, 0.00000e+0, 2.14529e+0, 0.00000e+0, 4.25655e+2, 0.00000e+0, 5.02106e+2, 0.00000e+0, 3.14054e+1, 0.00000e+0, 3.16726e+1, 0.00000e+0, 3.32454e+0, 0.00000e+0, 3.48403e+0, 0.00000e+0, 2.00000e+1, 0.00000e+0, 2.00000e+1, 0.00000e+0, 3, -1, Disabled
03/15/2023 15:34:11.287, 03/15/2023 15:34:11.229, 4.11050e+0, 0.00000e+0, 9.00447e+1, 0.00000e+0, 2.11385e+0, 0.00000e+0, 1.68758e+4, 0.00000e+0, 4.18420e+2, 0.00000e+0, 2.15014e+0, 0.00000e+0, 4.25603e+2, 0.00000e+0, 5.02062e+2, 0.00000e+0, 3.13807e+1, 0.00000e+0, 3.16703e+1, 0.00000e+0, 3.32431e+0, 0.00000e+0, 3.48274e+0, 0.00000e+0, 2.00000e+1, 0.00000e+0, 2.00000e+1, 0.00000e+0, 3, -1, Disabled
03/15/2023 15:34:12.275, 03/15/2023 15:34:12.225, 4.11020e+0, 0.00000e+0, 9.00003e+1, 0.00000e+0, 2.11306e+0, 0.00000e+0, 1.68624e+4, 0.00000e+0, 4.17510e+2, 0.00000e+0, 2.14930e+0, 0.00000e+0, 4.24671e+2, 0.00000e+0, 5.02076e+2, 0.00000e+0, 3.14135e+1, 0.00000e+0, 3.16609e+1, 0.00000e+0, 3.32395e+0, 0.00000e+0, 3.48296e+0, 0.00000e+0, 2.00000e+1, 0.00000e+0, 2.00000e+1, 0.00000e+0, 3, -1, Disabled
03/15/2023 15:34:13.279, 03/15/2023 15:34:13.219, 4.10993e+0, 0.00000e+0, 8.99605e+1, 0.00000e+0, 2.11457e+0, 0.00000e+0, 1.69275e+4, 0.00000e+0, 4.18366e+2, 0.00000e+0, 2.15098e+0, 0.00000e+0, 4.25570e+2, 0.00000e+0, 5.02066e+2, 0.00000e+0, 3.14063e+1, 0.00000e+0, 3.16631e+1, 0.00000e+0, 3.32401e+0, 0.00000e+0, 3.48369e+0, 0.00000e+0, 2.00000e+1, 0.00000e+0, 2.00000e+1, 0.00000e+0, 3, -1, Disabled
03/15/2023 15:34:14.269, 03/15/2023 15:34:14.212, 4.11043e+0, 0.00000e+0, 9.00346e+1, 0.00000e+0, 2.11313e+0, 0.00000e+0, 1.72035e+4, 0.00000e+0, 4.17989e+2, 0.00000e+0, 2.15012e+0, 0.00000e+0, 4.25306e+2, 0.00000e+0, 5.02060e+2, 0.00000e+0, 3.14038e+1, 0.00000e+0, 3.16713e+1, 0.00000e+0, 3.32424e+0, 0.00000e+0, 3.48326e+0, 0.00000e+0, 2.00000e+1, 0.00000e+0, 2.00000e+1, 0.00000e+0, 3, -1, Disabled
03/15/2023 15:34:15.270, 03/15/2023 15:34:15.207, 4.11021e+0, 0.00000e+0, 9.00020e+1, 0.00000e+0, 2.11236e+0, 0.00000e+0, 1.73664e+4, 0.00000e+0, 4.17559e+2, 0.00000e+0, 2.14969e+0, 0.00000e+0, 4.24939e+2, 0.00000e+0, 5.02060e+2, 0.00000e+0, 3.13756e+1, 0.00000e+0, 3.16741e+1, 0.00000e+0, 3.32507e+0, 0.00000e+0, 3.48301e+0, 0.00000e+0, 2.00000e+1, 0.00000e+0, 2.00000e+1, 0.00000e+0, 3, -1, Disabled
03/15/2023 15:34:16.265, 03/15/2023 15:34:16.202, 4.11032e+0, 0.00000e+0, 9.00172e+1, 0.00000e+0, 2.11044e+0, 0.00000e+0, 1.73638e+4, 0.00000e+0, 4.17892e+2, 0.00000e+0, 2.14773e+0, 0.00000e+0, 4.25276e+2, 0.00000e+0, 5.02075e+2, 0.00000e+0, 3.14150e+1, 0.00000e+0, 3.16795e+1, 0.00000e+0, 3.32452e+0, 0.00000e+0, 3.48367e+0, 0.00000e+0, 2.00000e+1, 0.00000e+0, 2.00000e+1, 0.00000e+0, 3, -1, Disabled
03/15/2023 15:34:17.252, 03/15/2023 15:34:17.196, 4.11016e+0, 0.00000e+0, 8.99948e+1, 0.00000e+0, 2.11020e+0, 0.00000e+0, 1.73773e+4, 0.00000e+0, 4.18447e+2, 0.00000e+0, 2.14752e+0, 0.00000e+0, 4.25847e+2, 0.00000e+0, 5.02052e+2, 0.00000e+0, 3.14543e+1, 0.00000e+0, 3.16776e+1, 0.00000e+0, 3.32450e+0, 0.00000e+0, 3.48234e+0, 0.00000e+0, 2.00000e+1, 0.00000e+0, 2.00000e+1, 0.00000e+0, 3, -1, Disabled
03/15/2023 15:34:18.246, 03/15/2023 15:34:18.190, 4.11017e+0, 0.00000e+0, 8.99953e+1, 0.00000e+0, 2.10909e+0, 0.00000e+0, 1.73588e+4, 0.00000e+0, 4.17470e+2, 0.00000e+0, 2.14634e+0, 0.00000e+0, 4.24845e+2, 0.00000e+0, 5.02101e+2, 0.00000e+0, 3.13747e+1, 0.00000e+0, 3.16837e+1, 0.00000e+0, 3.32545e+0, 0.00000e+0, 3.48352e+0, 0.00000e+0, 2.00000e+1, 0.00000e+0, 2.00000e+1, 0.00000e+0, 3, -1, Disabled
03/15/2023 15:34:19.240, 03/15/2023 15:34:19.186, 4.11030e+0, 0.00000e+0, 9.00145e+1, 0.00000e+0, 2.11377e+0, 0.00000e+0, 1.73903e+4, 0.00000e+0, 4.18179e+2, 0.00000e+0, 2.15118e+0, 0.00000e+0, 4.25580e+2, 0.00000e+0, 5.02052e+2, 0.00000e+0, 3.13693e+1, 0.00000e+0, 3.16831e+1, 0.00000e+0, 3.32520e+0, 0.00000e+0, 3.48546e+0, 0.00000e+0, 2.00000e+1, 0.00000e+0, 2.00000e+1, 0.00000e+0, 3, -1, Disabled
03/15/2023 15:34:20.243, 03/15/2023 15:34:20.187, 4.11041e+0, 0.00000e+0, 9.00310e+1, 0.00000e+0, 2.11250e+0, 0.00000e+0, 1.74057e+4, 0.00000e+0, 4.17994e+2, 0.00000e+0, 2.14992e+0, 0.00000e+0, 4.25399e+2, 0.00000e+0, 5.02083e+2, 0.00000e+0, 3.13782e+1, 0.00000e+0, 3.16906e+1, 0.00000e+0, 3.32531e+0, 0.00000e+0, 3.48262e+0, 0.00000e+0, 2.00000e+1, 0.00000e+0, 2.00000e+1, 0.00000e+0, 3, -1, Disabled
03/15/2023 15:34:21.246, 03/15/2023 15:34:21.181, 4.11021e+0, 0.00000e+0, 9.00017e+1, 0.00000e+0, 2.11045e+0, 0.00000e+0, 1.72858e+4, 0.00000e+0, 4.17866e+2, 0.00000e+0, 2.14757e+0, 0.00000e+0, 4.25216e+2, 0.00000e+0, 5.02099e+2, 0.00000e+0, 3.13691e+1, 0.00000e+0, 3.16772e+1, 0.00000e+0, 3.32412e+0, 0.00000e+0, 3.48325e+0, 0.00000e+0, 2.00000e+1, 0.00000e+0, 2.00000e+1, 0.00000e+0, 3, -1, Disabled
03/15/2023 15:34:22.230, 03/15/2023 15:34:22.176, 4.11014e+0, 0.00000e+0, 8.99919e+1, 0.00000e+0, 2.10922e+0, 0.00000e+0, 1.70207e+4, 0.00000e+0, 4.18984e+2, 0.00000e+0, 2.14574e+0, 0.00000e+0, 4.26239e+2, 0.00000e+0, 5.02112e+2, 0.00000e+0, 3.13999e+1, 0.00000e+0, 3.16714e+1, 0.00000e+0, 3.32442e+0, 0.00000e+0, 3.48299e+0, 0.00000e+0, 2.00000e+1, 0.00000e+0, 2.00000e+1, 0.00000e+0, 3, -1, Disabled
03/15/2023 15:34:23.227, 03/15/2023 15:34:23.170, 4.11030e+0, 0.00000e+0, 9.00152e+1, 0.00000e+0, 2.10983e+0, 0.00000e+0, 1.68487e+4, 0.00000e+0, 4.18039e+2, 0.00000e+0, 2.14599e+0, 0.00000e+0, 4.25203e+2, 0.00000e+0, 5.02096e+2, 0.00000e+0, 3.13880e+1, 0.00000e+0, 3.16771e+1, 0.00000e+0, 3.32534e+0, 0.00000e+0, 3.48356e+0, 0.00000e+0, 2.00000e+1, 0.00000e+0, 2.00000e+1, 0.00000e+0, 3, -1, Disabled
03/15/2023 15:34:24.223, 03/15/2023 15:34:24.164, 4.11022e+0, 0.00000e+0, 9.00036e+1, 0.00000e+0, 2.11195e+0, 0.00000e+0, 1.70284e+4, 0.00000e+0, 4.18274e+2, 0.00000e+0, 2.14854e+0, 0.00000e+0, 4.25520e+2, 0.00000e+0, 5.02073e+2, 0.00000e+0, 3.13909e+1, 0.00000e+0, 3.16769e+1, 0.00000e+0, 3.32531e+0, 0.00000e+0, 3.48323e+0, 0.00000e+0, 2.00000e+1, 0.00000e+0, 2.00000e+1, 0.00000e+0, 3, -1, Disabled
03/15/2023 15:34:25.219, 03/15/2023 15:34:25.159, 4.11018e+0, 0.00000e+0, 8.99976e+1, 0.00000e+0, 2.11026e+0, 0.00000e+0, 1.70990e+4, 0.00000e+0, 4.17483e+2, 0.00000e+0, 2.14697e+0, 0.00000e+0, 4.24745e+2, 0.00000e+0, 5.02074e+2, 0.00000e+0, 3.14168e+1, 0.00000e+0, 3.16788e+1, 0.00000e+0, 3.32541e+0, 0.00000e+0, 3.48302e+0, 0.00000e+0, 2.00000e+1, 0.00000e+0, 2.00000e+1, 0.00000e+0, 3, -1, Disabled
03/15/2023 15:34:26.207, 03/15/2023 15:34:26.155, 4.10997e+0, 0.00000e+0, 8.99666e+1, 0.00000e+0, 2.11366e+0, 0.00000e+0, 1.71738e+4, 0.00000e+0, 4.17809e+2, 0.00000e+0, 2.15059e+0, 0.00000e+0, 4.25110e+2, 0.00000e+0, 5.02085e+2, 0.00000e+0, 3.13806e+1, 0.00000e+0, 3.16675e+1, 0.00000e+0, 3.32471e+0, 0.00000e+0, 3.48339e+0, 0.00000e+0, 2.00000e+1, 0.00000e+0, 2.00000e+1, 0.00000e+0, 3, -1, Disabled
03/15/2023 15:34:27.208, 03/15/2023 15:34:27.148, 4.11026e+0, 0.00000e+0, 9.00090e+1, 0.00000e+0, 2.11310e+0, 0.00000e+0, 1.73007e+4, 0.00000e+0, 4.18259e+2, 0.00000e+0, 2.15030e+0, 0.00000e+0, 4.25623e+2, 0.00000e+0, 5.02082e+2, 0.00000e+0, 3.13846e+1, 0.00000e+0, 3.16700e+1, 0.00000e+0, 3.32412e+0, 0.00000e+0, 3.48229e+0, 0.00000e+0, 2.00000e+1, 0.00000e+0, 2.00000e+1, 0.00000e+0, 3, -1, Disabled
03/15/2023 15:34:28.206, 03/15/2023 15:34:28.143, 4.11019e+0, 0.00000e+0, 8.99983e+1, 0.00000e+0, 2.11237e+0, 0.00000e+0, 1.73765e+4, 0.00000e+0, 4.19013e+2, 0.00000e+0, 2.14973e+0, 0.00000e+0, 4.26423e+2, 0.00000e+0, 5.02056e+2, 0.00000e+0, 3.14143e+1, 0.00000e+0, 3.16571e+1, 0.00000e+0, 3.32532e+0, 0.00000e+0, 3.48409e+0, 0.00000e+0, 2.00000e+1, 0.00000e+0, 2.00000e+1, 0.00000e+0, 3, -1, Disabled
03/15/2023 15:34:29.193, 03/15/2023 15:34:29.137, 4.11011e+0, 0.00000e+0, 8.99866e+1, 0.00000e+0, 2.11304e+0, 0.00000e+0, 1.78031e+4, 0.00000e+0, 4.17235e+2, 0.00000e+0, 2.15134e+0, 0.00000e+0, 4.24798e+2, 0.00000e+0, 5.02108e+2, 0.00000e+0, 3.14276e+1, 0.00000e+0, 3.16599e+1, 0.00000e+0, 3.32391e+0, 0.00000e+0, 3.48404e+0, 0.00000e+0, 2.00000e+1, 0.00000e+0, 2.00000e+1, 0.00000e+0, 3, -1, Disabled
03/15/2023 15:34:30.188, 03/15/2023 15:34:30.132, 4.11003e+0, 0.00000e+0, 8.99749e+1, 0.00000e+0, 2.11246e+0, 0.00000e+0, 1.79086e+4, 0.00000e+0, 4.18320e+2, 0.00000e+0, 2.15098e+0, 0.00000e+0, 4.25948e+2, 0.00000e+0, 5.02091e+2, 0.00000e+0, 3.14457e+1, 0.00000e+0, 3.16620e+1, 0.00000e+0, 3.32448e+0, 0.00000e+0, 3.48326e+0, 0.00000e+0, 2.00000e+1, 0.00000e+0, 2.00000e+1, 0.00000e+0, 3, -1, Disabled
03/15/2023 15:34:31.196, 03/15/2023 15:34:31.126, 4.11006e+0, 0.00000e+0, 8.99801e+1, 0.00000e+0, 2.11086e+0, 0.00000e+0, 1.75520e+4, 0.00000e+0, 4.17784e+2, 0.00000e+0, 2.14857e+0, 0.00000e+0, 4.25248e+2, 0.00000e+0, 5.02081e+2, 0.00000e+0, 3.14429e+1, 0.00000e+0, 3.16555e+1, 0.00000e+0, 3.32457e+0, 0.00000e+0, 3.48288e+0, 0.00000e+0, 2.00000e+1, 0.00000e+0, 2.00000e+1, 0.00000e+0, 3, -1, Disabled
03/15/2023 15:34:32.179, 03/15/2023 15:34:32.121, 4.11020e+0, 0.00000e+0, 8.99999e+1, 0.00000e+0, 2.11445e+0, 0.00000e+0, 1.75648e+4, 0.00000e+0, 4.19053e+2, 0.00000e+0, 2.15225e+0, 0.00000e+0, 4.26545e+2, 0.00000e+0, 5.02039e+2, 0.00000e+0, 3.14308e+1, 0.00000e+0, 3.16489e+1, 0.00000e+0, 3.32473e+0, 0.00000e+0, 3.48348e+0, 0.00000e+0, 2.00000e+1, 0.00000e+0, 2.00000e+1, 0.00000e+0, 3, -1, Disabled
03/15/2023 15:34:33.171, 03/15/2023 15:34:33.116, 4.10982e+0, 0.00000e+0, 8.99447e+1, 0.00000e+0, 2.11084e+0, 0.00000e+0, 1.82055e+4, 0.00000e+0, 4.18076e+2, 0.00000e+0, 2.14999e+0, 0.00000e+0, 4.25829e+2, 0.00000e+0, 5.02112e+2, 0.00000e+0, 3.14266e+1, 0.00000e+0, 3.16384e+1, 0.00000e+0, 3.32480e+0, 0.00000e+0, 3.48271e+0, 0.00000e+0, 2.00000e+1, 0.00000e+0, 2.00000e+1, 0.00000e+0, 3, -1, Disabled
03/15/2023 15:34:34.170, 03/15/2023 15:34:34.109, 4.10986e+0, 0.00000e+0, 8.99502e+1, 0.00000e+0, 2.10830e+0, 0.00000e+0, 1.84183e+4, 0.00000e+0, 4.17151e+2, 0.00000e+0, 2.14786e+0, 0.00000e+0, 4.24978e+2, 0.00000e+0, 5.02057e+2, 0.00000e+0, 3.14125e+1, 0.00000e+0, 3.16488e+1, 0.00000e+0, 3.32488e+0, 0.00000e+0, 3.48242e+0, 0.00000e+0, 2.00000e+1, 0.00000e+0, 2.00000e+1, 0.00000e+0, 3, -1, Disabled
03/15/2023 15:34:35.176, 03/15/2023 15:34:35.105, 4.11019e+0, 0.00000e+0, 8.99981e+1, 0.00000e+0, 2.11078e+0, 0.00000e+0, 1.81253e+4, 0.00000e+0, 4.18157e+2, 0.00000e+0, 2.14975e+0, 0.00000e+0, 4.25876e+2, 0.00000e+0, 5.02071e+2, 0.00000e+0, 3.14020e+1, 0.00000e+0, 3.16513e+1, 0.00000e+0, 3.32483e+0, 0.00000e+0, 3.48389e+0, 0.00000e+0, 2.00000e+1, 0.00000e+0, 2.00000e+1, 0.00000e+0, 3, -1, Disabled
03/15/2023 15:34:36.168, 03/15/2023 15:34:36.099, 4.10993e+0, 0.00000e+0, 8.99607e+1, 0.00000e+0, 2.11254e+0, 0.00000e+0, 1.78996e+4, 0.00000e+0, 4.18392e+2, 0.00000e+0, 2.15104e+0, 0.00000e+0, 4.26017e+2, 0.00000e+0, 5.02124e+2, 0.00000e+0, 3.14027e+1, 0.00000e+0, 3.16428e+1, 0.00000e+0, 3.32508e+0, 0.00000e+0, 3.48463e+0, 0.00000e+0, 2.00000e+1, 0.00000e+0, 2.00000e+1, 0.00000e+0, 3, -1, Disabled
03/15/2023 15:34:37.154, 03/15/2023 15:34:37.094, 4.10991e+0, 0.00000e+0, 8.99576e+1, 0.00000e+0, 2.11376e+0, 0.00000e+0, 1.80151e+4, 0.00000e+0, 4.18253e+2, 0.00000e+0, 2.15254e+0, 0.00000e+0, 4.25926e+2, 0.00000e+0, 5.02083e+2, 0.00000e+0, 3.13976e+1, 0.00000e+0, 3.16319e+1, 0.00000e+0, 3.32434e+0, 0.00000e+0, 3.48283e+0, 0.00000e+0, 2.00000e+1, 0.00000e+0, 2.00000e+1, 0.00000e+0, 3, -1, Disabled
03/15/2023 15:34:38.144, 03/15/2023 15:34:38.088, 4.10990e+0, 0.00000e+0, 8.99550e+1, 0.00000e+0, 2.11078e+0, 0.00000e+0, 1.79259e+4, 0.00000e+0, 4.17008e+2, 0.00000e+0, 2.14931e+0, 0.00000e+0, 4.24619e+2, 0.00000e+0, 5.02077e+2, 0.00000e+0, 3.13676e+1, 0.00000e+0, 3.16364e+1, 0.00000e+0, 3.32532e+0, 0.00000e+0, 3.48461e+0, 0.00000e+0, 2.00000e+1, 0.00000e+0, 2.00000e+1, 0.00000e+0, 3, -1, Disabled
03/15/2023 15:34:39.140, 03/15/2023 15:34:39.083, 4.10975e+0, 0.00000e+0, 8.99331e+1, 0.00000e+0, 2.10858e+0, 0.00000e+0, 1.74585e+4, 0.00000e+0, 4.16910e+2, 0.00000e+0, 2.14605e+0, 0.00000e+0, 4.24318e+2, 0.00000e+0, 5.02114e+2, 0.00000e+0, 3.14023e+1, 0.00000e+0, 3.16260e+1, 0.00000e+0, 3.32484e+0, 0.00000e+0, 3.48326e+0, 0.00000e+0, 2.00000e+1, 0.00000e+0, 2.00000e+1, 0.00000e+0, 3, -1, Disabled
03/15/2023 15:34:40.130, 03/15/2023 15:34:40.077, 4.10969e+0, 0.00000e+0, 8.99252e+1, 0.00000e+0, 2.11114e+0, 0.00000e+0, 1.70183e+4, 0.00000e+0, 4.18225e+2, 0.00000e+0, 2.14769e+0, 0.00000e+0, 4.25466e+2, 0.00000e+0, 5.02065e+2, 0.00000e+0, 3.13739e+1, 0.00000e+0, 3.16303e+1, 0.00000e+0, 3.32500e+0, 0.00000e+0, 3.48388e+0, 0.00000e+0, 2.00000e+1, 0.00000e+0, 2.00000e+1, 0.00000e+0, 3, -1, Disabled
03/15/2023 15:34:41.136, 03/15/2023 15:34:41.078, 4.11009e+0, 0.00000e+0, 8.99843e+1, 0.00000e+0, 2.11229e+0, 0.00000e+0, 1.76472e+4, 0.00000e+0, 4.18323e+2, 0.00000e+0, 2.15024e+0, 0.00000e+0, 4.25838e+2, 0.00000e+0, 5.02094e+2, 0.00000e+0, 3.13977e+1, 0.00000e+0, 3.16141e+1, 0.00000e+0, 3.32523e+0, 0.00000e+0, 3.48298e+0, 0.00000e+0, 2.00000e+1, 0.00000e+0, 2.00000e+1, 0.00000e+0, 3, -1, Disabled
03/15/2023 15:34:42.128, 03/15/2023 15:34:42.073, 4.11004e+0, 0.00000e+0, 8.99768e+1, 0.00000e+0, 2.11327e+0, 0.00000e+0, 1.74655e+4, 0.00000e+0, 4.18213e+2, 0.00000e+0, 2.15083e+0, 0.00000e+0, 4.25648e+2, 0.00000e+0, 5.02063e+2, 0.00000e+0, 3.14372e+1, 0.00000e+0, 3.16174e+1, 0.00000e+0, 3.32527e+0, 0.00000e+0, 3.48430e+0, 0.00000e+0, 2.00000e+1, 0.00000e+0, 2.00000e+1, 0.00000e+0, 3, -1, Disabled
