SN:3K60180500001584 BD:Jul 23 2018 VC:834b9c1 MD5:48f99e4865ed8b810be1bb0eaaabf929
SysTime,                      Time,         Batt_v,      Batt_v_sd,   BATT_PERCENT,BATT_PERCENT_sd,      [CH4]_ppm,   [CH4]_ppm_sd,      [H2O]_ppm,   [H2O]_ppm_sd,      [CO2]_ppm,   [CO2]_ppm_sd,     [CH4]d_ppm,  [CH4]d_ppm_sd,     [CO2]d_ppm,  [CO2]d_ppm_sd,      GasP_torr,   GasP_torr_sd,         GasT_C,      GasT_C_sd,         AmbT_C,      AmbT_C_sd,         RD0_us,      RD0_us_sd,         RD1_us,      RD1_us_sd, Temp_Status_mA,Temp_Status_mA_sd,Analyzer_Status_mA,Analyzer_Status_mA_sd,       Fit_Flag,      MIU_VALVE,       MIU_DESC
10/22/2022 17:08:36.360, 10/22/2022 17:08:36.304, 4.15604e+0, 0.00000e+0, -2.11604e+2, 0.00000e+0, 2.12080e+0, 0.00000e+0, 8.22956e+3, 0.00000e+0, 1.55507e+3, 0.00000e+0, 1.06920e+0, 0.00000e+0, 7.83986e+2, 0.00000e+0, 5.06416e+2, 0.00000e+0, 2.13966e+1, 0.00000e+0, 2.25723e+1, 0.00000e+0, 3.78862e+0, 0.00000e+0, 3.27383e+0, 0.00000e+0, 2.00000e+1, 0.00000e+0, 2.00000e+1, 0.00000e+0, 2, 1, 
10/22/2022 17:08:37.348, 10/22/2022 17:08:37.298, 4.15610e+0, 0.00000e+0, 9.76334e+1, 0.00000e+0, 2.12706e+0, 0.00000e+0, 8.31560e+3, 0.00000e+0, 1.55027e+3, 0.00000e+0, 2.14489e+0, 0.00000e+0, 1.56327e+3, 0.00000e+0, 5.06204e+2, 0.00000e+0, 2.13996e+1, 0.00000e+0, 2.25946e+1, 0.00000e+0, 3.78869e+0, 0.00000e+0, 3.27283e+0, 0.00000e+0, 2.00000e+1, 0.00000e+0, 2.00000e+1, 0.00000e+0, 2, 1, 
10/22/2022 17:08:38.353, 10/22/2022 17:08:38.293, 4.15618e+0, 0.00000e+0, 9.76453e+1, 0.00000e+0, 2.12746e+0, 0.00000e+0, 8.51099e+3, 0.00000e+0, 1.55174e+3, 0.00000e+0, 2.14572e+0, 0.00000e+0, 1.56506e+3, 0.00000e+0, 5.06090e+2, 0.00000e+0, 2.13974e+1, 0.00000e+0, 2.25986e+1, 0.00000e+0, 3.79065e+0, 0.00000e+0, 3.27460e+0, 0.00000e+0, 2.00000e+1, 0.00000e+0, 2.00000e+1, 0.00000e+0, 2, 1, 
10/22/2022 17:08:39.344, 10/22/2022 17:08:39.287, 4.15612e+0, 0.00000e+0, 9.76371e+1, 0.00000e+0, 2.12576e+0, 0.00000e+0, 8.58549e+3, 0.00000e+0, 1.55865e+3, 0.00000e+0, 2.14417e+0, 0.00000e+0, 1.57214e+3, 0.00000e+0, 5.06260e+2, 0.00000e+0, 2.14109e+1, 0.00000e+0, 2.26155e+1, 0.00000e+0, 3.78921e+0, 0.00000e+0, 3.27347e+0, 0.00000e+0, 2.00000e+1, 0.00000e+0, 2.00000e+1, 0.00000e+0, 2, 1, 
10/22/2022 17:08:40.339, 10/22/2022 17:08:40.281, 4.15624e+0, 0.00000e+0, 9.76545e+1, 0.00000e+0, 2.12678e+0, 0.00000e+0, 8.71689e+3, 0.00000e+0, 1.56093e+3, 0.00000e+0, 2.14548e+0, 0.00000e+0, 1.57465e+3, 0.00000e+0, 5.06570e+2, 0.00000e+0, 2.14006e+1, 0.00000e+0, 2.26236e+1, 0.00000e+0, 3.78913e+0, 0.00000e+0, 3.27266e+0, 0.00000e+0, 2.00000e+1, 0.00000e+0, 2.00000e+1, 0.00000e+0, 2, 1, 
10/22/2022 17:08:41.330, 10/22/2022 17:08:41.277, 4.15617e+0, 0.00000e+0, 9.76437e+1, 0.00000e+0, 2.12393e+0, 0.00000e+0, 8.63562e+3, 0.00000e+0, 1.56235e+3, 0.00000e+0, 2.14243e+0, 0.00000e+0, 1.57596e+3, 0.00000e+0, 5.06189e+2, 0.00000e+0, 2.13967e+1, 0.00000e+0, 2.26359e+1, 0.00000e+0, 3.78970e+0, 0.00000e+0, 3.27304e+0, 0.00000e+0, 2.00000e+1, 0.00000e+0, 2.00000e+1, 0.00000e+0, 2, 1, 
10/22/2022 17:08:42.335, 10/22/2022 17:08:42.272, 4.15620e+0, 0.00000e+0, 9.76485e+1, 0.00000e+0, 2.12550e+0, 0.00000e+0, 8.73616e+3, 0.00000e+0, 1.56377e+3, 0.00000e+0, 2.14423e+0, 0.00000e+0, 1.57755e+3, 0.00000e+0, 5.06183e+2, 0.00000e+0, 2.14060e+1, 0.00000e+0, 2.26427e+1, 0.00000e+0, 3.78903e+0, 0.00000e+0, 3.27338e+0, 0.00000e+0, 2.00000e+1, 0.00000e+0, 2.00000e+1, 0.00000e+0, 2, 1, 
10/22/2022 17:08:43.343, 10/22/2022 17:08:43.266, 4.15629e+0, 0.00000e+0, 9.76628e+1, 0.00000e+0, 2.12988e+0, 0.00000e+0, 8.70535e+3, 0.00000e+0, 1.56047e+3, 0.00000e+0, 2.14858e+0, 0.00000e+0, 1.57418e+3, 0.00000e+0, 5.06177e+2, 0.00000e+0, 2.14040e+1, 0.00000e+0, 2.26548e+1, 0.00000e+0, 3.78923e+0, 0.00000e+0, 3.27400e+0, 0.00000e+0, 2.00000e+1, 0.00000e+0, 2.00000e+1, 0.00000e+0, 2, 1, 
10/22/2022 17:08:44.316, 10/22/2022 17:08:44.260, 4.15625e+0, 0.00000e+0, 9.76563e+1, 0.00000e+0, 2.12551e+0, 0.00000e+0, 9.14899e+3, 0.00000e+0, 1.56711e+3, 0.00000e+0, 2.14513e+0, 0.00000e+0, 1.58158e+3, 0.00000e+0, 5.06594e+2, 0.00000e+0, 2.14092e+1, 0.00000e+0, 2.26624e+1, 0.00000e+0, 3.78792e+0, 0.00000e+0, 3.27350e+0, 0.00000e+0, 2.00000e+1, 0.00000e+0, 2.00000e+1, 0.00000e+0, 2, 1, 
10/22/2022 17:08:45.309, 10/22/2022 17:08:45.254, 4.15619e+0, 0.00000e+0, 9.76469e+1, 0.00000e+0, 2.12715e+0, 0.00000e+0, 9.04645e+3, 0.00000e+0, 1.55921e+3, 0.00000e+0, 2.14657e+0, 0.00000e+0, 1.57344e+3, 0.00000e+0, 5.06184e+2, 0.00000e+0, 2.14061e+1, 0.00000e+0, 2.26786e+1, 0.00000e+0, 3.78765e+0, 0.00000e+0, 3.27306e+0, 0.00000e+0, 2.00000e+1, 0.00000e+0, 2.00000e+1, 0.00000e+0, 2, 1, 
10/22/2022 17:08:46.307, 10/22/2022 17:08:46.249, 4.15636e+0, 0.00000e+0, 9.76726e+1, 0.00000e+0, 2.12868e+0, 0.00000e+0, 9.04698e+3, 0.00000e+0, 1.55414e+3, 0.00000e+0, 2.14811e+0, 0.00000e+0, 1.56833e+3, 0.00000e+0, 5.07226e+2, 0.00000e+0, 2.14098e+1, 0.00000e+0, 2.26787e+1, 0.00000e+0, 3.79063e+0, 0.00000e+0, 3.27413e+0, 0.00000e+0, 2.00000e+1, 0.00000e+0, 2.00000e+1, 0.00000e+0, 2, 1, 
10/22/2022 17:08:47.301, 10/22/2022 17:08:47.243, 4.15631e+0, 0.00000e+0, 9.76658e+1, 0.00000e+0, 2.12634e+0, 0.00000e+0, 9.04520e+3, 0.00000e+0, 1.55878e+3, 0.00000e+0, 2.14575e+0, 0.00000e+0, 1.57301e+3, 0.00000e+0, 5.06204e+2, 0.00000e+0, 2.14071e+1, 0.00000e+0, 2.27012e+1, 0.00000e+0, 3.78826e+0, 0.00000e+0, 3.27377e+0, 0.00000e+0, 2.00000e+1, 0.00000e+0, 2.00000e+1, 0.00000e+0, 2, 1, 
10/22/2022 17:08:48.329, 10/22/2022 17:08:48.239, 4.15632e+0, 0.00000e+0, 9.76662e+1, 0.00000e+0, 2.12746e+0, 0.00000e+0, 9.44096e+3, 0.00000e+0, 1.55472e+3, 0.00000e+0, 2.14773e+0, 0.00000e+0, 1.56953e+3, 0.00000e+0, 5.05602e+2, 0.00000e+0, 2.14045e+1, 0.00000e+0, 2.27009e+1, 0.00000e+0, 3.78856e+0, 0.00000e+0, 3.27349e+0, 0.00000e+0, 2.00000e+1, 0.00000e+0, 2.00000e+1, 0.00000e+0, 3, 1, 
10/22/2022 17:08:49.304, 10/22/2022 17:08:49.233, 4.15624e+0, 0.00000e+0, 9.76550e+1, 0.00000e+0, 2.12641e+0, 0.00000e+0, 9.40296e+3, 0.00000e+0, 1.55412e+3, 0.00000e+0, 2.14659e+0, 0.00000e+0, 1.56887e+3, 0.00000e+0, 5.06548e+2, 0.00000e+0, 2.14085e+1, 0.00000e+0, 2.27147e+1, 0.00000e+0, 3.78792e+0, 0.00000e+0, 3.27269e+0, 0.00000e+0, 2.00000e+1, 0.00000e+0, 2.00000e+1, 0.00000e+0, 3, 1, 
10/22/2022 17:08:50.285, 10/22/2022 17:08:50.227, 4.15617e+0, 0.00000e+0, 9.76442e+1, 0.00000e+0, 2.12724e+0, 0.00000e+0, 9.63848e+3, 0.00000e+0, 1.54181e+3, 0.00000e+0, 2.14795e+0, 0.00000e+0, 1.55682e+3, 0.00000e+0, 5.06164e+2, 0.00000e+0, 2.14156e+1, 0.00000e+0, 2.27175e+1, 0.00000e+0, 3.78780e+0, 0.00000e+0, 3.27323e+0, 0.00000e+0, 2.00000e+1, 0.00000e+0, 2.00000e+1, 0.00000e+0, 3, 1, 
10/22/2022 17:08:51.289, 10/22/2022 17:08:51.221, 4.15610e+0, 0.00000e+0, 9.76335e+1, 0.00000e+0, 2.12879e+0, 0.00000e+0, 9.74701e+3, 0.00000e+0, 1.56443e+3, 0.00000e+0, 2.14974e+0, 0.00000e+0, 1.57983e+3, 0.00000e+0, 5.06258e+2, 0.00000e+0, 2.14152e+1, 0.00000e+0, 2.27217e+1, 0.00000e+0, 3.78801e+0, 0.00000e+0, 3.27276e+0, 0.00000e+0, 2.00000e+1, 0.00000e+0, 2.00000e+1, 0.00000e+0, 3, 1, 
10/22/2022 17:08:52.290, 10/22/2022 17:08:52.217, 4.15620e+0, 0.00000e+0, 9.76489e+1, 0.00000e+0, 2.12555e+0, 0.00000e+0, 9.84592e+3, 0.00000e+0, 1.57772e+3, 0.00000e+0, 2.14668e+0, 0.00000e+0, 1.59340e+3, 0.00000e+0, 5.06401e+2, 0.00000e+0, 2.14153e+1, 0.00000e+0, 2.27364e+1, 0.00000e+0, 3.78792e+0, 0.00000e+0, 3.27272e+0, 0.00000e+0, 2.00000e+1, 0.00000e+0, 2.00000e+1, 0.00000e+0, 3, 1, 
10/22/2022 17:08:53.277, 10/22/2022 17:08:53.210, 4.15627e+0, 0.00000e+0, 9.76590e+1, 0.00000e+0, 2.12418e+0, 0.00000e+0, 1.00219e+4, 0.00000e+0, 1.57368e+3, 0.00000e+0, 2.14569e+0, 0.00000e+0, 1.58962e+3, 0.00000e+0, 5.06520e+2, 0.00000e+0, 2.14171e+1, 0.00000e+0, 2.27389e+1, 0.00000e+0, 3.78778e+0, 0.00000e+0, 3.27276e+0, 0.00000e+0, 2.00000e+1, 0.00000e+0, 2.00000e+1, 0.00000e+0, 3, 1, 
10/22/2022 17:08:54.265, 10/22/2022 17:08:54.205, 4.15618e+0, 0.00000e+0, 9.76460e+1, 0.00000e+0, 2.12626e+0, 0.00000e+0, 9.85617e+3, 0.00000e+0, 1.58784e+3, 0.00000e+0, 2.14743e+0, 0.00000e+0, 1.60364e+3, 0.00000e+0, 5.06129e+2, 0.00000e+0, 2.14213e+1, 0.00000e+0, 2.27630e+1, 0.00000e+0, 3.78885e+0, 0.00000e+0, 3.27304e+0, 0.00000e+0, 2.00000e+1, 0.00000e+0, 2.00000e+1, 0.00000e+0, 3, 1, 
10/22/2022 17:08:55.249, 10/22/2022 17:08:55.200, 4.15619e+0, 0.00000e+0, 9.76471e+1, 0.00000e+0, 2.12487e+0, 0.00000e+0, 1.00282e+4, 0.00000e+0, 1.59243e+3, 0.00000e+0, 2.14639e+0, 0.00000e+0, 1.60857e+3, 0.00000e+0, 5.06131e+2, 0.00000e+0, 2.14281e+1, 0.00000e+0, 2.27536e+1, 0.00000e+0, 3.78857e+0, 0.00000e+0, 3.27277e+0, 0.00000e+0, 2.00000e+1, 0.00000e+0, 2.00000e+1, 0.00000e+0, 3, 1, 
10/22/2022 17:08:56.257, 10/22/2022 17:08:56.195, 4.15627e+0, 0.00000e+0, 9.76585e+1, 0.00000e+0, 2.12855e+0, 0.00000e+0, 1.03603e+4, 0.00000e+0, 1.56725e+3, 0.00000e+0, 2.15084e+0, 0.00000e+0, 1.58365e+3, 0.00000e+0, 5.05634e+2, 0.00000e+0, 2.14200e+1, 0.00000e+0, 2.27822e+1, 0.00000e+0, 3.78749e+0, 0.00000e+0, 3.27365e+0, 0.00000e+0, 2.00000e+1, 0.00000e+0, 2.00000e+1, 0.00000e+0, 3, 1, 
10/22/2022 17:08:57.245, 10/22/2022 17:08:57.190, 4.15621e+0, 0.00000e+0, 9.76496e+1, 0.00000e+0, 2.12737e+0, 0.00000e+0, 1.02137e+4, 0.00000e+0, 1.55360e+3, 0.00000e+0, 2.14933e+0, 0.00000e+0, 1.56963e+3, 0.00000e+0, 5.06515e+2, 0.00000e+0, 2.14264e+1, 0.00000e+0, 2.27854e+1, 0.00000e+0, 3.78705e+0, 0.00000e+0, 3.27366e+0, 0.00000e+0, 2.00000e+1, 0.00000e+0, 2.00000e+1, 0.00000e+0, 3, 1, 
10/22/2022 17:08:58.237, 10/22/2022 17:08:58.183, 4.15612e+0, 0.00000e+0, 9.76376e+1, 0.00000e+0, 2.12547e+0, 0.00000e+0, 1.00968e+4, 0.00000e+0, 1.56458e+3, 0.00000e+0, 2.14715e+0, 0.00000e+0, 1.58053e+3, 0.00000e+0, 5.06036e+2, 0.00000e+0, 2.14219e+1, 0.00000e+0, 2.28138e+1, 0.00000e+0, 3.78956e+0, 0.00000e+0, 3.27306e+0, 0.00000e+0, 2.00000e+1, 0.00000e+0, 2.00000e+1, 0.00000e+0, 3, 1, 
10/22/2022 17:08:59.242, 10/22/2022 17:08:59.177, 4.15626e+0, 0.00000e+0, 9.76573e+1, 0.00000e+0, 2.13113e+0, 0.00000e+0, 1.02732e+4, 0.00000e+0, 1.56489e+3, 0.00000e+0, 2.15325e+0, 0.00000e+0, 1.58113e+3, 0.00000e+0, 5.06288e+2, 0.00000e+0, 2.14307e+1, 0.00000e+0, 2.28250e+1, 0.00000e+0, 3.78809e+0, 0.00000e+0, 3.27328e+0, 0.00000e+0, 2.00000e+1, 0.00000e+0, 2.00000e+1, 0.00000e+0, 3, 1, 
10/22/2022 17:09:00.227, 10/22/2022 17:09:00.173, 4.15629e+0, 0.00000e+0, 9.76616e+1, 0.00000e+0, 2.13123e+0, 0.00000e+0, 1.02919e+4, 0.00000e+0, 1.56880e+3, 0.00000e+0, 2.15339e+0, 0.00000e+0, 1.58511e+3, 0.00000e+0, 5.05566e+2, 0.00000e+0, 2.14269e+1, 0.00000e+0, 2.28251e+1, 0.00000e+0, 3.78743e+0, 0.00000e+0, 3.27273e+0, 0.00000e+0, 2.00000e+1, 0.00000e+0, 2.00000e+1, 0.00000e+0, 3, 1, 
10/22/2022 17:09:01.218, 10/22/2022 17:09:01.166, 4.15628e+0, 0.00000e+0, 9.76600e+1, 0.00000e+0, 2.12922e+0, 0.00000e+0, 1.02761e+4, 0.00000e+0, 1.56936e+3, 0.00000e+0, 2.15133e+0, 0.00000e+0, 1.58565e+3, 0.00000e+0, 5.06592e+2, 0.00000e+0, 2.14271e+1, 0.00000e+0, 2.28273e+1, 0.00000e+0, 3.78686e+0, 0.00000e+0, 3.27137e+0, 0.00000e+0, 2.00000e+1, 0.00000e+0, 2.00000e+1, 0.00000e+0, 3, 1, 
10/22/2022 17:09:02.210, 10/22/2022 17:09:02.162, 4.15634e+0, 0.00000e+0, 9.76695e+1, 0.00000e+0, 2.12991e+0, 0.00000e+0, 1.03748e+4, 0.00000e+0, 1.56970e+3, 0.00000e+0, 2.15224e+0, 0.00000e+0, 1.58616e+3, 0.00000e+0, 5.06128e+2, 0.00000e+0, 2.14313e+1, 0.00000e+0, 2.28404e+1, 0.00000e+0, 3.78833e+0, 0.00000e+0, 3.27270e+0, 0.00000e+0, 2.00000e+1, 0.00000e+0, 2.00000e+1, 0.00000e+0, 3, 1, 
10/22/2022 17:09:03.213, 10/22/2022 17:09:03.157, 4.15628e+0, 0.00000e+0, 9.76614e+1, 0.00000e+0, 2.12606e+0, 0.00000e+0, 1.02436e+4, 0.00000e+0, 1.57282e+3, 0.00000e+0, 2.14807e+0, 0.00000e+0, 1.58910e+3, 0.00000e+0, 5.06017e+2, 0.00000e+0, 2.14341e+1, 0.00000e+0, 2.28410e+1, 0.00000e+0, 3.78872e+0, 0.00000e+0, 3.27375e+0, 0.00000e+0, 2.00000e+1, 0.00000e+0, 2.00000e+1, 0.00000e+0, 3, 1, 
10/22/2022 17:09:04.205, 10/22/2022 17:09:04.151, 4.15640e+0, 0.00000e+0, 9.76785e+1, 0.00000e+0, 2.12870e+0, 0.00000e+0, 1.04651e+4, 0.00000e+0, 1.57170e+3, 0.00000e+0, 2.15121e+0, 0.00000e+0, 1.58832e+3, 0.00000e+0, 5.06470e+2, 0.00000e+0, 2.14328e+1, 0.00000e+0, 2.28587e+1, 0.00000e+0, 3.78740e+0, 0.00000e+0, 3.27272e+0, 0.00000e+0, 2.00000e+1, 0.00000e+0, 2.00000e+1, 0.00000e+0, 3, 1, 
10/22/2022 17:09:05.199, 10/22/2022 17:09:05.145, 4.15636e+0, 0.00000e+0, 9.76721e+1, 0.00000e+0, 2.12913e+0, 0.00000e+0, 1.05254e+4, 0.00000e+0, 1.56694e+3, 0.00000e+0, 2.15178e+0, 0.00000e+0, 1.58361e+3, 0.00000e+0, 5.06309e+2, 0.00000e+0, 2.14297e+1, 0.00000e+0, 2.28667e+1, 0.00000e+0, 3.78689e+0, 0.00000e+0, 3.27369e+0, 0.00000e+0, 2.00000e+1, 0.00000e+0, 2.00000e+1, 0.00000e+0, 3, 1, 
10/22/2022 17:09:06.189, 10/22/2022 17:09:06.140, 4.15622e+0, 0.00000e+0, 9.76513e+1, 0.00000e+0, 2.12919e+0, 0.00000e+0, 1.06071e+4, 0.00000e+0, 1.56748e+3, 0.00000e+0, 2.15202e+0, 0.00000e+0, 1.58428e+3, 0.00000e+0, 5.06801e+2, 0.00000e+0, 2.14413e+1, 0.00000e+0, 2.28847e+1, 0.00000e+0, 3.78667e+0, 0.00000e+0, 3.27277e+0, 0.00000e+0, 2.00000e+1, 0.00000e+0, 2.00000e+1, 0.00000e+0, 3, 1, 
10/22/2022 17:09:07.190, 10/22/2022 17:09:07.135, 4.15621e+0, 0.00000e+0, 9.76510e+1, 0.00000e+0, 2.12868e+0, 0.00000e+0, 1.06261e+4, 0.00000e+0, 1.56265e+3, 0.00000e+0, 2.15154e+0, 0.00000e+0, 1.57944e+3, 0.00000e+0, 5.05960e+2, 0.00000e+0, 2.14412e+1, 0.00000e+0, 2.29237e+1, 0.00000e+0, 3.78828e+0, 0.00000e+0, 3.27335e+0, 0.00000e+0, 2.00000e+1, 0.00000e+0, 2.00000e+1, 0.00000e+0, 3, 1, 
10/22/2022 17:09:08.181, 10/22/2022 17:09:08.129, 4.15631e+0, 0.00000e+0, 9.76645e+1, 0.00000e+0, 2.12824e+0, 0.00000e+0, 1.06117e+4, 0.00000e+0, 1.55480e+3, 0.00000e+0, 2.15107e+0, 0.00000e+0, 1.57148e+3, 0.00000e+0, 5.06677e+2, 0.00000e+0, 2.14387e+1, 0.00000e+0, 2.29318e+1, 0.00000e+0, 3.78727e+0, 0.00000e+0, 3.27362e+0, 0.00000e+0, 2.00000e+1, 0.00000e+0, 2.00000e+1, 0.00000e+0, 3, 1, 
10/22/2022 17:09:09.174, 10/22/2022 17:09:09.123, 4.15622e+0, 0.00000e+0, 9.76514e+1, 0.00000e+0, 2.12668e+0, 0.00000e+0, 1.06154e+4, 0.00000e+0, 1.55954e+3, 0.00000e+0, 2.14950e+0, 0.00000e+0, 1.57628e+3, 0.00000e+0, 5.06429e+2, 0.00000e+0, 2.14521e+1, 0.00000e+0, 2.29113e+1, 0.00000e+0, 3.78840e+0, 0.00000e+0, 3.27379e+0, 0.00000e+0, 2.00000e+1, 0.00000e+0, 2.00000e+1, 0.00000e+0, 3, 1, 
10/22/2022 17:09:10.180, 10/22/2022 17:09:10.118, 4.15634e+0, 0.00000e+0, 9.76696e+1, 0.00000e+0, 2.12238e+0, 0.00000e+0, 1.05373e+4, 0.00000e+0, 1.56536e+3, 0.00000e+0, 2.14498e+0, 0.00000e+0, 1.58203e+3, 0.00000e+0, 5.06362e+2, 0.00000e+0, 2.14469e+1, 0.00000e+0, 2.29234e+1, 0.00000e+0, 3.78799e+0, 0.00000e+0, 3.27353e+0, 0.00000e+0, 2.00000e+1, 0.00000e+0, 2.00000e+1, 0.00000e+0, 3, 1, 
10/22/2022 17:09:11.165, 10/22/2022 17:09:11.112, 4.15627e+0, 0.00000e+0, 9.76589e+1, 0.00000e+0, 2.12883e+0, 0.00000e+0, 1.05309e+4, 0.00000e+0, 1.56729e+3, 0.00000e+0, 2.15149e+0, 0.00000e+0, 1.58397e+3, 0.00000e+0, 5.06033e+2, 0.00000e+0, 2.14472e+1, 0.00000e+0, 2.29343e+1, 0.00000e+0, 3.78828e+0, 0.00000e+0, 3.27318e+0, 0.00000e+0, 2.00000e+1, 0.00000e+0, 2.00000e+1, 0.00000e+0, 3, 1, 
10/22/2022 17:09:12.162, 10/22/2022 17:09:12.107, 4.15636e+0, 0.00000e+0, 9.76727e+1, 0.00000e+0, 2.12635e+0, 0.00000e+0, 1.07925e+4, 0.00000e+0, 1.56712e+3, 0.00000e+0, 2.14955e+0, 0.00000e+0, 1.58422e+3, 0.00000e+0, 5.06507e+2, 0.00000e+0, 2.14505e+1, 0.00000e+0, 2.29365e+1, 0.00000e+0, 3.78636e+0, 0.00000e+0, 3.27311e+0, 0.00000e+0, 2.00000e+1, 0.00000e+0, 2.00000e+1, 0.00000e+0, 3, 1, 
10/22/2022 17:09:13.161, 10/22/2022 17:09:13.102, 4.15623e+0, 0.00000e+0, 9.76531e+1, 0.00000e+0, 2.13409e+0, 0.00000e+0, 1.09009e+4, 0.00000e+0, 1.56268e+3, 0.00000e+0, 2.15761e+0, 0.00000e+0, 1.57990e+3, 0.00000e+0, 5.05708e+2, 0.00000e+0, 2.14722e+1, 0.00000e+0, 2.29543e+1, 0.00000e+0, 3.78588e+0, 0.00000e+0, 3.27304e+0, 0.00000e+0, 2.00000e+1, 0.00000e+0, 2.00000e+1, 0.00000e+0, 3, 1, 
10/22/2022 17:09:14.149, 10/22/2022 17:09:14.097, 4.15617e+0, 0.00000e+0, 9.76446e+1, 0.00000e+0, 2.12574e+0, 0.00000e+0, 1.07137e+4, 0.00000e+0, 1.55774e+3, 0.00000e+0, 2.14876e+0, 0.00000e+0, 1.57461e+3, 0.00000e+0, 5.06201e+2, 0.00000e+0, 2.14545e+1, 0.00000e+0, 2.29955e+1, 0.00000e+0, 3.78780e+0, 0.00000e+0, 3.27263e+0, 0.00000e+0, 2.00000e+1, 0.00000e+0, 2.00000e+1, 0.00000e+0, 3, 1, 
10/22/2022 17:09:15.147, 10/22/2022 17:09:15.091, 4.15631e+0, 0.00000e+0, 9.76651e+1, 0.00000e+0, 2.12464e+0, 0.00000e+0, 1.05552e+4, 0.00000e+0, 1.56359e+3, 0.00000e+0, 2.14731e+0, 0.00000e+0, 1.58027e+3, 0.00000e+0, 5.06150e+2, 0.00000e+0, 2.14535e+1, 0.00000e+0, 2.30093e+1, 0.00000e+0, 3.78794e+0, 0.00000e+0, 3.27330e+0, 0.00000e+0, 2.00000e+1, 0.00000e+0, 2.00000e+1, 0.00000e+0, 3, 1, 
10/22/2022 17:09:16.134, 10/22/2022 17:09:16.085, 4.15653e+0, 0.00000e+0, 9.76972e+1, 0.00000e+0, 2.13070e+0, 0.00000e+0, 1.08030e+4, 0.00000e+0, 1.56732e+3, 0.00000e+0, 2.15397e+0, 0.00000e+0, 1.58444e+3, 0.00000e+0, 5.06799e+2, 0.00000e+0, 2.14507e+1, 0.00000e+0, 2.29926e+1, 0.00000e+0, 3.78693e+0, 0.00000e+0, 3.27325e+0, 0.00000e+0, 2.00000e+1, 0.00000e+0, 2.00000e+1, 0.00000e+0, 3, 1, 
10/22/2022 17:09:17.134, 10/22/2022 17:09:17.080, 4.15630e+0, 0.00000e+0, 9.76638e+1, 0.00000e+0, 2.12999e+0, 0.00000e+0, 1.08901e+4, 0.00000e+0, 1.56770e+3, 0.00000e+0, 2.15344e+0, 0.00000e+0, 1.58496e+3, 0.00000e+0, 5.06621e+2, 0.00000e+0, 2.14695e+1, 0.00000e+0, 2.29924e+1, 0.00000e+0, 3.78714e+0, 0.00000e+0, 3.27243e+0, 0.00000e+0, 2.00000e+1, 0.00000e+0, 2.00000e+1, 0.00000e+0, 3, 1, 
10/22/2022 17:09:18.125, 10/22/2022 17:09:18.074, 4.15645e+0, 0.00000e+0, 9.76854e+1, 0.00000e+0, 2.12904e+0, 0.00000e+0, 1.06887e+4, 0.00000e+0, 1.57250e+3, 0.00000e+0, 2.15205e+0, 0.00000e+0, 1.58949e+3, 0.00000e+0, 5.06013e+2, 0.00000e+0, 2.14546e+1, 0.00000e+0, 2.30075e+1, 0.00000e+0, 3.78729e+0, 0.00000e+0, 3.27255e+0, 0.00000e+0, 2.00000e+1, 0.00000e+0, 2.00000e+1, 0.00000e+0, 3, 1, 
10/22/2022 17:09:19.123, 10/22/2022 17:09:19.068, 4.15634e+0, 0.00000e+0, 9.76699e+1, 0.00000e+0, 2.13238e+0, 0.00000e+0, 1.07967e+4, 0.00000e+0, 1.57629e+3, 0.00000e+0, 2.15565e+0, 0.00000e+0, 1.59349e+3, 0.00000e+0, 5.06052e+2, 0.00000e+0, 2.14546e+1, 0.00000e+0, 2.30333e+1, 0.00000e+0, 3.78749e+0, 0.00000e+0, 3.27242e+0, 0.00000e+0, 2.00000e+1, 0.00000e+0, 2.00000e+1, 0.00000e+0, 3, 1, 
10/22/2022 17:09:20.115, 10/22/2022 17:09:20.064, 4.15620e+0, 0.00000e+0, 9.76487e+1, 0.00000e+0, 2.12644e+0, 0.00000e+0, 1.08751e+4, 0.00000e+0, 1.57274e+3, 0.00000e+0, 2.14982e+0, 0.00000e+0, 1.59003e+3, 0.00000e+0, 5.06700e+2, 0.00000e+0, 2.14548e+1, 0.00000e+0, 2.30697e+1, 0.00000e+0, 3.78621e+0, 0.00000e+0, 3.27285e+0, 0.00000e+0, 2.00000e+1, 0.00000e+0, 2.00000e+1, 0.00000e+0, 3, 1, 
10/22/2022 17:09:21.111, 10/22/2022 17:09:21.058, 4.15635e+0, 0.00000e+0, 9.76712e+1, 0.00000e+0, 2.12929e+0, 0.00000e+0, 1.08339e+4, 0.00000e+0, 1.58408e+3, 0.00000e+0, 2.15262e+0, 0.00000e+0, 1.60143e+3, 0.00000e+0, 5.06639e+2, 0.00000e+0, 2.14635e+1, 0.00000e+0, 2.30689e+1, 0.00000e+0, 3.78737e+0, 0.00000e+0, 3.27300e+0, 0.00000e+0, 2.00000e+1, 0.00000e+0, 2.00000e+1, 0.00000e+0, 3, 1, 
10/22/2022 17:09:22.103, 10/22/2022 17:09:22.053, 4.15636e+0, 0.00000e+0, 9.76733e+1, 0.00000e+0, 2.12809e+0, 0.00000e+0, 1.09470e+4, 0.00000e+0, 1.60610e+3, 0.00000e+0, 2.15165e+0, 0.00000e+0, 1.62387e+3, 0.00000e+0, 5.06175e+2, 0.00000e+0, 2.14589e+1, 0.00000e+0, 2.30455e+1, 0.00000e+0, 3.78803e+0, 0.00000e+0, 3.27198e+0, 0.00000e+0, 2.00000e+1, 0.00000e+0, 2.00000e+1, 0.00000e+0, 3, 1, 
10/22/2022 17:09:23.102, 10/22/2022 17:09:23.046, 4.15628e+0, 0.00000e+0, 9.76608e+1, 0.00000e+0, 2.13065e+0, 0.00000e+0, 1.09685e+4, 0.00000e+0, 1.61510e+3, 0.00000e+0, 2.15428e+0, 0.00000e+0, 1.63302e+3, 0.00000e+0, 5.06259e+2, 0.00000e+0, 2.14615e+1, 0.00000e+0, 2.30531e+1, 0.00000e+0, 3.78679e+0, 0.00000e+0, 3.27148e+0, 0.00000e+0, 2.00000e+1, 0.00000e+0, 2.00000e+1, 0.00000e+0, 3, 1, 
10/22/2022 17:09:24.092, 10/22/2022 17:09:24.042, 4.15655e+0, 0.00000e+0, 9.77006e+1, 0.00000e+0, 2.12962e+0, 0.00000e+0, 1.10475e+4, 0.00000e+0, 1.60500e+3, 0.00000e+0, 2.15341e+0, 0.00000e+0, 1.62293e+3, 0.00000e+0, 5.06297e+2, 0.00000e+0, 2.14667e+1, 0.00000e+0, 2.30635e+1, 0.00000e+0, 3.78673e+0, 0.00000e+0, 3.27211e+0, 0.00000e+0, 2.00000e+1, 0.00000e+0, 2.00000e+1, 0.00000e+0, 3, 1, 
10/22/2022 17:09:25.085, 10/22/2022 17:09:25.036, 4.15633e+0, 0.00000e+0, 9.76683e+1, 0.00000e+0, 2.13075e+0, 0.00000e+0, 1.10693e+4, 0.00000e+0, 1.57610e+3, 0.00000e+0, 2.15460e+0, 0.00000e+0, 1.59374e+3, 0.00000e+0, 5.06383e+2, 0.00000e+0, 2.14635e+1, 0.00000e+0, 2.31138e+1, 0.00000e+0, 3.78625e+0, 0.00000e+0, 3.27220e+0, 0.00000e+0, 2.00000e+1, 0.00000e+0, 2.00000e+1, 0.00000e+0, 3, 1, 
10/22/2022 17:09:26.083, 10/22/2022 17:09:26.030, 4.15628e+0, 0.00000e+0, 9.76604e+1, 0.00000e+0, 2.12766e+0, 0.00000e+0, 1.10540e+4, 0.00000e+0, 1.56905e+3, 0.00000e+0, 2.15144e+0, 0.00000e+0, 1.58659e+3, 0.00000e+0, 5.06116e+2, 0.00000e+0, 2.14678e+1, 0.00000e+0, 2.31319e+1, 0.00000e+0, 3.78628e+0, 0.00000e+0, 3.27272e+0, 0.00000e+0, 2.00000e+1, 0.00000e+0, 2.00000e+1, 0.00000e+0, 3, 2, 
10/22/2022 17:09:27.071, 10/22/2022 17:09:27.025, 4.15640e+0, 0.00000e+0, 9.76780e+1, 0.00000e+0, 2.12715e+0, 0.00000e+0, 1.08738e+4, 0.00000e+0, 1.56571e+3, 0.00000e+0, 2.15053e+0, 0.00000e+0, 1.58292e+3, 0.00000e+0, 5.06870e+2, 0.00000e+0, 2.14641e+1, 0.00000e+0, 2.30974e+1, 0.00000e+0, 3.78606e+0, 0.00000e+0, 3.27269e+0, 0.00000e+0, 2.00000e+1, 0.00000e+0, 2.00000e+1, 0.00000e+0, 3, 2, 
10/22/2022 17:09:28.072, 10/22/2022 17:09:28.019, 4.15645e+0, 0.00000e+0, 9.76857e+1, 0.00000e+0, 2.12484e+0, 0.00000e+0, 1.11478e+4, 0.00000e+0, 1.56741e+3, 0.00000e+0, 2.14879e+0, 0.00000e+0, 1.58508e+3, 0.00000e+0, 5.07390e+2, 0.00000e+0, 2.14690e+1, 0.00000e+0, 2.31060e+1, 0.00000e+0, 3.78665e+0, 0.00000e+0, 3.27294e+0, 0.00000e+0, 2.00000e+1, 0.00000e+0, 5.00000e+0, 0.00000e+0, 3, 2, 
10/22/2022 17:09:29.066, 10/22/2022 17:09:29.015, 4.15646e+0, 0.00000e+0, 9.76877e+1, 0.00000e+0, 2.13192e+0, 0.00000e+0, 1.10199e+4, 0.00000e+0, 1.60056e+3, 0.00000e+0, 2.15567e+0, 0.00000e+0, 1.61839e+3, 0.00000e+0, 5.06173e+2, 0.00000e+0, 2.14759e+1, 0.00000e+0, 2.31249e+1, 0.00000e+0, 3.78673e+0, 0.00000e+0, 3.27271e+0, 0.00000e+0, 2.00000e+1, 0.00000e+0, 5.00000e+0, 0.00000e+0, 3, 2, 
10/22/2022 17:09:30.060, 10/22/2022 17:09:30.008, 4.15642e+0, 0.00000e+0, 9.76808e+1, 0.00000e+0, 2.12862e+0, 0.00000e+0, 1.10669e+4, 0.00000e+0, 1.58084e+3, 0.00000e+0, 2.15244e+0, 0.00000e+0, 1.59853e+3, 0.00000e+0, 5.05941e+2, 0.00000e+0, 2.14655e+1, 0.00000e+0, 2.31846e+1, 0.00000e+0, 3.78681e+0, 0.00000e+0, 3.27254e+0, 0.00000e+0, 2.00000e+1, 0.00000e+0, 5.00000e+0, 0.00000e+0, 3, 2, 
10/22/2022 17:09:31.067, 10/22/2022 17:09:31.004, 4.15636e+0, 0.00000e+0, 9.76726e+1, 0.00000e+0, 2.12178e+0, 0.00000e+0, 1.10579e+4, 0.00000e+0, 1.57900e+3, 0.00000e+0, 2.14551e+0, 0.00000e+0, 1.59666e+3, 0.00000e+0, 5.06512e+2, 0.00000e+0, 2.14707e+1, 0.00000e+0, 2.31804e+1, 0.00000e+0, 3.78763e+0, 0.00000e+0, 3.27325e+0, 0.00000e+0, 2.00000e+1, 0.00000e+0, 5.00000e+0, 0.00000e+0, 3, 2, 
10/22/2022 17:09:32.050, 10/22/2022 17:09:31.998, 4.15657e+0, 0.00000e+0, 9.77033e+1, 0.00000e+0, 2.12499e+0, 0.00000e+0, 1.11298e+4, 0.00000e+0, 1.57381e+3, 0.00000e+0, 2.14891e+0, 0.00000e+0, 1.59153e+3, 0.00000e+0, 5.06723e+2, 0.00000e+0, 2.14681e+1, 0.00000e+0, 2.31629e+1, 0.00000e+0, 3.78765e+0, 0.00000e+0, 3.27221e+0, 0.00000e+0, 2.00000e+1, 0.00000e+0, 5.00000e+0, 0.00000e+0, 3, 2, 
10/22/2022 17:09:33.051, 10/22/2022 17:09:32.992, 4.15646e+0, 0.00000e+0, 9.76881e+1, 0.00000e+0, 2.13231e+0, 0.00000e+0, 1.13106e+4, 0.00000e+0, 1.56867e+3, 0.00000e+0, 2.15670e+0, 0.00000e+0, 1.58662e+3, 0.00000e+0, 5.06203e+2, 0.00000e+0, 2.14701e+1, 0.00000e+0, 2.31718e+1, 0.00000e+0, 3.78657e+0, 0.00000e+0, 3.27218e+0, 0.00000e+0, 2.00000e+1, 0.00000e+0, 5.00000e+0, 0.00000e+0, 3, 2, 
10/22/2022 17:09:34.032, 10/22/2022 17:09:33.986, 4.15637e+0, 0.00000e+0, 9.76739e+1, 0.00000e+0, 2.12492e+0, 0.00000e+0, 1.13303e+4, 0.00000e+0, 1.57348e+3, 0.00000e+0, 2.14927e+0, 0.00000e+0, 1.59151e+3, 0.00000e+0, 5.05843e+2, 0.00000e+0, 2.14722e+1, 0.00000e+0, 2.32040e+1, 0.00000e+0, 3.78640e+0, 0.00000e+0, 3.27228e+0, 0.00000e+0, 2.00000e+1, 0.00000e+0, 5.00000e+0, 0.00000e+0, 3, 2, 
10/22/2022 17:09:35.034, 10/22/2022 17:09:34.982, 4.15626e+0, 0.00000e+0, 9.76573e+1, 0.00000e+0, 2.12757e+0, 0.00000e+0, 1.11186e+4, 0.00000e+0, 1.57679e+3, 0.00000e+0, 2.15150e+0, 0.00000e+0, 1.59452e+3, 0.00000e+0, 5.06185e+2, 0.00000e+0, 2.14808e+1, 0.00000e+0, 2.32425e+1, 0.00000e+0, 3.78711e+0, 0.00000e+0, 3.27277e+0, 0.00000e+0, 2.00000e+1, 0.00000e+0, 5.00000e+0, 0.00000e+0, 3, 2, 
10/22/2022 17:09:36.026, 10/22/2022 17:09:35.975, 4.15643e+0, 0.00000e+0, 9.76823e+1, 0.00000e+0, 2.12443e+0, 0.00000e+0, 1.10523e+4, 0.00000e+0, 1.59041e+3, 0.00000e+0, 2.14817e+0, 0.00000e+0, 1.60819e+3, 0.00000e+0, 5.06804e+2, 0.00000e+0, 2.14770e+1, 0.00000e+0, 2.32072e+1, 0.00000e+0, 3.78726e+0, 0.00000e+0, 3.27198e+0, 0.00000e+0, 2.00000e+1, 0.00000e+0, 5.00000e+0, 0.00000e+0, 3, 2, 
10/22/2022 17:09:37.026, 10/22/2022 17:09:36.970, 4.15621e+0, 0.00000e+0, 9.76498e+1, 0.00000e+0, 2.13333e+0, 0.00000e+0, 1.12791e+4, 0.00000e+0, 1.59944e+3, 0.00000e+0, 2.15767e+0, 0.00000e+0, 1.61769e+3, 0.00000e+0, 5.06104e+2, 0.00000e+0, 2.14959e+1, 0.00000e+0, 2.31941e+1, 0.00000e+0, 3.78636e+0, 0.00000e+0, 3.27279e+0, 0.00000e+0, 2.00000e+1, 0.00000e+0, 5.00000e+0, 0.00000e+0, 3, 2, 
10/22/2022 17:09:38.018, 10/22/2022 17:09:37.965, 4.15626e+0, 0.00000e+0, 9.76577e+1, 0.00000e+0, 2.12394e+0, 0.00000e+0, 1.14559e+4, 0.00000e+0, 1.59721e+3, 0.00000e+0, 2.14855e+0, 0.00000e+0, 1.61572e+3, 0.00000e+0, 5.06884e+2, 0.00000e+0, 2.14925e+1, 0.00000e+0, 2.32203e+1, 0.00000e+0, 3.78611e+0, 0.00000e+0, 3.27172e+0, 0.00000e+0, 2.00000e+1, 0.00000e+0, 5.00000e+0, 0.00000e+0, 3, 2, 
10/22/2022 17:09:39.019, 10/22/2022 17:09:38.960, 4.15605e+0, 0.00000e+0, 9.76261e+1, 0.00000e+0, 2.12702e+0, 0.00000e+0, 1.10426e+4, 0.00000e+0, 1.59068e+3, 0.00000e+0, 2.15077e+0, 0.00000e+0, 1.60844e+3, 0.00000e+0, 5.06344e+2, 0.00000e+0, 2.14851e+1, 0.00000e+0, 2.32871e+1, 0.00000e+0, 3.78747e+0, 0.00000e+0, 3.27202e+0, 0.00000e+0, 2.00000e+1, 0.00000e+0, 5.00000e+0, 0.00000e+0, 3, 2, 
10/22/2022 17:09:40.005, 10/22/2022 17:09:39.955, 4.15608e+0, 0.00000e+0, 9.76305e+1, 0.00000e+0, 2.12271e+0, 0.00000e+0, 1.11756e+4, 0.00000e+0, 1.58672e+3, 0.00000e+0, 2.14670e+0, 0.00000e+0, 1.60466e+3, 0.00000e+0, 5.06709e+2, 0.00000e+0, 2.14856e+1, 0.00000e+0, 2.32436e+1, 0.00000e+0, 3.78685e+0, 0.00000e+0, 3.27247e+0, 0.00000e+0, 2.00000e+1, 0.00000e+0, 5.00000e+0, 0.00000e+0, 3, 2, 
10/22/2022 17:09:41.003, 10/22/2022 17:09:40.948, 4.15645e+0, 0.00000e+0, 9.76862e+1, 0.00000e+0, 2.13174e+0, 0.00000e+0, 1.11261e+4, 0.00000e+0, 1.59766e+3, 0.00000e+0, 2.15573e+0, 0.00000e+0, 1.61563e+3, 0.00000e+0, 5.05976e+2, 0.00000e+0, 2.14879e+1, 0.00000e+0, 2.32546e+1, 0.00000e+0, 3.78674e+0, 0.00000e+0, 3.27220e+0, 0.00000e+0, 2.00000e+1, 0.00000e+0, 5.00000e+0, 0.00000e+0, 3, 2, 
10/22/2022 17:09:41.989, 10/22/2022 17:09:41.943, 4.15618e+0, 0.00000e+0, 9.76458e+1, 0.00000e+0, 2.12994e+0, 0.00000e+0, 1.09965e+4, 0.00000e+0, 1.60186e+3, 0.00000e+0, 2.15362e+0, 0.00000e+0, 1.61967e+3, 0.00000e+0, 5.05257e+2, 0.00000e+0, 2.14988e+1, 0.00000e+0, 2.32625e+1, 0.00000e+0, 3.78598e+0, 0.00000e+0, 3.27186e+0, 0.00000e+0, 2.00000e+1, 0.00000e+0, 5.00000e+0, 0.00000e+0, 3, 2, 
10/22/2022 17:09:42.995, 10/22/2022 17:09:42.938, 4.15570e+0, 0.00000e+0, 9.75744e+1, 0.00000e+0, 2.12930e+0, 0.00000e+0, 1.12631e+4, 0.00000e+0, 1.59824e+3, 0.00000e+0, 2.15356e+0, 0.00000e+0, 1.61644e+3, 0.00000e+0, 5.05582e+2, 0.00000e+0, 2.14998e+1, 0.00000e+0, 2.33026e+1, 0.00000e+0, 3.78705e+0, 0.00000e+0, 3.27265e+0, 0.00000e+0, 2.00000e+1, 0.00000e+0, 5.00000e+0, 0.00000e+0, 3, 2, 
10/22/2022 17:09:43.988, 10/22/2022 17:09:43.932, 4.15639e+0, 0.00000e+0, 9.76774e+1, 0.00000e+0, 2.12841e+0, 0.00000e+0, 1.11551e+4, 0.00000e+0, 1.60929e+3, 0.00000e+0, 2.15242e+0, 0.00000e+0, 1.62744e+3, 0.00000e+0, 5.06531e+2, 0.00000e+0, 2.14879e+1, 0.00000e+0, 2.32924e+1, 0.00000e+0, 3.78651e+0, 0.00000e+0, 3.27266e+0, 0.00000e+0, 2.00000e+1, 0.00000e+0, 5.00000e+0, 0.00000e+0, 3, 2, 
10/22/2022 17:09:44.982, 10/22/2022 17:09:44.926, 4.15643e+0, 0.00000e+0, 9.76827e+1, 0.00000e+0, 2.13071e+0, 0.00000e+0, 1.13376e+4, 0.00000e+0, 1.62114e+3, 0.00000e+0, 2.15514e+0, 0.00000e+0, 1.63973e+3, 0.00000e+0, 5.05922e+2, 0.00000e+0, 2.14904e+1, 0.00000e+0, 2.32954e+1, 0.00000e+0, 3.78668e+0, 0.00000e+0, 3.27178e+0, 0.00000e+0, 2.00000e+1, 0.00000e+0, 5.00000e+0, 0.00000e+0, 3, 2, 
10/22/2022 17:09:45.974, 10/22/2022 17:09:45.921, 4.15614e+0, 0.00000e+0, 9.76404e+1, 0.00000e+0, 2.12743e+0, 0.00000e+0, 1.16731e+4, 0.00000e+0, 1.62625e+3, 0.00000e+0, 2.15256e+0, 0.00000e+0, 1.64546e+3, 0.00000e+0, 5.06406e+2, 0.00000e+0, 2.14913e+1, 0.00000e+0, 2.33238e+1, 0.00000e+0, 3.78653e+0, 0.00000e+0, 3.27209e+0, 0.00000e+0, 2.00000e+1, 0.00000e+0, 5.00000e+0, 0.00000e+0, 3, 2, 
10/22/2022 17:09:46.969, 10/22/2022 17:09:46.916, 4.15605e+0, 0.00000e+0, 9.76264e+1, 0.00000e+0, 2.12183e+0, 0.00000e+0, 1.13853e+4, 0.00000e+0, 1.61911e+3, 0.00000e+0, 2.14627e+0, 0.00000e+0, 1.63776e+3, 0.00000e+0, 5.06715e+2, 0.00000e+0, 2.15038e+1, 0.00000e+0, 2.33667e+1, 0.00000e+0, 3.78695e+0, 0.00000e+0, 3.27175e+0, 0.00000e+0, 2.00000e+1, 0.00000e+0, 5.00000e+0, 0.00000e+0, 3, 2, 
10/22/2022 17:09:47.960, 10/22/2022 17:09:47.910, 4.15555e+0, 0.00000e+0, 9.75528e+1, 0.00000e+0, 2.12497e+0, 0.00000e+0, 1.15488e+4, 0.00000e+0, 1.61479e+3, 0.00000e+0, 2.14980e+0, 0.00000e+0, 1.63366e+3, 0.00000e+0, 5.06336e+2, 0.00000e+0, 2.15007e+1, 0.00000e+0, 2.32921e+1, 0.00000e+0, 3.78679e+0, 0.00000e+0, 3.27160e+0, 0.00000e+0, 2.00000e+1, 0.00000e+0, 5.00000e+0, 0.00000e+0, 3, 2, 
10/22/2022 17:09:48.956, 10/22/2022 17:09:48.905, 4.15638e+0, 0.00000e+0, 9.76754e+1, 0.00000e+0, 2.13305e+0, 0.00000e+0, 1.15648e+4, 0.00000e+0, 1.61091e+3, 0.00000e+0, 2.15801e+0, 0.00000e+0, 1.62976e+3, 0.00000e+0, 5.05137e+2, 0.00000e+0, 2.15216e+1, 0.00000e+0, 2.33230e+1, 0.00000e+0, 3.78618e+0, 0.00000e+0, 3.27193e+0, 0.00000e+0, 2.00000e+1, 0.00000e+0, 5.00000e+0, 0.00000e+0, 3, 2, 
10/22/2022 17:09:49.962, 10/22/2022 17:09:49.900, 4.15633e+0, 0.00000e+0, 9.76676e+1, 0.00000e+0, 2.13445e+0, 0.00000e+0, 1.14000e+4, 0.00000e+0, 1.60128e+3, 0.00000e+0, 2.15906e+0, 0.00000e+0, 1.61975e+3, 0.00000e+0, 5.05883e+2, 0.00000e+0, 2.15024e+1, 0.00000e+0, 2.33738e+1, 0.00000e+0, 3.78821e+0, 0.00000e+0, 3.27254e+0, 0.00000e+0, 2.00000e+1, 0.00000e+0, 5.00000e+0, 0.00000e+0, 3, 2, 
10/22/2022 17:09:50.948, 10/22/2022 17:09:50.894, 4.15615e+0, 0.00000e+0, 9.76416e+1, 0.00000e+0, 2.12393e+0, 0.00000e+0, 1.12734e+4, 0.00000e+0, 1.58034e+3, 0.00000e+0, 2.14814e+0, 0.00000e+0, 1.59835e+3, 0.00000e+0, 5.06783e+2, 0.00000e+0, 2.15125e+1, 0.00000e+0, 2.34016e+1, 0.00000e+0, 3.78524e+0, 0.00000e+0, 3.27152e+0, 0.00000e+0, 2.00000e+1, 0.00000e+0, 5.00000e+0, 0.00000e+0, 3, 2, 
10/22/2022 17:09:51.943, 10/22/2022 17:09:51.888, 4.15631e+0, 0.00000e+0, 9.76657e+1, 0.00000e+0, 2.12916e+0, 0.00000e+0, 1.14622e+4, 0.00000e+0, 1.56972e+3, 0.00000e+0, 2.15384e+0, 0.00000e+0, 1.58792e+3, 0.00000e+0, 5.06253e+2, 0.00000e+0, 2.15070e+1, 0.00000e+0, 2.33692e+1, 0.00000e+0, 3.78641e+0, 0.00000e+0, 3.27289e+0, 0.00000e+0, 2.00000e+1, 0.00000e+0, 5.00000e+0, 0.00000e+0, 3, 2, 
10/22/2022 17:09:52.934, 10/22/2022 17:09:52.883, 4.15619e+0, 0.00000e+0, 9.76474e+1, 0.00000e+0, 2.13195e+0, 0.00000e+0, 1.12322e+4, 0.00000e+0, 1.56991e+3, 0.00000e+0, 2.15616e+0, 0.00000e+0, 1.58774e+3, 0.00000e+0, 5.05896e+2, 0.00000e+0, 2.15145e+1, 0.00000e+0, 2.33922e+1, 0.00000e+0, 3.78717e+0, 0.00000e+0, 3.27218e+0, 0.00000e+0, 2.00000e+1, 0.00000e+0, 5.00000e+0, 0.00000e+0, 3, 2, 
10/22/2022 17:09:53.933, 10/22/2022 17:09:53.878, 4.15617e+0, 0.00000e+0, 9.76451e+1, 0.00000e+0, 2.12475e+0, 0.00000e+0, 1.13607e+4, 0.00000e+0, 1.58057e+3, 0.00000e+0, 2.14916e+0, 0.00000e+0, 1.59873e+3, 0.00000e+0, 5.06350e+2, 0.00000e+0, 2.15155e+1, 0.00000e+0, 2.34613e+1, 0.00000e+0, 3.78643e+0, 0.00000e+0, 3.27196e+0, 0.00000e+0, 2.00000e+1, 0.00000e+0, 5.00000e+0, 0.00000e+0, 3, 2, 
10/22/2022 17:09:54.925, 10/22/2022 17:09:54.872, 4.15650e+0, 0.00000e+0, 9.76930e+1, 0.00000e+0, 2.12765e+0, 0.00000e+0, 1.12812e+4, 0.00000e+0, 1.57848e+3, 0.00000e+0, 2.15193e+0, 0.00000e+0, 1.59649e+3, 0.00000e+0, 5.06714e+2, 0.00000e+0, 2.14993e+1, 0.00000e+0, 2.34190e+1, 0.00000e+0, 3.78638e+0, 0.00000e+0, 3.27196e+0, 0.00000e+0, 2.00000e+1, 0.00000e+0, 5.00000e+0, 0.00000e+0, 3, 2, 
10/22/2022 17:09:55.924, 10/22/2022 17:09:55.867, 4.15633e+0, 0.00000e+0, 9.76678e+1, 0.00000e+0, 2.12806e+0, 0.00000e+0, 1.15920e+4, 0.00000e+0, 1.57349e+3, 0.00000e+0, 2.15302e+0, 0.00000e+0, 1.59195e+3, 0.00000e+0, 5.05810e+2, 0.00000e+0, 2.15177e+1, 0.00000e+0, 2.34158e+1, 0.00000e+0, 3.78725e+0, 0.00000e+0, 3.27197e+0, 0.00000e+0, 2.00000e+1, 0.00000e+0, 5.00000e+0, 0.00000e+0, 3, 2, 
10/22/2022 17:09:56.912, 10/22/2022 17:09:56.862, 4.15618e+0, 0.00000e+0, 9.76457e+1, 0.00000e+0, 2.12547e+0, 0.00000e+0, 1.15695e+4, 0.00000e+0, 1.57244e+3, 0.00000e+0, 2.15035e+0, 0.00000e+0, 1.59085e+3, 0.00000e+0, 5.06706e+2, 0.00000e+0, 2.15047e+1, 0.00000e+0, 2.34846e+1, 0.00000e+0, 3.78582e+0, 0.00000e+0, 3.27227e+0, 0.00000e+0, 2.00000e+1, 0.00000e+0, 5.00000e+0, 0.00000e+0, 3, 2, 
10/22/2022 17:09:57.908, 10/22/2022 17:09:57.855, 4.15650e+0, 0.00000e+0, 9.76939e+1, 0.00000e+0, 2.13126e+0, 0.00000e+0, 1.15081e+4, 0.00000e+0, 1.56826e+3, 0.00000e+0, 2.15607e+0, 0.00000e+0, 1.58652e+3, 0.00000e+0, 5.06748e+2, 0.00000e+0, 2.15084e+1, 0.00000e+0, 2.34638e+1, 0.00000e+0, 3.78677e+0, 0.00000e+0, 3.27287e+0, 0.00000e+0, 2.00000e+1, 0.00000e+0, 5.00000e+0, 0.00000e+0, 3, 2, 
10/22/2022 17:09:58.898, 10/22/2022 17:09:58.850, 4.15656e+0, 0.00000e+0, 9.77029e+1, 0.00000e+0, 2.12245e+0, 0.00000e+0, 1.13453e+4, 0.00000e+0, 1.57771e+3, 0.00000e+0, 2.14681e+0, 0.00000e+0, 1.59581e+3, 0.00000e+0, 5.05722e+2, 0.00000e+0, 2.15080e+1, 0.00000e+0, 2.34521e+1, 0.00000e+0, 3.78642e+0, 0.00000e+0, 3.27220e+0, 0.00000e+0, 2.00000e+1, 0.00000e+0, 5.00000e+0, 0.00000e+0, 3, 2, 
10/22/2022 17:09:59.901, 10/22/2022 17:09:59.845, 4.15636e+0, 0.00000e+0, 9.76719e+1, 0.00000e+0, 2.12901e+0, 0.00000e+0, 1.13280e+4, 0.00000e+0, 1.57091e+3, 0.00000e+0, 2.15341e+0, 0.00000e+0, 1.58891e+3, 0.00000e+0, 5.06028e+2, 0.00000e+0, 2.15103e+1, 0.00000e+0, 2.34622e+1, 0.00000e+0, 3.78762e+0, 0.00000e+0, 3.27237e+0, 0.00000e+0, 2.00000e+1, 0.00000e+0, 5.00000e+0, 0.00000e+0, 3, 2, 
10/22/2022 17:10:00.894, 10/22/2022 17:10:00.840, 4.15624e+0, 0.00000e+0, 9.76555e+1, 0.00000e+0, 2.12991e+0, 0.00000e+0, 1.16576e+4, 0.00000e+0, 1.57146e+3, 0.00000e+0, 2.15503e+0, 0.00000e+0, 1.58999e+3, 0.00000e+0, 5.06127e+2, 0.00000e+0, 2.15200e+1, 0.00000e+0, 2.35219e+1, 0.00000e+0, 3.78581e+0, 0.00000e+0, 3.27209e+0, 0.00000e+0, 2.00000e+1, 0.00000e+0, 5.00000e+0, 0.00000e+0, 3, 2, 
10/22/2022 17:10:01.888, 10/22/2022 17:10:01.833, 4.15654e+0, 0.00000e+0, 9.76996e+1, 0.00000e+0, 2.13017e+0, 0.00000e+0, 1.14871e+4, 0.00000e+0, 1.57400e+3, 0.00000e+0, 2.15493e+0, 0.00000e+0, 1.59230e+3, 0.00000e+0, 5.06762e+2, 0.00000e+0, 2.15238e+1, 0.00000e+0, 2.34716e+1, 0.00000e+0, 3.78647e+0, 0.00000e+0, 3.27267e+0, 0.00000e+0, 2.00000e+1, 0.00000e+0, 5.00000e+0, 0.00000e+0, 3, 2, 
10/22/2022 17:10:02.883, 10/22/2022 17:10:02.828, 4.15649e+0, 0.00000e+0, 9.76924e+1, 0.00000e+0, 2.13149e+0, 0.00000e+0, 1.14882e+4, 0.00000e+0, 1.57043e+3, 0.00000e+0, 2.15627e+0, 0.00000e+0, 1.58868e+3, 0.00000e+0, 5.05961e+2, 0.00000e+0, 2.15123e+1, 0.00000e+0, 2.35079e+1, 0.00000e+0, 3.78734e+0, 0.00000e+0, 3.27141e+0, 0.00000e+0, 2.00000e+1, 0.00000e+0, 5.00000e+0, 0.00000e+0, 3, 2, 
10/22/2022 17:10:03.883, 10/22/2022 17:10:03.824, 4.15613e+0, 0.00000e+0, 9.76378e+1, 0.00000e+0, 2.12746e+0, 0.00000e+0, 1.12118e+4, 0.00000e+0, 1.56388e+3, 0.00000e+0, 2.15158e+0, 0.00000e+0, 1.58161e+3, 0.00000e+0, 5.07103e+2, 0.00000e+0, 2.15329e+1, 0.00000e+0, 2.35557e+1, 0.00000e+0, 3.78670e+0, 0.00000e+0, 3.27167e+0, 0.00000e+0, 2.00000e+1, 0.00000e+0, 5.00000e+0, 0.00000e+0, 3, 2, 
10/22/2022 17:10:04.868, 10/22/2022 17:10:04.818, 4.15660e+0, 0.00000e+0, 9.77078e+1, 0.00000e+0, 2.12902e+0, 0.00000e+0, 1.13642e+4, 0.00000e+0, 1.56538e+3, 0.00000e+0, 2.15349e+0, 0.00000e+0, 1.58337e+3, 0.00000e+0, 5.06395e+2, 0.00000e+0, 2.15173e+1, 0.00000e+0, 2.35162e+1, 0.00000e+0, 3.78607e+0, 0.00000e+0, 3.27205e+0, 0.00000e+0, 2.00000e+1, 0.00000e+0, 5.00000e+0, 0.00000e+0, 3, 2, 
10/22/2022 17:10:05.865, 10/22/2022 17:10:05.812, 4.15631e+0, 0.00000e+0, 9.76652e+1, 0.00000e+0, 2.13093e+0, 0.00000e+0, 1.14751e+4, 0.00000e+0, 1.55831e+3, 0.00000e+0, 2.15567e+0, 0.00000e+0, 1.57640e+3, 0.00000e+0, 5.06395e+2, 0.00000e+0, 2.15253e+1, 0.00000e+0, 2.35223e+1, 0.00000e+0, 3.78602e+0, 0.00000e+0, 3.27235e+0, 0.00000e+0, 2.00000e+1, 0.00000e+0, 5.00000e+0, 0.00000e+0, 3, 2, 
10/22/2022 17:10:06.860, 10/22/2022 17:10:06.807, 4.15624e+0, 0.00000e+0, 9.76549e+1, 0.00000e+0, 2.12301e+0, 0.00000e+0, 1.14889e+4, 0.00000e+0, 1.55351e+3, 0.00000e+0, 2.14768e+0, 0.00000e+0, 1.57157e+3, 0.00000e+0, 5.06582e+2, 0.00000e+0, 2.15297e+1, 0.00000e+0, 2.35920e+1, 0.00000e+0, 3.78658e+0, 0.00000e+0, 3.27264e+0, 0.00000e+0, 2.00000e+1, 0.00000e+0, 5.00000e+0, 0.00000e+0, 3, 2, 
10/22/2022 17:10:07.852, 10/22/2022 17:10:07.801, 4.15549e+0, 0.00000e+0, 9.75432e+1, 0.00000e+0, 2.13200e+0, 0.00000e+0, 1.14487e+4, 0.00000e+0, 1.55935e+3, 0.00000e+0, 2.15669e+0, 0.00000e+0, 1.57741e+3, 0.00000e+0, 5.05857e+2, 0.00000e+0, 2.15263e+1, 0.00000e+0, 2.34938e+1, 0.00000e+0, 3.78683e+0, 0.00000e+0, 3.27206e+0, 0.00000e+0, 2.00000e+1, 0.00000e+0, 5.00000e+0, 0.00000e+0, 3, 2, 
10/22/2022 17:10:08.849, 10/22/2022 17:10:08.795, 4.15588e+0, 0.00000e+0, 9.76016e+1, 0.00000e+0, 2.12591e+0, 0.00000e+0, 1.14851e+4, 0.00000e+0, 1.57975e+3, 0.00000e+0, 2.15061e+0, 0.00000e+0, 1.59811e+3, 0.00000e+0, 5.06329e+2, 0.00000e+0, 2.15343e+1, 0.00000e+0, 2.35343e+1, 0.00000e+0, 3.78575e+0, 0.00000e+0, 3.27140e+0, 0.00000e+0, 2.00000e+1, 0.00000e+0, 5.00000e+0, 0.00000e+0, 3, 2, 
10/22/2022 17:10:09.840, 10/22/2022 17:10:09.791, 4.15596e+0, 0.00000e+0, 9.76136e+1, 0.00000e+0, 2.13338e+0, 0.00000e+0, 1.11854e+4, 0.00000e+0, 1.57020e+3, 0.00000e+0, 2.15752e+0, 0.00000e+0, 1.58796e+3, 0.00000e+0, 5.05779e+2, 0.00000e+0, 2.15423e+1, 0.00000e+0, 2.36132e+1, 0.00000e+0, 3.78588e+0, 0.00000e+0, 3.27143e+0, 0.00000e+0, 2.00000e+1, 0.00000e+0, 5.00000e+0, 0.00000e+0, 3, 2, 
10/22/2022 17:10:10.845, 10/22/2022 17:10:10.786, 4.15647e+0, 0.00000e+0, 9.76895e+1, 0.00000e+0, 2.12539e+0, 0.00000e+0, 1.15623e+4, 0.00000e+0, 1.59547e+3, 0.00000e+0, 2.15026e+0, 0.00000e+0, 1.61414e+3, 0.00000e+0, 5.06325e+2, 0.00000e+0, 2.15391e+1, 0.00000e+0, 2.35777e+1, 0.00000e+0, 3.78716e+0, 0.00000e+0, 3.27202e+0, 0.00000e+0, 2.00000e+1, 0.00000e+0, 5.00000e+0, 0.00000e+0, 3, 2, 
10/22/2022 17:10:11.833, 10/22/2022 17:10:11.780, 4.15656e+0, 0.00000e+0, 9.77019e+1, 0.00000e+0, 2.12992e+0, 0.00000e+0, 1.13659e+4, 0.00000e+0, 1.59566e+3, 0.00000e+0, 2.15441e+0, 0.00000e+0, 1.61400e+3, 0.00000e+0, 5.05759e+2, 0.00000e+0, 2.15367e+1, 0.00000e+0, 2.35994e+1, 0.00000e+0, 3.78706e+0, 0.00000e+0, 3.27241e+0, 0.00000e+0, 2.00000e+1, 0.00000e+0, 5.00000e+0, 0.00000e+0, 3, 2, 
10/22/2022 17:10:12.826, 10/22/2022 17:10:12.774, 4.15641e+0, 0.00000e+0, 9.76794e+1, 0.00000e+0, 2.12429e+0, 0.00000e+0, 1.14131e+4, 0.00000e+0, 1.59047e+3, 0.00000e+0, 2.14882e+0, 0.00000e+0, 1.60883e+3, 0.00000e+0, 5.06835e+2, 0.00000e+0, 2.15360e+1, 0.00000e+0, 2.36660e+1, 0.00000e+0, 3.78724e+0, 0.00000e+0, 3.27170e+0, 0.00000e+0, 2.00000e+1, 0.00000e+0, 5.00000e+0, 0.00000e+0, 3, 2, 
10/22/2022 17:10:13.822, 10/22/2022 17:10:13.768, 4.15658e+0, 0.00000e+0, 9.77055e+1, 0.00000e+0, 2.12989e+0, 0.00000e+0, 1.12666e+4, 0.00000e+0, 1.58124e+3, 0.00000e+0, 2.15416e+0, 0.00000e+0, 1.59926e+3, 0.00000e+0, 5.06077e+2, 0.00000e+0, 2.15484e+1, 0.00000e+0, 2.36103e+1, 0.00000e+0, 3.78478e+0, 0.00000e+0, 3.27179e+0, 0.00000e+0, 2.00000e+1, 0.00000e+0, 5.00000e+0, 0.00000e+0, 3, 2, 
10/22/2022 17:10:14.818, 10/22/2022 17:10:14.763, 4.15643e+0, 0.00000e+0, 9.76830e+1, 0.00000e+0, 2.12723e+0, 0.00000e+0, 1.14792e+4, 0.00000e+0, 1.58478e+3, 0.00000e+0, 2.15194e+0, 0.00000e+0, 1.60318e+3, 0.00000e+0, 5.06783e+2, 0.00000e+0, 2.15359e+1, 0.00000e+0, 2.36520e+1, 0.00000e+0, 3.78705e+0, 0.00000e+0, 3.27230e+0, 0.00000e+0, 2.00000e+1, 0.00000e+0, 5.00000e+0, 0.00000e+0, 3, 2, 
10/22/2022 17:10:15.810, 10/22/2022 17:10:15.757, 4.15647e+0, 0.00000e+0, 9.76895e+1, 0.00000e+0, 2.12775e+0, 0.00000e+0, 1.16496e+4, 0.00000e+0, 1.57787e+3, 0.00000e+0, 2.15283e+0, 0.00000e+0, 1.59646e+3, 0.00000e+0, 5.06538e+2, 0.00000e+0, 2.15424e+1, 0.00000e+0, 2.36826e+1, 0.00000e+0, 3.78697e+0, 0.00000e+0, 3.27195e+0, 0.00000e+0, 2.00000e+1, 0.00000e+0, 5.00000e+0, 0.00000e+0, 3, 2, 
10/22/2022 17:10:16.807, 10/22/2022 17:10:16.752, 4.15652e+0, 0.00000e+0, 9.76966e+1, 0.00000e+0, 2.12854e+0, 0.00000e+0, 1.14232e+4, 0.00000e+0, 1.57546e+3, 0.00000e+0, 2.15314e+0, 0.00000e+0, 1.59367e+3, 0.00000e+0, 5.06433e+2, 0.00000e+0, 2.15474e+1, 0.00000e+0, 2.36300e+1, 0.00000e+0, 3.78703e+0, 0.00000e+0, 3.27244e+0, 0.00000e+0, 2.00000e+1, 0.00000e+0, 5.00000e+0, 0.00000e+0, 3, 2, 
10/22/2022 17:10:17.802, 10/22/2022 17:10:17.747, 4.15638e+0, 0.00000e+0, 9.76749e+1, 0.00000e+0, 2.13012e+0, 0.00000e+0, 1.15844e+4, 0.00000e+0, 1.57131e+3, 0.00000e+0, 2.15509e+0, 0.00000e+0, 1.58972e+3, 0.00000e+0, 5.06504e+2, 0.00000e+0, 2.15450e+1, 0.00000e+0, 2.36960e+1, 0.00000e+0, 3.78690e+0, 0.00000e+0, 3.27334e+0, 0.00000e+0, 2.00000e+1, 0.00000e+0, 5.00000e+0, 0.00000e+0, 3, 2, 
10/22/2022 17:10:18.795, 10/22/2022 17:10:18.742, 4.15647e+0, 0.00000e+0, 9.76893e+1, 0.00000e+0, 2.12394e+0, 0.00000e+0, 1.13752e+4, 0.00000e+0, 1.56096e+3, 0.00000e+0, 2.14838e+0, 0.00000e+0, 1.57892e+3, 0.00000e+0, 5.06106e+2, 0.00000e+0, 2.15519e+1, 0.00000e+0, 2.36981e+1, 0.00000e+0, 3.78713e+0, 0.00000e+0, 3.27201e+0, 0.00000e+0, 2.00000e+1, 0.00000e+0, 5.00000e+0, 0.00000e+0, 3, 2, 
10/22/2022 17:10:19.786, 10/22/2022 17:10:19.736, 4.15658e+0, 0.00000e+0, 9.77049e+1, 0.00000e+0, 2.12702e+0, 0.00000e+0, 1.14553e+4, 0.00000e+0, 1.58263e+3, 0.00000e+0, 2.15167e+0, 0.00000e+0, 1.60097e+3, 0.00000e+0, 5.06489e+2, 0.00000e+0, 2.15550e+1, 0.00000e+0, 2.36733e+1, 0.00000e+0, 3.78721e+0, 0.00000e+0, 3.27235e+0, 0.00000e+0, 2.00000e+1, 0.00000e+0, 5.00000e+0, 0.00000e+0, 3, 2, 
10/22/2022 17:10:20.788, 10/22/2022 17:10:20.730, 4.15635e+0, 0.00000e+0, 9.76714e+1, 0.00000e+0, 2.12278e+0, 0.00000e+0, 1.17463e+4, 0.00000e+0, 1.59532e+3, 0.00000e+0, 2.14801e+0, 0.00000e+0, 1.61428e+3, 0.00000e+0, 5.06298e+2, 0.00000e+0, 2.15579e+1, 0.00000e+0, 2.37533e+1, 0.00000e+0, 3.78535e+0, 0.00000e+0, 3.27210e+0, 0.00000e+0, 2.00000e+1, 0.00000e+0, 5.00000e+0, 0.00000e+0, 3, 2, 
10/22/2022 17:10:21.774, 10/22/2022 17:10:21.725, 4.15635e+0, 0.00000e+0, 9.76712e+1, 0.00000e+0, 2.12914e+0, 0.00000e+0, 1.15294e+4, 0.00000e+0, 1.63704e+3, 0.00000e+0, 2.15397e+0, 0.00000e+0, 1.65613e+3, 0.00000e+0, 5.07040e+2, 0.00000e+0, 2.15605e+1, 0.00000e+0, 2.36970e+1, 0.00000e+0, 3.78657e+0, 0.00000e+0, 3.27204e+0, 0.00000e+0, 2.00000e+1, 0.00000e+0, 5.00000e+0, 0.00000e+0, 3, 2, 
10/22/2022 17:10:22.772, 10/22/2022 17:10:22.719, 4.15643e+0, 0.00000e+0, 9.76830e+1, 0.00000e+0, 2.12376e+0, 0.00000e+0, 1.13549e+4, 0.00000e+0, 1.62377e+3, 0.00000e+0, 2.14815e+0, 0.00000e+0, 1.64242e+3, 0.00000e+0, 5.05857e+2, 0.00000e+0, 2.15618e+1, 0.00000e+0, 2.37111e+1, 0.00000e+0, 3.78620e+0, 0.00000e+0, 3.27277e+0, 0.00000e+0, 2.00000e+1, 0.00000e+0, 5.00000e+0, 0.00000e+0, 3, 2, 
10/22/2022 17:10:23.761, 10/22/2022 17:10:23.714, 4.15633e+0, 0.00000e+0, 9.76684e+1, 0.00000e+0, 2.12807e+0, 0.00000e+0, 1.16118e+4, 0.00000e+0, 1.61858e+3, 0.00000e+0, 2.15308e+0, 0.00000e+0, 1.63760e+3, 0.00000e+0, 5.06856e+2, 0.00000e+0, 2.15695e+1, 0.00000e+0, 2.37770e+1, 0.00000e+0, 3.78708e+0, 0.00000e+0, 3.27254e+0, 0.00000e+0, 2.00000e+1, 0.00000e+0, 5.00000e+0, 0.00000e+0, 3, 2, 
10/22/2022 17:10:24.763, 10/22/2022 17:10:24.709, 4.15645e+0, 0.00000e+0, 9.76858e+1, 0.00000e+0, 2.12558e+0, 0.00000e+0, 1.14965e+4, 0.00000e+0, 1.62609e+3, 0.00000e+0, 2.15030e+0, 0.00000e+0, 1.64501e+3, 0.00000e+0, 5.06513e+2, 0.00000e+0, 2.15685e+1, 0.00000e+0, 2.37083e+1, 0.00000e+0, 3.78668e+0, 0.00000e+0, 3.27153e+0, 0.00000e+0, 2.00000e+1, 0.00000e+0, 5.00000e+0, 0.00000e+0, 3, 2, 
10/22/2022 17:10:25.767, 10/22/2022 17:10:25.704, 4.15630e+0, 0.00000e+0, 9.76633e+1, 0.00000e+0, 2.13491e+0, 0.00000e+0, 1.14560e+4, 0.00000e+0, 1.60771e+3, 0.00000e+0, 2.15965e+0, 0.00000e+0, 1.62634e+3, 0.00000e+0, 5.05866e+2, 0.00000e+0, 2.15822e+1, 0.00000e+0, 2.37897e+1, 0.00000e+0, 3.78680e+0, 0.00000e+0, 3.27207e+0, 0.00000e+0, 2.00000e+1, 0.00000e+0, 5.00000e+0, 0.00000e+0, 3, 2, 
10/22/2022 17:10:26.750, 10/22/2022 17:10:26.697, 4.15672e+0, 0.00000e+0, 9.77269e+1, 0.00000e+0, 2.13140e+0, 0.00000e+0, 1.17372e+4, 0.00000e+0, 1.59656e+3, 0.00000e+0, 2.15671e+0, 0.00000e+0, 1.61552e+3, 0.00000e+0, 5.06563e+2, 0.00000e+0, 2.15676e+1, 0.00000e+0, 2.37462e+1, 0.00000e+0, 3.78606e+0, 0.00000e+0, 3.27184e+0, 0.00000e+0, 2.00000e+1, 0.00000e+0, 5.00000e+0, 0.00000e+0, 3, 1, 
10/22/2022 17:10:27.745, 10/22/2022 17:10:27.693, 4.15634e+0, 0.00000e+0, 9.76692e+1, 0.00000e+0, 2.12917e+0, 0.00000e+0, 1.16938e+4, 0.00000e+0, 1.59145e+3, 0.00000e+0, 2.15436e+0, 0.00000e+0, 1.61028e+3, 0.00000e+0, 5.05395e+2, 0.00000e+0, 2.15706e+1, 0.00000e+0, 2.37794e+1, 0.00000e+0, 3.78628e+0, 0.00000e+0, 3.27143e+0, 0.00000e+0, 2.00000e+1, 0.00000e+0, 5.00000e+0, 0.00000e+0, 3, 1, 
10/22/2022 17:10:28.740, 10/22/2022 17:10:28.687, 4.15644e+0, 0.00000e+0, 9.76841e+1, 0.00000e+0, 2.12539e+0, 0.00000e+0, 1.16616e+4, 0.00000e+0, 1.58825e+3, 0.00000e+0, 2.15047e+0, 0.00000e+0, 1.60699e+3, 0.00000e+0, 5.06526e+2, 0.00000e+0, 2.15747e+1, 0.00000e+0, 2.38218e+1, 0.00000e+0, 3.78666e+0, 0.00000e+0, 3.27160e+0, 0.00000e+0, 2.00000e+1, 0.00000e+0, 5.00000e+0, 0.00000e+0, 3, 1, 
10/22/2022 17:10:29.732, 10/22/2022 17:10:29.681, 4.15663e+0, 0.00000e+0, 9.77131e+1, 0.00000e+0, 2.12904e+0, 0.00000e+0, 1.14552e+4, 0.00000e+0, 1.56583e+3, 0.00000e+0, 2.15371e+0, 0.00000e+0, 1.58397e+3, 0.00000e+0, 5.05759e+2, 0.00000e+0, 2.15739e+1, 0.00000e+0, 2.37834e+1, 0.00000e+0, 3.78678e+0, 0.00000e+0, 3.27227e+0, 0.00000e+0, 2.00000e+1, 0.00000e+0, 5.00000e+0, 0.00000e+0, 3, 1, 
10/22/2022 17:10:30.728, 10/22/2022 17:10:30.675, 4.15624e+0, 0.00000e+0, 9.76554e+1, 0.00000e+0, 2.12615e+0, 0.00000e+0, 1.16608e+4, 0.00000e+0, 1.56560e+3, 0.00000e+0, 2.15124e+0, 0.00000e+0, 1.58407e+3, 0.00000e+0, 5.06811e+2, 0.00000e+0, 2.15821e+1, 0.00000e+0, 2.38644e+1, 0.00000e+0, 3.78651e+0, 0.00000e+0, 3.27196e+0, 0.00000e+0, 2.00000e+1, 0.00000e+0, 5.00000e+0, 0.00000e+0, 3, 1, 
10/22/2022 17:10:31.724, 10/22/2022 17:10:31.671, 4.15660e+0, 0.00000e+0, 9.77079e+1, 0.00000e+0, 2.12780e+0, 0.00000e+0, 1.18148e+4, 0.00000e+0, 1.57074e+3, 0.00000e+0, 2.15324e+0, 0.00000e+0, 1.58952e+3, 0.00000e+0, 5.06096e+2, 0.00000e+0, 2.15872e+1, 0.00000e+0, 2.38106e+1, 0.00000e+0, 3.78709e+0, 0.00000e+0, 3.27173e+0, 0.00000e+0, 2.00000e+1, 0.00000e+0, 5.00000e+0, 0.00000e+0, 3, 1, 
10/22/2022 17:10:32.710, 10/22/2022 17:10:32.664, 4.15669e+0, 0.00000e+0, 9.77212e+1, 0.00000e+0, 2.12657e+0, 0.00000e+0, 1.15852e+4, 0.00000e+0, 1.57431e+3, 0.00000e+0, 2.15149e+0, 0.00000e+0, 1.59276e+3, 0.00000e+0, 5.05820e+2, 0.00000e+0, 2.15829e+1, 0.00000e+0, 2.38550e+1, 0.00000e+0, 3.78608e+0, 0.00000e+0, 3.27254e+0, 0.00000e+0, 2.00000e+1, 0.00000e+0, 5.00000e+0, 0.00000e+0, 3, 1, 
10/22/2022 17:10:33.713, 10/22/2022 17:10:33.659, 4.15681e+0, 0.00000e+0, 9.77389e+1, 0.00000e+0, 2.12767e+0, 0.00000e+0, 1.17688e+4, 0.00000e+0, 1.57611e+3, 0.00000e+0, 2.15301e+0, 0.00000e+0, 1.59488e+3, 0.00000e+0, 5.06502e+2, 0.00000e+0, 2.15886e+1, 0.00000e+0, 2.38386e+1, 0.00000e+0, 3.78783e+0, 0.00000e+0, 3.27205e+0, 0.00000e+0, 2.00000e+1, 0.00000e+0, 5.00000e+0, 0.00000e+0, 3, 1, 
10/22/2022 17:10:34.703, 10/22/2022 17:10:34.654, 4.15678e+0, 0.00000e+0, 9.77353e+1, 0.00000e+0, 2.13154e+0, 0.00000e+0, 1.13705e+4, 0.00000e+0, 1.57497e+3, 0.00000e+0, 2.15606e+0, 0.00000e+0, 1.59308e+3, 0.00000e+0, 5.05381e+2, 0.00000e+0, 2.15928e+1, 0.00000e+0, 2.38184e+1, 0.00000e+0, 3.78681e+0, 0.00000e+0, 3.27183e+0, 0.00000e+0, 2.00000e+1, 0.00000e+0, 5.00000e+0, 0.00000e+0, 3, 1, 
10/22/2022 17:10:35.706, 10/22/2022 17:10:35.649, 4.15681e+0, 0.00000e+0, 9.77395e+1, 0.00000e+0, 2.12724e+0, 0.00000e+0, 1.16234e+4, 0.00000e+0, 1.57307e+3, 0.00000e+0, 2.15225e+0, 0.00000e+0, 1.59157e+3, 0.00000e+0, 5.06597e+2, 0.00000e+0, 2.15874e+1, 0.00000e+0, 2.38985e+1, 0.00000e+0, 3.78765e+0, 0.00000e+0, 3.27256e+0, 0.00000e+0, 2.00000e+1, 0.00000e+0, 5.00000e+0, 0.00000e+0, 3, 1, 
10/22/2022 17:10:36.697, 10/22/2022 17:10:36.644, 4.15692e+0, 0.00000e+0, 9.77563e+1, 0.00000e+0, 2.12818e+0, 0.00000e+0, 1.15834e+4, 0.00000e+0, 1.56951e+3, 0.00000e+0, 2.15312e+0, 0.00000e+0, 1.58791e+3, 0.00000e+0, 5.05781e+2, 0.00000e+0, 2.15893e+1, 0.00000e+0, 2.38463e+1, 0.00000e+0, 3.78711e+0, 0.00000e+0, 3.27232e+0, 0.00000e+0, 2.00000e+1, 0.00000e+0, 5.00000e+0, 0.00000e+0, 3, 1, 
10/22/2022 17:10:37.686, 10/22/2022 17:10:37.638, 4.15671e+0, 0.00000e+0, 9.77241e+1, 0.00000e+0, 2.12412e+0, 0.00000e+0, 1.16800e+4, 0.00000e+0, 1.56004e+3, 0.00000e+0, 2.14922e+0, 0.00000e+0, 1.57848e+3, 0.00000e+0, 5.06574e+2, 0.00000e+0, 2.15921e+1, 0.00000e+0, 2.39423e+1, 0.00000e+0, 3.78610e+0, 0.00000e+0, 3.27189e+0, 0.00000e+0, 2.00000e+1, 0.00000e+0, 5.00000e+0, 0.00000e+0, 3, 1, 
10/22/2022 17:10:38.687, 10/22/2022 17:10:38.633, 4.15697e+0, 0.00000e+0, 9.77636e+1, 0.00000e+0, 2.13213e+0, 0.00000e+0, 1.18547e+4, 0.00000e+0, 1.55969e+3, 0.00000e+0, 2.15771e+0, 0.00000e+0, 1.57840e+3, 0.00000e+0, 5.05936e+2, 0.00000e+0, 2.15944e+1, 0.00000e+0, 2.38802e+1, 0.00000e+0, 3.78617e+0, 0.00000e+0, 3.27157e+0, 0.00000e+0, 2.00000e+1, 0.00000e+0, 5.00000e+0, 0.00000e+0, 3, 1, 
10/22/2022 17:10:39.681, 10/22/2022 17:10:39.627, 4.15670e+0, 0.00000e+0, 9.77232e+1, 0.00000e+0, 2.12742e+0, 0.00000e+0, 1.19671e+4, 0.00000e+0, 1.56253e+3, 0.00000e+0, 2.15319e+0, 0.00000e+0, 1.58145e+3, 0.00000e+0, 5.05946e+2, 0.00000e+0, 2.15988e+1, 0.00000e+0, 2.39021e+1, 0.00000e+0, 3.78775e+0, 0.00000e+0, 3.27217e+0, 0.00000e+0, 2.00000e+1, 0.00000e+0, 5.00000e+0, 0.00000e+0, 3, 1, 
10/22/2022 17:10:40.675, 10/22/2022 17:10:40.621, 4.15682e+0, 0.00000e+0, 9.77404e+1, 0.00000e+0, 2.13092e+0, 0.00000e+0, 1.17399e+4, 0.00000e+0, 1.56925e+3, 0.00000e+0, 2.15623e+0, 0.00000e+0, 1.58789e+3, 0.00000e+0, 5.06280e+2, 0.00000e+0, 2.16062e+1, 0.00000e+0, 2.39329e+1, 0.00000e+0, 3.78631e+0, 0.00000e+0, 3.27137e+0, 0.00000e+0, 2.00000e+1, 0.00000e+0, 5.00000e+0, 0.00000e+0, 3, 1, 
10/22/2022 17:10:41.671, 10/22/2022 17:10:41.616, 4.15674e+0, 0.00000e+0, 9.77294e+1, 0.00000e+0, 2.12565e+0, 0.00000e+0, 1.16100e+4, 0.00000e+0, 1.55637e+3, 0.00000e+0, 2.15062e+0, 0.00000e+0, 1.57465e+3, 0.00000e+0, 5.06570e+2, 0.00000e+0, 2.16033e+1, 0.00000e+0, 2.38931e+1, 0.00000e+0, 3.78512e+0, 0.00000e+0, 3.27194e+0, 0.00000e+0, 2.00000e+1, 0.00000e+0, 5.00000e+0, 0.00000e+0, 3, 1, 
10/22/2022 17:10:42.665, 10/22/2022 17:10:42.610, 4.15659e+0, 0.00000e+0, 9.77063e+1, 0.00000e+0, 2.12664e+0, 0.00000e+0, 1.19033e+4, 0.00000e+0, 1.63283e+3, 0.00000e+0, 2.15226e+0, 0.00000e+0, 1.65250e+3, 0.00000e+0, 5.06180e+2, 0.00000e+0, 2.16050e+1, 0.00000e+0, 2.39826e+1, 0.00000e+0, 3.78628e+0, 0.00000e+0, 3.27197e+0, 0.00000e+0, 2.00000e+1, 0.00000e+0, 5.00000e+0, 0.00000e+0, 3, 1, 
10/22/2022 17:10:43.668, 10/22/2022 17:10:43.611, 4.15695e+0, 0.00000e+0, 9.77604e+1, 0.00000e+0, 2.12551e+0, 0.00000e+0, 1.22560e+4, 0.00000e+0, 2.31912e+3, 0.00000e+0, 2.15188e+0, 0.00000e+0, 2.34789e+3, 0.00000e+0, 5.05915e+2, 0.00000e+0, 2.16107e+1, 0.00000e+0, 2.39249e+1, 0.00000e+0, 3.78343e+0, 0.00000e+0, 3.26984e+0, 0.00000e+0, 2.00000e+1, 0.00000e+0, 5.00000e+0, 0.00000e+0, 3, 1, 
10/22/2022 17:10:44.671, 10/22/2022 17:10:44.613, 4.15651e+0, 0.00000e+0, 9.76948e+1, 0.00000e+0, 2.12891e+0, 0.00000e+0, 1.20127e+4, 0.00000e+0, 2.16682e+3, 0.00000e+0, 2.15480e+0, 0.00000e+0, 2.19316e+3, 0.00000e+0, 5.06486e+2, 0.00000e+0, 2.16153e+1, 0.00000e+0, 2.39879e+1, 0.00000e+0, 3.78450e+0, 0.00000e+0, 3.27020e+0, 0.00000e+0, 2.00000e+1, 0.00000e+0, 5.00000e+0, 0.00000e+0, 3, 1, 
10/22/2022 17:10:45.659, 10/22/2022 17:10:45.607, 4.15682e+0, 0.00000e+0, 9.77410e+1, 0.00000e+0, 2.13209e+0, 0.00000e+0, 1.21838e+4, 0.00000e+0, 1.86168e+3, 0.00000e+0, 2.15839e+0, 0.00000e+0, 1.88464e+3, 0.00000e+0, 5.06482e+2, 0.00000e+0, 2.16132e+1, 0.00000e+0, 2.39572e+1, 0.00000e+0, 3.78538e+0, 0.00000e+0, 3.26986e+0, 0.00000e+0, 2.00000e+1, 0.00000e+0, 5.00000e+0, 0.00000e+0, 3, 1, 
10/22/2022 17:10:46.655, 10/22/2022 17:10:46.602, 4.15679e+0, 0.00000e+0, 9.77361e+1, 0.00000e+0, 2.12975e+0, 0.00000e+0, 1.19532e+4, 0.00000e+0, 1.74225e+3, 0.00000e+0, 2.15552e+0, 0.00000e+0, 1.76333e+3, 0.00000e+0, 5.05751e+2, 0.00000e+0, 2.16109e+1, 0.00000e+0, 2.39827e+1, 0.00000e+0, 3.78529e+0, 0.00000e+0, 3.27163e+0, 0.00000e+0, 2.00000e+1, 0.00000e+0, 5.00000e+0, 0.00000e+0, 3, 1, 
10/22/2022 17:10:47.646, 10/22/2022 17:10:47.596, 4.15683e+0, 0.00000e+0, 9.77432e+1, 0.00000e+0, 2.12941e+0, 0.00000e+0, 1.19188e+4, 0.00000e+0, 1.67034e+3, 0.00000e+0, 2.15509e+0, 0.00000e+0, 1.69049e+3, 0.00000e+0, 5.06221e+2, 0.00000e+0, 2.16115e+1, 0.00000e+0, 2.40196e+1, 0.00000e+0, 3.78581e+0, 0.00000e+0, 3.27137e+0, 0.00000e+0, 2.00000e+1, 0.00000e+0, 5.00000e+0, 0.00000e+0, 3, 1, 
10/22/2022 17:10:48.645, 10/22/2022 17:10:48.590, 4.15682e+0, 0.00000e+0, 9.77408e+1, 0.00000e+0, 2.12768e+0, 0.00000e+0, 1.19208e+4, 0.00000e+0, 1.61848e+3, 0.00000e+0, 2.15335e+0, 0.00000e+0, 1.63800e+3, 0.00000e+0, 5.06600e+2, 0.00000e+0, 2.16138e+1, 0.00000e+0, 2.39787e+1, 0.00000e+0, 3.78663e+0, 0.00000e+0, 3.27145e+0, 0.00000e+0, 2.00000e+1, 0.00000e+0, 5.00000e+0, 0.00000e+0, 3, 1, 
10/22/2022 17:10:49.634, 10/22/2022 17:10:49.586, 4.15660e+0, 0.00000e+0, 9.77077e+1, 0.00000e+0, 2.13090e+0, 0.00000e+0, 1.19961e+4, 0.00000e+0, 1.62633e+3, 0.00000e+0, 2.15677e+0, 0.00000e+0, 1.64608e+3, 0.00000e+0, 5.06465e+2, 0.00000e+0, 2.16135e+1, 0.00000e+0, 2.40639e+1, 0.00000e+0, 3.78675e+0, 0.00000e+0, 3.27142e+0, 0.00000e+0, 2.00000e+1, 0.00000e+0, 5.00000e+0, 0.00000e+0, 3, 1, 
10/22/2022 17:10:50.633, 10/22/2022 17:10:50.579, 4.15681e+0, 0.00000e+0, 9.77389e+1, 0.00000e+0, 2.13024e+0, 0.00000e+0, 1.18311e+4, 0.00000e+0, 1.61660e+3, 0.00000e+0, 2.15575e+0, 0.00000e+0, 1.63596e+3, 0.00000e+0, 5.05810e+2, 0.00000e+0, 2.16248e+1, 0.00000e+0, 2.40116e+1, 0.00000e+0, 3.78756e+0, 0.00000e+0, 3.27224e+0, 0.00000e+0, 2.00000e+1, 0.00000e+0, 5.00000e+0, 0.00000e+0, 3, 1, 
10/22/2022 17:10:51.628, 10/22/2022 17:10:51.575, 4.15683e+0, 0.00000e+0, 9.77431e+1, 0.00000e+0, 2.12324e+0, 0.00000e+0, 1.21106e+4, 0.00000e+0, 1.60824e+3, 0.00000e+0, 2.14926e+0, 0.00000e+0, 1.62795e+3, 0.00000e+0, 5.06523e+2, 0.00000e+0, 2.16161e+1, 0.00000e+0, 2.40450e+1, 0.00000e+0, 3.78638e+0, 0.00000e+0, 3.27124e+0, 0.00000e+0, 2.00000e+1, 0.00000e+0, 5.00000e+0, 0.00000e+0, 3, 1, 
10/22/2022 17:10:52.623, 10/22/2022 17:10:52.568, 4.15676e+0, 0.00000e+0, 9.77324e+1, 0.00000e+0, 2.12874e+0, 0.00000e+0, 1.21817e+4, 0.00000e+0, 1.61082e+3, 0.00000e+0, 2.15499e+0, 0.00000e+0, 1.63068e+3, 0.00000e+0, 5.06386e+2, 0.00000e+0, 2.16249e+1, 0.00000e+0, 2.41029e+1, 0.00000e+0, 3.78750e+0, 0.00000e+0, 3.27202e+0, 0.00000e+0, 2.00000e+1, 0.00000e+0, 5.00000e+0, 0.00000e+0, 3, 1, 
10/22/2022 17:10:53.620, 10/22/2022 17:10:53.563, 4.15690e+0, 0.00000e+0, 9.77529e+1, 0.00000e+0, 2.13072e+0, 0.00000e+0, 1.14342e+4, 0.00000e+0, 1.62331e+3, 0.00000e+0, 2.15537e+0, 0.00000e+0, 1.64209e+3, 0.00000e+0, 5.05807e+2, 0.00000e+0, 2.16239e+1, 0.00000e+0, 2.40368e+1, 0.00000e+0, 3.78621e+0, 0.00000e+0, 3.27179e+0, 0.00000e+0, 2.00000e+1, 0.00000e+0, 5.00000e+0, 0.00000e+0, 3, 1, 
10/22/2022 17:10:54.612, 10/22/2022 17:10:54.559, 4.15665e+0, 0.00000e+0, 9.77152e+1, 0.00000e+0, 2.13321e+0, 0.00000e+0, 1.18288e+4, 0.00000e+0, 1.63847e+3, 0.00000e+0, 2.15875e+0, 0.00000e+0, 1.65808e+3, 0.00000e+0, 5.05779e+2, 0.00000e+0, 2.16438e+1, 0.00000e+0, 2.41309e+1, 0.00000e+0, 3.78565e+0, 0.00000e+0, 3.27148e+0, 0.00000e+0, 2.00000e+1, 0.00000e+0, 5.00000e+0, 0.00000e+0, 3, 1, 
10/22/2022 17:10:55.604, 10/22/2022 17:10:55.552, 4.15703e+0, 0.00000e+0, 9.77726e+1, 0.00000e+0, 2.12348e+0, 0.00000e+0, 1.20569e+4, 0.00000e+0, 1.63067e+3, 0.00000e+0, 2.14940e+0, 0.00000e+0, 1.65057e+3, 0.00000e+0, 5.06670e+2, 0.00000e+0, 2.16269e+1, 0.00000e+0, 2.40667e+1, 0.00000e+0, 3.78602e+0, 0.00000e+0, 3.27003e+0, 0.00000e+0, 2.00000e+1, 0.00000e+0, 5.00000e+0, 0.00000e+0, 3, 1, 
10/22/2022 17:10:56.600, 10/22/2022 17:10:56.547, 4.15643e+0, 0.00000e+0, 9.76834e+1, 0.00000e+0, 2.13022e+0, 0.00000e+0, 1.16421e+4, 0.00000e+0, 1.61296e+3, 0.00000e+0, 2.15532e+0, 0.00000e+0, 1.63196e+3, 0.00000e+0, 5.05833e+2, 0.00000e+0, 2.16388e+1, 0.00000e+0, 2.41275e+1, 0.00000e+0, 3.78640e+0, 0.00000e+0, 3.27222e+0, 0.00000e+0, 2.00000e+1, 0.00000e+0, 5.00000e+0, 0.00000e+0, 3, 1, 
10/22/2022 17:10:57.596, 10/22/2022 17:10:57.542, 4.15701e+0, 0.00000e+0, 9.77693e+1, 0.00000e+0, 2.13159e+0, 0.00000e+0, 1.19140e+4, 0.00000e+0, 1.63385e+3, 0.00000e+0, 2.15729e+0, 0.00000e+0, 1.65356e+3, 0.00000e+0, 5.06013e+2, 0.00000e+0, 2.16349e+1, 0.00000e+0, 2.41120e+1, 0.00000e+0, 3.78664e+0, 0.00000e+0, 3.27157e+0, 0.00000e+0, 2.00000e+1, 0.00000e+0, 5.00000e+0, 0.00000e+0, 3, 1, 
10/22/2022 17:10:58.588, 10/22/2022 17:10:58.537, 4.15681e+0, 0.00000e+0, 9.77395e+1, 0.00000e+0, 2.12848e+0, 0.00000e+0, 1.19383e+4, 0.00000e+0, 1.62630e+3, 0.00000e+0, 2.15420e+0, 0.00000e+0, 1.64595e+3, 0.00000e+0, 5.06487e+2, 0.00000e+0, 2.16347e+1, 0.00000e+0, 2.41153e+1, 0.00000e+0, 3.78487e+0, 0.00000e+0, 3.27152e+0, 0.00000e+0, 2.00000e+1, 0.00000e+0, 5.00000e+0, 0.00000e+0, 3, 1, 
10/22/2022 17:10:59.583, 10/22/2022 17:10:59.530, 4.15679e+0, 0.00000e+0, 9.77361e+1, 0.00000e+0, 2.12551e+0, 0.00000e+0, 1.20370e+4, 0.00000e+0, 1.61851e+3, 0.00000e+0, 2.15141e+0, 0.00000e+0, 1.63823e+3, 0.00000e+0, 5.06403e+2, 0.00000e+0, 2.16421e+1, 0.00000e+0, 2.41453e+1, 0.00000e+0, 3.78627e+0, 0.00000e+0, 3.27140e+0, 0.00000e+0, 2.00000e+1, 0.00000e+0, 5.00000e+0, 0.00000e+0, 3, 1, 
10/22/2022 17:11:00.577, 10/22/2022 17:11:00.526, 4.15682e+0, 0.00000e+0, 9.77410e+1, 0.00000e+0, 2.12563e+0, 0.00000e+0, 1.19001e+4, 0.00000e+0, 1.60449e+3, 0.00000e+0, 2.15123e+0, 0.00000e+0, 1.62381e+3, 0.00000e+0, 5.06613e+2, 0.00000e+0, 2.16351e+1, 0.00000e+0, 2.41316e+1, 0.00000e+0, 3.78720e+0, 0.00000e+0, 3.27207e+0, 0.00000e+0, 2.00000e+1, 0.00000e+0, 5.00000e+0, 0.00000e+0, 3, 1, 
10/22/2022 17:11:01.570, 10/22/2022 17:11:01.519, 4.15651e+0, 0.00000e+0, 9.76946e+1, 0.00000e+0, 2.12663e+0, 0.00000e+0, 1.16257e+4, 0.00000e+0, 1.60114e+3, 0.00000e+0, 2.15164e+0, 0.00000e+0, 1.61997e+3, 0.00000e+0, 5.06467e+2, 0.00000e+0, 2.16446e+1, 0.00000e+0, 2.41972e+1, 0.00000e+0, 3.78503e+0, 0.00000e+0, 3.27051e+0, 0.00000e+0, 2.00000e+1, 0.00000e+0, 5.00000e+0, 0.00000e+0, 3, 1, 
10/22/2022 17:11:02.566, 10/22/2022 17:11:02.515, 4.15672e+0, 0.00000e+0, 9.77267e+1, 0.00000e+0, 2.12988e+0, 0.00000e+0, 1.17118e+4, 0.00000e+0, 1.60252e+3, 0.00000e+0, 2.15512e+0, 0.00000e+0, 1.62151e+3, 0.00000e+0, 5.06424e+2, 0.00000e+0, 2.16535e+1, 0.00000e+0, 2.41335e+1, 0.00000e+0, 3.78574e+0, 0.00000e+0, 3.27233e+0, 0.00000e+0, 2.00000e+1, 0.00000e+0, 5.00000e+0, 0.00000e+0, 3, 1, 
10/22/2022 17:11:03.561, 10/22/2022 17:11:03.508, 4.15663e+0, 0.00000e+0, 9.77124e+1, 0.00000e+0, 2.12396e+0, 0.00000e+0, 1.16350e+4, 0.00000e+0, 1.60785e+3, 0.00000e+0, 2.14897e+0, 0.00000e+0, 1.62678e+3, 0.00000e+0, 5.06035e+2, 0.00000e+0, 2.16610e+1, 0.00000e+0, 2.42345e+1, 0.00000e+0, 3.78686e+0, 0.00000e+0, 3.27102e+0, 0.00000e+0, 2.00000e+1, 0.00000e+0, 5.00000e+0, 0.00000e+0, 3, 1, 
10/22/2022 17:11:04.555, 10/22/2022 17:11:04.503, 4.15676e+0, 0.00000e+0, 9.77325e+1, 0.00000e+0, 2.12862e+0, 0.00000e+0, 1.18457e+4, 0.00000e+0, 1.60424e+3, 0.00000e+0, 2.15414e+0, 0.00000e+0, 1.62347e+3, 0.00000e+0, 5.05932e+2, 0.00000e+0, 2.16632e+1, 0.00000e+0, 2.41568e+1, 0.00000e+0, 3.78703e+0, 0.00000e+0, 3.27132e+0, 0.00000e+0, 2.00000e+1, 0.00000e+0, 5.00000e+0, 0.00000e+0, 3, 1, 
10/22/2022 17:11:05.640, 10/22/2022 17:11:05.592, 4.15638e+0, 0.00000e+0, 9.76756e+1, 0.00000e+0, 2.12520e+0, 0.00000e+0, 1.16754e+4, 0.00000e+0, 1.60282e+3, 0.00000e+0, 2.15030e+0, 0.00000e+0, 1.62175e+3, 0.00000e+0, 5.05833e+2, 0.00000e+0, 2.16575e+1, 0.00000e+0, 2.42318e+1, 0.00000e+0, 3.78717e+0, 0.00000e+0, 3.27280e+0, 0.00000e+0, 2.00000e+1, 0.00000e+0, 5.00000e+0, 0.00000e+0, 3, 1, 
10/22/2022 17:11:06.548, 10/22/2022 17:11:06.493, 4.15664e+0, 0.00000e+0, 9.77149e+1, 0.00000e+0, 2.13347e+0, 0.00000e+0, 1.16796e+4, 0.00000e+0, 1.60437e+3, 0.00000e+0, 2.15868e+0, 0.00000e+0, 1.62333e+3, 0.00000e+0, 5.07550e+2, 0.00000e+0, 2.16569e+1, 0.00000e+0, 2.41808e+1, 0.00000e+0, 3.78518e+0, 0.00000e+0, 3.27145e+0, 0.00000e+0, 2.00000e+1, 0.00000e+0, 5.00000e+0, 0.00000e+0, 3, 1, 
10/22/2022 17:11:07.544, 10/22/2022 17:11:07.486, 4.15644e+0, 0.00000e+0, 9.76839e+1, 0.00000e+0, 2.12745e+0, 0.00000e+0, 1.17257e+4, 0.00000e+0, 1.60866e+3, 0.00000e+0, 2.15269e+0, 0.00000e+0, 1.62775e+3, 0.00000e+0, 5.05993e+2, 0.00000e+0, 2.16680e+1, 0.00000e+0, 2.42567e+1, 0.00000e+0, 3.78655e+0, 0.00000e+0, 3.27140e+0, 0.00000e+0, 2.00000e+1, 0.00000e+0, 5.00000e+0, 0.00000e+0, 3, 1, 
10/22/2022 17:11:08.538, 10/22/2022 17:11:08.482, 4.15685e+0, 0.00000e+0, 9.77454e+1, 0.00000e+0, 2.12864e+0, 0.00000e+0, 1.15553e+4, 0.00000e+0, 1.60834e+3, 0.00000e+0, 2.15352e+0, 0.00000e+0, 1.62714e+3, 0.00000e+0, 5.05809e+2, 0.00000e+0, 2.16576e+1, 0.00000e+0, 2.42038e+1, 0.00000e+0, 3.78591e+0, 0.00000e+0, 3.27090e+0, 0.00000e+0, 2.00000e+1, 0.00000e+0, 5.00000e+0, 0.00000e+0, 3, 1, 
10/22/2022 17:11:09.529, 10/22/2022 17:11:09.477, 4.15657e+0, 0.00000e+0, 9.77041e+1, 0.00000e+0, 2.12653e+0, 0.00000e+0, 1.20184e+4, 0.00000e+0, 1.60593e+3, 0.00000e+0, 2.15240e+0, 0.00000e+0, 1.62547e+3, 0.00000e+0, 5.06372e+2, 0.00000e+0, 2.16656e+1, 0.00000e+0, 2.42643e+1, 0.00000e+0, 3.78551e+0, 0.00000e+0, 3.27092e+0, 0.00000e+0, 2.00000e+1, 0.00000e+0, 5.00000e+0, 0.00000e+0, 3, 1, 
10/22/2022 17:11:10.519, 10/22/2022 17:11:10.470, 4.15617e+0, 0.00000e+0, 9.76449e+1, 0.00000e+0, 2.13526e+0, 0.00000e+0, 1.16305e+4, 0.00000e+0, 1.59047e+3, 0.00000e+0, 2.16039e+0, 0.00000e+0, 1.60918e+3, 0.00000e+0, 5.05987e+2, 0.00000e+0, 2.16849e+1, 0.00000e+0, 2.41883e+1, 0.00000e+0, 3.78577e+0, 0.00000e+0, 3.27145e+0, 0.00000e+0, 2.00000e+1, 0.00000e+0, 5.00000e+0, 0.00000e+0, 3, 1, 
10/22/2022 17:11:11.518, 10/22/2022 17:11:11.465, 4.15626e+0, 0.00000e+0, 9.76571e+1, 0.00000e+0, 2.12763e+0, 0.00000e+0, 1.16332e+4, 0.00000e+0, 1.60142e+3, 0.00000e+0, 2.15267e+0, 0.00000e+0, 1.62027e+3, 0.00000e+0, 5.06055e+2, 0.00000e+0, 2.16758e+1, 0.00000e+0, 2.42655e+1, 0.00000e+0, 3.78652e+0, 0.00000e+0, 3.27160e+0, 0.00000e+0, 2.00000e+1, 0.00000e+0, 5.00000e+0, 0.00000e+0, 3, 1, 
10/22/2022 17:11:12.511, 10/22/2022 17:11:12.459, 4.15612e+0, 0.00000e+0, 9.76369e+1, 0.00000e+0, 2.12864e+0, 0.00000e+0, 1.18909e+4, 0.00000e+0, 1.59890e+3, 0.00000e+0, 2.15425e+0, 0.00000e+0, 1.61814e+3, 0.00000e+0, 5.05988e+2, 0.00000e+0, 2.16872e+1, 0.00000e+0, 2.42113e+1, 0.00000e+0, 3.78741e+0, 0.00000e+0, 3.27140e+0, 0.00000e+0, 2.00000e+1, 0.00000e+0, 5.00000e+0, 0.00000e+0, 3, 1, 
10/22/2022 17:11:13.502, 10/22/2022 17:11:13.453, 4.15549e+0, 0.00000e+0, 9.75438e+1, 0.00000e+0, 2.12913e+0, 0.00000e+0, 1.17216e+4, 0.00000e+0, 1.61483e+3, 0.00000e+0, 2.15438e+0, 0.00000e+0, 1.63399e+3, 0.00000e+0, 5.05842e+2, 0.00000e+0, 2.16764e+1, 0.00000e+0, 2.42461e+1, 0.00000e+0, 3.78499e+0, 0.00000e+0, 3.27062e+0, 0.00000e+0, 2.00000e+1, 0.00000e+0, 5.00000e+0, 0.00000e+0, 3, 1, 
10/22/2022 17:11:14.495, 10/22/2022 17:11:14.449, 4.15523e+0, 0.00000e+0, 9.75048e+1, 0.00000e+0, 2.13314e+0, 0.00000e+0, 1.17216e+4, 0.00000e+0, 1.62163e+3, 0.00000e+0, 2.15844e+0, 0.00000e+0, 1.64086e+3, 0.00000e+0, 5.06177e+2, 0.00000e+0, 2.17007e+1, 0.00000e+0, 2.41969e+1, 0.00000e+0, 3.78645e+0, 0.00000e+0, 3.27232e+0, 0.00000e+0, 2.00000e+1, 0.00000e+0, 5.00000e+0, 0.00000e+0, 3, 1, 
10/22/2022 17:11:15.490, 10/22/2022 17:11:15.443, 4.15530e+0, 0.00000e+0, 9.75153e+1, 0.00000e+0, 2.12770e+0, 0.00000e+0, 1.17747e+4, 0.00000e+0, 1.62495e+3, 0.00000e+0, 2.15305e+0, 0.00000e+0, 1.64431e+3, 0.00000e+0, 5.06061e+2, 0.00000e+0, 2.16816e+1, 0.00000e+0, 2.42294e+1, 0.00000e+0, 3.78485e+0, 0.00000e+0, 3.27131e+0, 0.00000e+0, 2.00000e+1, 0.00000e+0, 5.00000e+0, 0.00000e+0, 3, 1, 
10/22/2022 17:11:16.504, 10/22/2022 17:11:16.437, 4.15568e+0, 0.00000e+0, 9.75719e+1, 0.00000e+0, 2.13063e+0, 0.00000e+0, 1.18066e+4, 0.00000e+0, 1.61553e+3, 0.00000e+0, 2.15609e+0, 0.00000e+0, 1.63483e+3, 0.00000e+0, 5.06573e+2, 0.00000e+0, 2.16729e+1, 0.00000e+0, 2.42502e+1, 0.00000e+0, 3.78491e+0, 0.00000e+0, 3.27135e+0, 0.00000e+0, 2.00000e+1, 0.00000e+0, 5.00000e+0, 0.00000e+0, 3, 1, 
10/22/2022 17:11:17.491, 10/22/2022 17:11:17.444, 4.15583e+0, 0.00000e+0, 9.75944e+1, 0.00000e+0, 2.13111e+0, 0.00000e+0, 1.19122e+4, 0.00000e+0, 1.60615e+3, 0.00000e+0, 2.15681e+0, 0.00000e+0, 1.62552e+3, 0.00000e+0, 5.05495e+2, 0.00000e+0, 2.16701e+1, 0.00000e+0, 2.43066e+1, 0.00000e+0, 3.78603e+0, 0.00000e+0, 3.27117e+0, 0.00000e+0, 2.00000e+1, 0.00000e+0, 5.00000e+0, 0.00000e+0, 3, 1, 
10/22/2022 17:11:18.491, 10/22/2022 17:11:18.426, 4.15630e+0, 0.00000e+0, 9.76642e+1, 0.00000e+0, 2.12850e+0, 0.00000e+0, 1.18510e+4, 0.00000e+0, 1.60130e+3, 0.00000e+0, 2.15403e+0, 0.00000e+0, 1.62051e+3, 0.00000e+0, 5.06946e+2, 0.00000e+0, 2.16797e+1, 0.00000e+0, 2.43141e+1, 0.00000e+0, 3.78595e+0, 0.00000e+0, 3.27083e+0, 0.00000e+0, 2.00000e+1, 0.00000e+0, 5.00000e+0, 0.00000e+0, 3, 1, 
10/22/2022 17:11:19.476, 10/22/2022 17:11:19.422, 4.15660e+0, 0.00000e+0, 9.77089e+1, 0.00000e+0, 2.13034e+0, 0.00000e+0, 1.16268e+4, 0.00000e+0, 1.60930e+3, 0.00000e+0, 2.15540e+0, 0.00000e+0, 1.62823e+3, 0.00000e+0, 5.05734e+2, 0.00000e+0, 2.16875e+1, 0.00000e+0, 2.43530e+1, 0.00000e+0, 3.78625e+0, 0.00000e+0, 3.27185e+0, 0.00000e+0, 2.00000e+1, 0.00000e+0, 5.00000e+0, 0.00000e+0, 3, 1, 
10/22/2022 17:11:20.477, 10/22/2022 17:11:20.423, 4.15681e+0, 0.00000e+0, 9.77396e+1, 0.00000e+0, 2.12435e+0, 0.00000e+0, 1.15779e+4, 0.00000e+0, 1.60315e+3, 0.00000e+0, 2.14923e+0, 0.00000e+0, 1.62193e+3, 0.00000e+0, 5.06268e+2, 0.00000e+0, 2.16852e+1, 0.00000e+0, 2.43582e+1, 0.00000e+0, 3.78601e+0, 0.00000e+0, 3.27196e+0, 0.00000e+0, 2.00000e+1, 0.00000e+0, 5.00000e+0, 0.00000e+0, 3, 1, 
10/22/2022 17:11:21.474, 10/22/2022 17:11:21.418, 4.15667e+0, 0.00000e+0, 9.77184e+1, 0.00000e+0, 2.12866e+0, 0.00000e+0, 1.16571e+4, 0.00000e+0, 1.60016e+3, 0.00000e+0, 2.15376e+0, 0.00000e+0, 1.61903e+3, 0.00000e+0, 5.06046e+2, 0.00000e+0, 2.16886e+1, 0.00000e+0, 2.43840e+1, 0.00000e+0, 3.78599e+0, 0.00000e+0, 3.27114e+0, 0.00000e+0, 2.00000e+1, 0.00000e+0, 5.00000e+0, 0.00000e+0, 3, 1, 
10/22/2022 17:11:22.469, 10/22/2022 17:11:22.411, 4.15682e+0, 0.00000e+0, 9.77406e+1, 0.00000e+0, 2.12770e+0, 0.00000e+0, 1.19213e+4, 0.00000e+0, 1.59691e+3, 0.00000e+0, 2.15337e+0, 0.00000e+0, 1.61618e+3, 0.00000e+0, 5.06821e+2, 0.00000e+0, 2.16849e+1, 0.00000e+0, 2.43621e+1, 0.00000e+0, 3.78508e+0, 0.00000e+0, 3.27019e+0, 0.00000e+0, 2.00000e+1, 0.00000e+0, 5.00000e+0, 0.00000e+0, 3, 1, 
10/22/2022 17:11:23.458, 10/22/2022 17:11:23.406, 4.15638e+0, 0.00000e+0, 9.76752e+1, 0.00000e+0, 2.12577e+0, 0.00000e+0, 1.16148e+4, 0.00000e+0, 1.58883e+3, 0.00000e+0, 2.15075e+0, 0.00000e+0, 1.60750e+3, 0.00000e+0, 5.06341e+2, 0.00000e+0, 2.17035e+1, 0.00000e+0, 2.43864e+1, 0.00000e+0, 3.78605e+0, 0.00000e+0, 3.27088e+0, 0.00000e+0, 2.00000e+1, 0.00000e+0, 5.00000e+0, 0.00000e+0, 3, 1, 
10/22/2022 17:11:24.465, 10/22/2022 17:11:24.417, 4.15638e+0, 0.00000e+0, 9.76751e+1, 0.00000e+0, 2.12688e+0, 0.00000e+0, 1.16264e+4, 0.00000e+0, 1.56707e+3, 0.00000e+0, 2.15190e+0, 0.00000e+0, 1.58551e+3, 0.00000e+0, 5.06029e+2, 0.00000e+0, 2.17094e+1, 0.00000e+0, 2.43582e+1, 0.00000e+0, 3.78603e+0, 0.00000e+0, 3.27112e+0, 0.00000e+0, 2.00000e+1, 0.00000e+0, 5.00000e+0, 0.00000e+0, 3, 1, 
10/22/2022 17:11:25.453, 10/22/2022 17:11:25.401, 4.15592e+0, 0.00000e+0, 9.76070e+1, 0.00000e+0, 2.12328e+0, 0.00000e+0, 1.14962e+4, 0.00000e+0, 1.56582e+3, 0.00000e+0, 2.14797e+0, 0.00000e+0, 1.58403e+3, 0.00000e+0, 5.06566e+2, 0.00000e+0, 2.17269e+1, 0.00000e+0, 2.43989e+1, 0.00000e+0, 3.78686e+0, 0.00000e+0, 3.27181e+0, 0.00000e+0, 2.00000e+1, 0.00000e+0, 5.00000e+0, 0.00000e+0, 3, 1, 
10/22/2022 17:11:26.440, 10/22/2022 17:11:26.391, 4.15668e+0, 0.00000e+0, 9.77204e+1, 0.00000e+0, 2.12709e+0, 0.00000e+0, 1.19054e+4, 0.00000e+0, 1.57209e+3, 0.00000e+0, 2.15271e+0, 0.00000e+0, 1.59103e+3, 0.00000e+0, 5.06188e+2, 0.00000e+0, 2.17028e+1, 0.00000e+0, 2.43965e+1, 0.00000e+0, 3.78735e+0, 0.00000e+0, 3.27069e+0, 0.00000e+0, 2.00000e+1, 0.00000e+0, 5.00000e+0, 0.00000e+0, 3, 2, 
10/22/2022 17:11:27.431, 10/22/2022 17:11:27.385, 4.15631e+0, 0.00000e+0, 9.76654e+1, 0.00000e+0, 2.13119e+0, 0.00000e+0, 1.17288e+4, 0.00000e+0, 1.57276e+3, 0.00000e+0, 2.15648e+0, 0.00000e+0, 1.59142e+3, 0.00000e+0, 5.05808e+2, 0.00000e+0, 2.17141e+1, 0.00000e+0, 2.44438e+1, 0.00000e+0, 3.78618e+0, 0.00000e+0, 3.27119e+0, 0.00000e+0, 2.00000e+1, 0.00000e+0, 5.00000e+0, 0.00000e+0, 3, 2, 
10/22/2022 17:11:28.435, 10/22/2022 17:11:28.379, 4.15667e+0, 0.00000e+0, 9.77188e+1, 0.00000e+0, 2.12583e+0, 0.00000e+0, 1.14291e+4, 0.00000e+0, 1.57805e+3, 0.00000e+0, 2.15041e+0, 0.00000e+0, 1.59630e+3, 0.00000e+0, 5.06470e+2, 0.00000e+0, 2.17181e+1, 0.00000e+0, 2.44149e+1, 0.00000e+0, 3.78630e+0, 0.00000e+0, 3.27131e+0, 0.00000e+0, 2.00000e+1, 0.00000e+0, 5.00000e+0, 0.00000e+0, 3, 2, 
10/22/2022 17:11:29.423, 10/22/2022 17:11:29.374, 4.15663e+0, 0.00000e+0, 9.77129e+1, 0.00000e+0, 2.12831e+0, 0.00000e+0, 1.19204e+4, 0.00000e+0, 1.57500e+3, 0.00000e+0, 2.15399e+0, 0.00000e+0, 1.59401e+3, 0.00000e+0, 5.05498e+2, 0.00000e+0, 2.17065e+1, 0.00000e+0, 2.44855e+1, 0.00000e+0, 3.78553e+0, 0.00000e+0, 3.27056e+0, 0.00000e+0, 2.00000e+1, 0.00000e+0, 5.00000e+0, 0.00000e+0, 3, 2, 
10/22/2022 17:11:30.418, 10/22/2022 17:11:30.367, 4.15663e+0, 0.00000e+0, 9.77130e+1, 0.00000e+0, 2.13056e+0, 0.00000e+0, 1.15620e+4, 0.00000e+0, 1.57243e+3, 0.00000e+0, 2.15548e+0, 0.00000e+0, 1.59083e+3, 0.00000e+0, 5.05743e+2, 0.00000e+0, 2.17276e+1, 0.00000e+0, 2.44200e+1, 0.00000e+0, 3.78625e+0, 0.00000e+0, 3.27189e+0, 0.00000e+0, 2.00000e+1, 0.00000e+0, 5.00000e+0, 0.00000e+0, 3, 2, 
10/22/2022 17:11:31.414, 10/22/2022 17:11:31.363, 4.15598e+0, 0.00000e+0, 9.76164e+1, 0.00000e+0, 2.12848e+0, 0.00000e+0, 1.16392e+4, 0.00000e+0, 1.56938e+3, 0.00000e+0, 2.15354e+0, 0.00000e+0, 1.58786e+3, 0.00000e+0, 5.05783e+2, 0.00000e+0, 2.17235e+1, 0.00000e+0, 2.44834e+1, 0.00000e+0, 3.78588e+0, 0.00000e+0, 3.27133e+0, 0.00000e+0, 2.00000e+1, 0.00000e+0, 5.00000e+0, 0.00000e+0, 3, 2, 
10/22/2022 17:11:32.413, 10/22/2022 17:11:32.357, 4.15696e+0, 0.00000e+0, 9.77626e+1, 0.00000e+0, 2.12669e+0, 0.00000e+0, 1.15636e+4, 0.00000e+0, 1.56910e+3, 0.00000e+0, 2.15157e+0, 0.00000e+0, 1.58745e+3, 0.00000e+0, 5.06706e+2, 0.00000e+0, 2.17166e+1, 0.00000e+0, 2.44472e+1, 0.00000e+0, 3.78550e+0, 0.00000e+0, 3.27186e+0, 0.00000e+0, 2.00000e+1, 0.00000e+0, 5.00000e+0, 0.00000e+0, 3, 2, 
10/22/2022 17:11:33.402, 10/22/2022 17:11:33.351, 4.15666e+0, 0.00000e+0, 9.77168e+1, 0.00000e+0, 2.12474e+0, 0.00000e+0, 1.18133e+4, 0.00000e+0, 1.57505e+3, 0.00000e+0, 2.15014e+0, 0.00000e+0, 1.59388e+3, 0.00000e+0, 5.06226e+2, 0.00000e+0, 2.17307e+1, 0.00000e+0, 2.45337e+1, 0.00000e+0, 3.78621e+0, 0.00000e+0, 3.27028e+0, 0.00000e+0, 2.00000e+1, 0.00000e+0, 5.00000e+0, 0.00000e+0, 3, 2, 
10/22/2022 17:11:34.396, 10/22/2022 17:11:34.346, 4.15690e+0, 0.00000e+0, 9.77530e+1, 0.00000e+0, 2.12611e+0, 0.00000e+0, 1.17045e+4, 0.00000e+0, 1.58058e+3, 0.00000e+0, 2.15129e+0, 0.00000e+0, 1.59930e+3, 0.00000e+0, 5.06735e+2, 0.00000e+0, 2.17133e+1, 0.00000e+0, 2.44714e+1, 0.00000e+0, 3.78574e+0, 0.00000e+0, 3.27044e+0, 0.00000e+0, 2.00000e+1, 0.00000e+0, 5.00000e+0, 0.00000e+0, 3, 2, 
10/22/2022 17:11:35.396, 10/22/2022 17:11:35.341, 4.15666e+0, 0.00000e+0, 9.77179e+1, 0.00000e+0, 2.12866e+0, 0.00000e+0, 1.17496e+4, 0.00000e+0, 1.58010e+3, 0.00000e+0, 2.15397e+0, 0.00000e+0, 1.59888e+3, 0.00000e+0, 5.06561e+2, 0.00000e+0, 2.17254e+1, 0.00000e+0, 2.45532e+1, 0.00000e+0, 3.78575e+0, 0.00000e+0, 3.27095e+0, 0.00000e+0, 2.00000e+1, 0.00000e+0, 5.00000e+0, 0.00000e+0, 3, 2, 
10/22/2022 17:11:36.391, 10/22/2022 17:11:36.335, 4.15671e+0, 0.00000e+0, 9.77240e+1, 0.00000e+0, 2.12483e+0, 0.00000e+0, 1.16467e+4, 0.00000e+0, 1.57677e+3, 0.00000e+0, 2.14986e+0, 0.00000e+0, 1.59535e+3, 0.00000e+0, 5.06272e+2, 0.00000e+0, 2.17229e+1, 0.00000e+0, 2.45078e+1, 0.00000e+0, 3.78566e+0, 0.00000e+0, 3.27089e+0, 0.00000e+0, 2.00000e+1, 0.00000e+0, 5.00000e+0, 0.00000e+0, 3, 2, 
10/22/2022 17:11:37.383, 10/22/2022 17:11:37.329, 4.15672e+0, 0.00000e+0, 9.77259e+1, 0.00000e+0, 2.12512e+0, 0.00000e+0, 1.16207e+4, 0.00000e+0, 1.58497e+3, 0.00000e+0, 2.15011e+0, 0.00000e+0, 1.60361e+3, 0.00000e+0, 5.06126e+2, 0.00000e+0, 2.17266e+1, 0.00000e+0, 2.45509e+1, 0.00000e+0, 3.78613e+0, 0.00000e+0, 3.27024e+0, 0.00000e+0, 2.00000e+1, 0.00000e+0, 5.00000e+0, 0.00000e+0, 3, 2, 
10/22/2022 17:11:38.373, 10/22/2022 17:11:38.325, 4.15675e+0, 0.00000e+0, 9.77305e+1, 0.00000e+0, 2.12883e+0, 0.00000e+0, 1.15770e+4, 0.00000e+0, 1.60049e+3, 0.00000e+0, 2.15377e+0, 0.00000e+0, 1.61923e+3, 0.00000e+0, 5.05731e+2, 0.00000e+0, 2.17371e+1, 0.00000e+0, 2.45507e+1, 0.00000e+0, 3.78590e+0, 0.00000e+0, 3.27142e+0, 0.00000e+0, 2.00000e+1, 0.00000e+0, 5.00000e+0, 0.00000e+0, 3, 2, 
10/22/2022 17:11:39.372, 10/22/2022 17:11:39.318, 4.15676e+0, 0.00000e+0, 9.77323e+1, 0.00000e+0, 2.12748e+0, 0.00000e+0, 1.16302e+4, 0.00000e+0, 1.60280e+3, 0.00000e+0, 2.15252e+0, 0.00000e+0, 1.62166e+3, 0.00000e+0, 5.06805e+2, 0.00000e+0, 2.17517e+1, 0.00000e+0, 2.45255e+1, 0.00000e+0, 3.78561e+0, 0.00000e+0, 3.27106e+0, 0.00000e+0, 2.00000e+1, 0.00000e+0, 5.00000e+0, 0.00000e+0, 3, 2, 
10/22/2022 17:11:40.365, 10/22/2022 17:11:40.314, 4.15639e+0, 0.00000e+0, 9.76771e+1, 0.00000e+0, 2.12269e+0, 0.00000e+0, 1.17686e+4, 0.00000e+0, 1.60062e+3, 0.00000e+0, 2.14797e+0, 0.00000e+0, 1.61968e+3, 0.00000e+0, 5.06169e+2, 0.00000e+0, 2.17475e+1, 0.00000e+0, 2.45897e+1, 0.00000e+0, 3.78595e+0, 0.00000e+0, 3.27110e+0, 0.00000e+0, 2.00000e+1, 0.00000e+0, 5.00000e+0, 0.00000e+0, 3, 2, 
10/22/2022 17:11:41.360, 10/22/2022 17:11:41.308, 4.15697e+0, 0.00000e+0, 9.77640e+1, 0.00000e+0, 2.12754e+0, 0.00000e+0, 1.17528e+4, 0.00000e+0, 1.59195e+3, 0.00000e+0, 2.15284e+0, 0.00000e+0, 1.61088e+3, 0.00000e+0, 5.05890e+2, 0.00000e+0, 2.17412e+1, 0.00000e+0, 2.45454e+1, 0.00000e+0, 3.78687e+0, 0.00000e+0, 3.27210e+0, 0.00000e+0, 2.00000e+1, 0.00000e+0, 5.00000e+0, 0.00000e+0, 3, 2, 
10/22/2022 17:11:42.361, 10/22/2022 17:11:42.310, 4.15660e+0, 0.00000e+0, 9.77086e+1, 0.00000e+0, 2.12619e+0, 0.00000e+0, 1.15920e+4, 0.00000e+0, 1.58700e+3, 0.00000e+0, 2.15113e+0, 0.00000e+0, 1.60561e+3, 0.00000e+0, 5.06608e+2, 0.00000e+0, 2.17336e+1, 0.00000e+0, 2.46305e+1, 0.00000e+0, 3.78587e+0, 0.00000e+0, 3.27073e+0, 0.00000e+0, 2.00000e+1, 0.00000e+0, 5.00000e+0, 0.00000e+0, 3, 2, 
10/22/2022 17:11:43.356, 10/22/2022 17:11:43.303, 4.15691e+0, 0.00000e+0, 9.77543e+1, 0.00000e+0, 2.13140e+0, 0.00000e+0, 1.16717e+4, 0.00000e+0, 1.58445e+3, 0.00000e+0, 2.15657e+0, 0.00000e+0, 1.60316e+3, 0.00000e+0, 5.06165e+2, 0.00000e+0, 2.17434e+1, 0.00000e+0, 2.45632e+1, 0.00000e+0, 3.78630e+0, 0.00000e+0, 3.27111e+0, 0.00000e+0, 2.00000e+1, 0.00000e+0, 5.00000e+0, 0.00000e+0, 3, 2, 
10/22/2022 17:11:44.356, 10/22/2022 17:11:44.298, 4.15657e+0, 0.00000e+0, 9.77041e+1, 0.00000e+0, 2.12722e+0, 0.00000e+0, 1.16962e+4, 0.00000e+0, 1.58448e+3, 0.00000e+0, 2.15239e+0, 0.00000e+0, 1.60323e+3, 0.00000e+0, 5.05965e+2, 0.00000e+0, 2.17437e+1, 0.00000e+0, 2.46198e+1, 0.00000e+0, 3.78550e+0, 0.00000e+0, 3.27092e+0, 0.00000e+0, 2.00000e+1, 0.00000e+0, 5.00000e+0, 0.00000e+0, 3, 2, 
10/22/2022 17:11:45.346, 10/22/2022 17:11:45.293, 4.15666e+0, 0.00000e+0, 9.77170e+1, 0.00000e+0, 2.12912e+0, 0.00000e+0, 1.15453e+4, 0.00000e+0, 1.58760e+3, 0.00000e+0, 2.15399e+0, 0.00000e+0, 1.60614e+3, 0.00000e+0, 5.05807e+2, 0.00000e+0, 2.17468e+1, 0.00000e+0, 2.46102e+1, 0.00000e+0, 3.78733e+0, 0.00000e+0, 3.27067e+0, 0.00000e+0, 2.00000e+1, 0.00000e+0, 5.00000e+0, 0.00000e+0, 3, 2, 
10/22/2022 17:11:46.355, 10/22/2022 17:11:46.309, 4.15653e+0, 0.00000e+0, 9.76977e+1, 0.00000e+0, 2.12700e+0, 0.00000e+0, 1.17458e+4, 0.00000e+0, 1.58468e+3, 0.00000e+0, 2.15228e+0, 0.00000e+0, 1.60352e+3, 0.00000e+0, 5.06808e+2, 0.00000e+0, 2.17453e+1, 0.00000e+0, 2.46226e+1, 0.00000e+0, 3.78520e+0, 0.00000e+0, 3.27026e+0, 0.00000e+0, 2.00000e+1, 0.00000e+0, 5.00000e+0, 0.00000e+0, 3, 2, 
10/22/2022 17:11:47.338, 10/22/2022 17:11:47.282, 4.15609e+0, 0.00000e+0, 9.76325e+1, 0.00000e+0, 2.12800e+0, 0.00000e+0, 1.13445e+4, 0.00000e+0, 1.59505e+3, 0.00000e+0, 2.15242e+0, 0.00000e+0, 1.61335e+3, 0.00000e+0, 5.06173e+2, 0.00000e+0, 2.17639e+1, 0.00000e+0, 2.46191e+1, 0.00000e+0, 3.78523e+0, 0.00000e+0, 3.27071e+0, 0.00000e+0, 2.00000e+1, 0.00000e+0, 5.00000e+0, 0.00000e+0, 3, 2, 
10/22/2022 17:11:48.335, 10/22/2022 17:11:48.277, 4.15653e+0, 0.00000e+0, 9.76972e+1, 0.00000e+0, 2.13014e+0, 0.00000e+0, 1.18306e+4, 0.00000e+0, 1.60604e+3, 0.00000e+0, 2.15564e+0, 0.00000e+0, 1.62527e+3, 0.00000e+0, 5.05936e+2, 0.00000e+0, 2.17592e+1, 0.00000e+0, 2.46381e+1, 0.00000e+0, 3.78517e+0, 0.00000e+0, 3.27081e+0, 0.00000e+0, 2.00000e+1, 0.00000e+0, 5.00000e+0, 0.00000e+0, 3, 2, 
10/22/2022 17:11:49.324, 10/22/2022 17:11:49.272, 4.15659e+0, 0.00000e+0, 9.77076e+1, 0.00000e+0, 2.12890e+0, 0.00000e+0, 1.19723e+4, 0.00000e+0, 1.60211e+3, 0.00000e+0, 2.15470e+0, 0.00000e+0, 1.62152e+3, 0.00000e+0, 5.06638e+2, 0.00000e+0, 2.17575e+1, 0.00000e+0, 2.46928e+1, 0.00000e+0, 3.78562e+0, 0.00000e+0, 3.27078e+0, 0.00000e+0, 2.00000e+1, 0.00000e+0, 5.00000e+0, 0.00000e+0, 3, 2, 
10/22/2022 17:11:50.322, 10/22/2022 17:11:50.267, 4.15609e+0, 0.00000e+0, 9.76320e+1, 0.00000e+0, 2.13157e+0, 0.00000e+0, 1.16321e+4, 0.00000e+0, 1.59713e+3, 0.00000e+0, 2.15665e+0, 0.00000e+0, 1.61592e+3, 0.00000e+0, 5.05965e+2, 0.00000e+0, 2.17743e+1, 0.00000e+0, 2.46008e+1, 0.00000e+0, 3.78537e+0, 0.00000e+0, 3.27069e+0, 0.00000e+0, 2.00000e+1, 0.00000e+0, 5.00000e+0, 0.00000e+0, 3, 2, 
10/22/2022 17:11:51.312, 10/22/2022 17:11:51.261, 4.15644e+0, 0.00000e+0, 9.76847e+1, 0.00000e+0, 2.12928e+0, 0.00000e+0, 1.14761e+4, 0.00000e+0, 1.58245e+3, 0.00000e+0, 2.15400e+0, 0.00000e+0, 1.60082e+3, 0.00000e+0, 5.06997e+2, 0.00000e+0, 2.17642e+1, 0.00000e+0, 2.47272e+1, 0.00000e+0, 3.78587e+0, 0.00000e+0, 3.27141e+0, 0.00000e+0, 2.00000e+1, 0.00000e+0, 5.00000e+0, 0.00000e+0, 3, 2, 
10/22/2022 17:11:52.307, 10/22/2022 17:11:52.254, 4.15672e+0, 0.00000e+0, 9.77260e+1, 0.00000e+0, 2.12640e+0, 0.00000e+0, 1.16454e+4, 0.00000e+0, 1.58154e+3, 0.00000e+0, 2.15145e+0, 0.00000e+0, 1.60017e+3, 0.00000e+0, 5.06270e+2, 0.00000e+0, 2.17579e+1, 0.00000e+0, 2.46711e+1, 0.00000e+0, 3.78502e+0, 0.00000e+0, 3.27084e+0, 0.00000e+0, 2.00000e+1, 0.00000e+0, 5.00000e+0, 0.00000e+0, 3, 2, 
10/22/2022 17:11:55.015, 10/22/2022 17:11:54.964, 4.15601e+0, 0.00000e+0, 9.76206e+1, 0.00000e+0, 2.13008e+0, 0.00000e+0, 1.18789e+4, 0.00000e+0, 1.58292e+3, 0.00000e+0, 2.15568e+0, 0.00000e+0, 1.60195e+3, 0.00000e+0, 5.06156e+2, 0.00000e+0, 2.17651e+1, 0.00000e+0, 2.47057e+1, 0.00000e+0, 3.78679e+0, 0.00000e+0, 3.27096e+0, 0.00000e+0, 2.00000e+1, 0.00000e+0, 5.00000e+0, 0.00000e+0, 3, 2, 
10/22/2022 17:11:55.072, 10/22/2022 17:11:55.023, 4.15602e+0, 0.00000e+0, 9.76217e+1, 0.00000e+0, 2.13251e+0, 0.00000e+0, 1.17586e+4, 0.00000e+0, 1.56830e+3, 0.00000e+0, 2.15789e+0, 0.00000e+0, 1.58696e+3, 0.00000e+0, 5.05880e+2, 0.00000e+0, 2.17649e+1, 0.00000e+0, 2.47055e+1, 0.00000e+0, 3.78604e+0, 0.00000e+0, 3.27092e+0, 0.00000e+0, 2.00000e+1, 0.00000e+0, 5.00000e+0, 0.00000e+0, 3, 2, 
10/22/2022 17:11:55.289, 10/22/2022 17:11:55.238, 4.15662e+0, 0.00000e+0, 9.77109e+1, 0.00000e+0, 2.12876e+0, 0.00000e+0, 1.16166e+4, 0.00000e+0, 1.57203e+3, 0.00000e+0, 2.15378e+0, 0.00000e+0, 1.59050e+3, 0.00000e+0, 5.06650e+2, 0.00000e+0, 2.17503e+1, 0.00000e+0, 2.45991e+1, 0.00000e+0, 3.78612e+0, 0.00000e+0, 3.27193e+0, 0.00000e+0, 2.00000e+1, 0.00000e+0, 5.00000e+0, 0.00000e+0, 3, 2, 
10/22/2022 17:11:56.285, 10/22/2022 17:11:56.233, 4.15651e+0, 0.00000e+0, 9.76944e+1, 0.00000e+0, 2.12660e+0, 0.00000e+0, 1.17570e+4, 0.00000e+0, 1.57531e+3, 0.00000e+0, 2.15190e+0, 0.00000e+0, 1.59405e+3, 0.00000e+0, 5.06199e+2, 0.00000e+0, 2.17703e+1, 0.00000e+0, 2.47832e+1, 0.00000e+0, 3.78455e+0, 0.00000e+0, 3.27037e+0, 0.00000e+0, 2.00000e+1, 0.00000e+0, 5.00000e+0, 0.00000e+0, 3, 2, 
10/22/2022 17:11:57.283, 10/22/2022 17:11:57.227, 4.15659e+0, 0.00000e+0, 9.77065e+1, 0.00000e+0, 2.12791e+0, 0.00000e+0, 1.14965e+4, 0.00000e+0, 1.57089e+3, 0.00000e+0, 2.15265e+0, 0.00000e+0, 1.58916e+3, 0.00000e+0, 5.05673e+2, 0.00000e+0, 2.17737e+1, 0.00000e+0, 2.47290e+1, 0.00000e+0, 3.78556e+0, 0.00000e+0, 3.27121e+0, 0.00000e+0, 2.00000e+1, 0.00000e+0, 5.00000e+0, 0.00000e+0, 3, 2, 
10/22/2022 17:11:58.280, 10/22/2022 17:11:58.222, 4.15676e+0, 0.00000e+0, 9.77329e+1, 0.00000e+0, 2.12401e+0, 0.00000e+0, 1.15467e+4, 0.00000e+0, 1.57591e+3, 0.00000e+0, 2.14882e+0, 0.00000e+0, 1.59432e+3, 0.00000e+0, 5.06698e+2, 0.00000e+0, 2.17848e+1, 0.00000e+0, 2.47728e+1, 0.00000e+0, 3.78674e+0, 0.00000e+0, 3.27014e+0, 0.00000e+0, 2.00000e+1, 0.00000e+0, 5.00000e+0, 0.00000e+0, 3, 2, 
10/22/2022 17:11:59.269, 10/22/2022 17:11:59.216, 4.15636e+0, 0.00000e+0, 9.76733e+1, 0.00000e+0, 2.12679e+0, 0.00000e+0, 1.18872e+4, 0.00000e+0, 1.57164e+3, 0.00000e+0, 2.15238e+0, 0.00000e+0, 1.59055e+3, 0.00000e+0, 5.06274e+2, 0.00000e+0, 2.17795e+1, 0.00000e+0, 2.47978e+1, 0.00000e+0, 3.78686e+0, 0.00000e+0, 3.27084e+0, 0.00000e+0, 2.00000e+1, 0.00000e+0, 5.00000e+0, 0.00000e+0, 3, 2, 
10/22/2022 17:12:00.430, 10/22/2022 17:12:00.378, 4.15662e+0, 0.00000e+0, 9.77106e+1, 0.00000e+0, 2.12790e+0, 0.00000e+0, 1.17891e+4, 0.00000e+0, 1.59003e+3, 0.00000e+0, 2.15329e+0, 0.00000e+0, 1.60900e+3, 0.00000e+0, 5.06059e+2, 0.00000e+0, 2.17840e+1, 0.00000e+0, 2.47548e+1, 0.00000e+0, 3.78386e+0, 0.00000e+0, 3.27269e+0, 0.00000e+0, 2.00000e+1, 0.00000e+0, 5.00000e+0, 0.00000e+0, 3, 2, 
10/22/2022 17:12:01.257, 10/22/2022 17:12:01.206, 4.15628e+0, 0.00000e+0, 9.76609e+1, 0.00000e+0, 2.12605e+0, 0.00000e+0, 1.15402e+4, 0.00000e+0, 1.59512e+3, 0.00000e+0, 2.15087e+0, 0.00000e+0, 1.61374e+3, 0.00000e+0, 5.05315e+2, 0.00000e+0, 2.18095e+1, 0.00000e+0, 2.48088e+1, 0.00000e+0, 3.78578e+0, 0.00000e+0, 3.27106e+0, 0.00000e+0, 2.00000e+1, 0.00000e+0, 5.00000e+0, 0.00000e+0, 3, 2, 
10/22/2022 17:12:02.254, 10/22/2022 17:12:02.200, 4.15661e+0, 0.00000e+0, 9.77103e+1, 0.00000e+0, 2.12491e+0, 0.00000e+0, 1.15882e+4, 0.00000e+0, 1.58775e+3, 0.00000e+0, 2.14982e+0, 0.00000e+0, 1.60637e+3, 0.00000e+0, 5.06479e+2, 0.00000e+0, 2.17879e+1, 0.00000e+0, 2.47688e+1, 0.00000e+0, 3.78563e+0, 0.00000e+0, 3.27112e+0, 0.00000e+0, 2.00000e+1, 0.00000e+0, 5.00000e+0, 0.00000e+0, 3, 2, 
10/22/2022 17:12:04.924, 10/22/2022 17:12:04.874, 4.15585e+0, 0.00000e+0, 9.75971e+1, 0.00000e+0, 2.12439e+0, 0.00000e+0, 1.16745e+4, 0.00000e+0, 1.58033e+3, 0.00000e+0, 2.14948e+0, 0.00000e+0, 1.59900e+3, 0.00000e+0, 5.06318e+2, 0.00000e+0, 2.17857e+1, 0.00000e+0, 2.47967e+1, 0.00000e+0, 3.78600e+0, 0.00000e+0, 3.27136e+0, 0.00000e+0, 2.00000e+1, 0.00000e+0, 5.00000e+0, 0.00000e+0, 3, 2, 
10/22/2022 17:12:04.979, 10/22/2022 17:12:04.931, 4.15586e+0, 0.00000e+0, 9.75983e+1, 0.00000e+0, 2.12961e+0, 0.00000e+0, 1.15023e+4, 0.00000e+0, 1.58498e+3, 0.00000e+0, 2.15439e+0, 0.00000e+0, 1.60342e+3, 0.00000e+0, 5.06102e+2, 0.00000e+0, 2.17857e+1, 0.00000e+0, 2.47976e+1, 0.00000e+0, 3.78602e+0, 0.00000e+0, 3.27085e+0, 0.00000e+0, 2.00000e+1, 0.00000e+0, 5.00000e+0, 0.00000e+0, 3, 2, 
10/22/2022 17:12:05.239, 10/22/2022 17:12:05.184, 4.15660e+0, 0.00000e+0, 9.77081e+1, 0.00000e+0, 2.12319e+0, 0.00000e+0, 1.16818e+4, 0.00000e+0, 1.58347e+3, 0.00000e+0, 2.14828e+0, 0.00000e+0, 1.60218e+3, 0.00000e+0, 5.09846e+2, 0.00000e+0, 2.17932e+1, 0.00000e+0, 2.46839e+1, 0.00000e+0, 3.78613e+0, 0.00000e+0, 3.27139e+0, 0.00000e+0, 2.00000e+1, 0.00000e+0, 5.00000e+0, 0.00000e+0, 3, 2, 
10/22/2022 17:12:06.228, 10/22/2022 17:12:06.178, 4.15659e+0, 0.00000e+0, 9.77072e+1, 0.00000e+0, 2.12516e+0, 0.00000e+0, 1.16639e+4, 0.00000e+0, 1.59423e+3, 0.00000e+0, 2.15024e+0, 0.00000e+0, 1.61304e+3, 0.00000e+0, 5.06044e+2, 0.00000e+0, 2.17923e+1, 0.00000e+0, 2.48766e+1, 0.00000e+0, 3.78532e+0, 0.00000e+0, 3.26990e+0, 0.00000e+0, 2.00000e+1, 0.00000e+0, 5.00000e+0, 0.00000e+0, 3, 2, 
10/22/2022 17:12:07.220, 10/22/2022 17:12:07.172, 4.15667e+0, 0.00000e+0, 9.77191e+1, 0.00000e+0, 2.13122e+0, 0.00000e+0, 1.16915e+4, 0.00000e+0, 1.59139e+3, 0.00000e+0, 2.15643e+0, 0.00000e+0, 1.61021e+3, 0.00000e+0, 5.05825e+2, 0.00000e+0, 2.17935e+1, 0.00000e+0, 2.48065e+1, 0.00000e+0, 3.78588e+0, 0.00000e+0, 3.27123e+0, 0.00000e+0, 2.00000e+1, 0.00000e+0, 5.00000e+0, 0.00000e+0, 3, 2, 
10/22/2022 17:12:08.225, 10/22/2022 17:12:08.179, 4.15610e+0, 0.00000e+0, 9.76340e+1, 0.00000e+0, 2.12525e+0, 0.00000e+0, 1.17022e+4, 0.00000e+0, 1.57968e+3, 0.00000e+0, 2.15041e+0, 0.00000e+0, 1.59838e+3, 0.00000e+0, 5.06747e+2, 0.00000e+0, 2.18010e+1, 0.00000e+0, 2.48388e+1, 0.00000e+0, 3.78602e+0, 0.00000e+0, 3.27105e+0, 0.00000e+0, 2.00000e+1, 0.00000e+0, 5.00000e+0, 0.00000e+0, 3, 2, 
10/22/2022 17:12:09.208, 10/22/2022 17:12:09.161, 4.15588e+0, 0.00000e+0, 9.76014e+1, 0.00000e+0, 2.12721e+0, 0.00000e+0, 1.17003e+4, 0.00000e+0, 1.57543e+3, 0.00000e+0, 2.15239e+0, 0.00000e+0, 1.59408e+3, 0.00000e+0, 5.05779e+2, 0.00000e+0, 2.18082e+1, 0.00000e+0, 2.48444e+1, 0.00000e+0, 3.78602e+0, 0.00000e+0, 3.27102e+0, 0.00000e+0, 2.00000e+1, 0.00000e+0, 5.00000e+0, 0.00000e+0, 3, 2, 
10/22/2022 17:12:10.203, 10/22/2022 17:12:10.156, 4.15635e+0, 0.00000e+0, 9.76714e+1, 0.00000e+0, 2.13126e+0, 0.00000e+0, 1.16102e+4, 0.00000e+0, 1.58334e+3, 0.00000e+0, 2.15630e+0, 0.00000e+0, 1.60193e+3, 0.00000e+0, 5.05996e+2, 0.00000e+0, 2.18093e+1, 0.00000e+0, 2.48210e+1, 0.00000e+0, 3.78700e+0, 0.00000e+0, 3.27103e+0, 0.00000e+0, 2.00000e+1, 0.00000e+0, 5.00000e+0, 0.00000e+0, 3, 2, 
10/22/2022 17:12:11.201, 10/22/2022 17:12:11.150, 4.15585e+0, 0.00000e+0, 9.75965e+1, 0.00000e+0, 2.12913e+0, 0.00000e+0, 1.15039e+4, 0.00000e+0, 1.59724e+3, 0.00000e+0, 2.15391e+0, 0.00000e+0, 1.61583e+3, 0.00000e+0, 5.06320e+2, 0.00000e+0, 2.18308e+1, 0.00000e+0, 2.48830e+1, 0.00000e+0, 3.78609e+0, 0.00000e+0, 3.27068e+0, 0.00000e+0, 2.00000e+1, 0.00000e+0, 5.00000e+0, 0.00000e+0, 3, 2, 
10/22/2022 17:12:12.201, 10/22/2022 17:12:12.146, 4.15634e+0, 0.00000e+0, 9.76697e+1, 0.00000e+0, 2.12796e+0, 0.00000e+0, 1.15662e+4, 0.00000e+0, 1.60671e+3, 0.00000e+0, 2.15286e+0, 0.00000e+0, 1.62551e+3, 0.00000e+0, 5.06343e+2, 0.00000e+0, 2.18167e+1, 0.00000e+0, 2.48711e+1, 0.00000e+0, 3.78644e+0, 0.00000e+0, 3.27119e+0, 0.00000e+0, 2.00000e+1, 0.00000e+0, 5.00000e+0, 0.00000e+0, 3, 2, 
10/22/2022 17:12:13.198, 10/22/2022 17:12:13.141, 4.15464e+0, 0.00000e+0, 9.74167e+1, 0.00000e+0, 2.12924e+0, 0.00000e+0, 1.16466e+4, 0.00000e+0, 1.59992e+3, 0.00000e+0, 2.15433e+0, 0.00000e+0, 1.61877e+3, 0.00000e+0, 5.06558e+2, 0.00000e+0, 2.18155e+1, 0.00000e+0, 2.48054e+1, 0.00000e+0, 3.78636e+0, 0.00000e+0, 3.27130e+0, 0.00000e+0, 2.00000e+1, 0.00000e+0, 5.00000e+0, 0.00000e+0, 3, 2, 
