SN:3K60180500001585 BD:Jul 23 2018 VC:834b9c1 MD5:48f99e4865ed8b810be1bb0eaaabf929
SysTime,                      Time,         Batt_v,      Batt_v_sd,   BATT_PERCENT,BATT_PERCENT_sd,      [CH4]_ppm,   [CH4]_ppm_sd,      [H2O]_ppm,   [H2O]_ppm_sd,     [H2Oa]_ppm,  [H2Oa]_ppm_sd,      [CO2]_ppm,   [CO2]_ppm_sd,     [CH4]d_ppm,  [CH4]d_ppm_sd,     [CO2]d_ppm,  [CO2]d_ppm_sd,      GasP_torr,   GasP_torr_sd,         GasT_C,      GasT_C_sd,         AmbT_C,      AmbT_C_sd,         RD0_us,      RD0_us_sd,         RD1_us,      RD1_us_sd, Temp_Status_mA,Temp_Status_mA_sd,Analyzer_Status_mA,Analyzer_Status_mA_sd,       Fit_Flag,      MIU_VALVE,       MIU_DESC
10/26/2022 11:24:54.534, 10/26/2022 11:24:54.475, 3.58327e+0, 0.00000e+0, 4.28621e+1, 0.00000e+0, 2.15186e+0, 0.00000e+0, -1.46426e+3, 0.00000e+0, 3.77319e+2, 0.00000e+0, 1.33926e+3, 0.00000e+0, 1.07436e+0, 0.00000e+0, 6.68651e+2, 0.00000e+0, 5.05735e+2, 0.00000e+0, 1.98534e+1, 0.00000e+0, 2.20996e+1, 0.00000e+0, 3.44641e+0, 0.00000e+0, 2.86397e+0, 0.00000e+0, 2.00000e+1, 0.00000e+0, 1.50000e+1, 0.00000e+0, 2, -1, Disabled
10/26/2022 11:24:55.529, 10/26/2022 11:24:55.469, 3.58223e+0, 0.00000e+0, 8.56994e+1, 0.00000e+0, 2.14875e+0, 0.00000e+0, -1.18417e+3, 0.00000e+0, 5.26261e+2, 0.00000e+0, 1.34151e+3, 0.00000e+0, 2.14621e+0, 0.00000e+0, 1.33992e+3, 0.00000e+0, 5.05692e+2, 0.00000e+0, 1.98536e+1, 0.00000e+0, 2.21152e+1, 0.00000e+0, 3.44569e+0, 0.00000e+0, 2.86457e+0, 0.00000e+0, 2.00000e+1, 0.00000e+0, 1.50000e+1, 0.00000e+0, 2, -1, Disabled
10/26/2022 11:24:56.523, 10/26/2022 11:24:56.466, 3.58285e+0, 0.00000e+0, 8.57141e+1, 0.00000e+0, 2.14779e+0, 0.00000e+0, -1.56561e+3, 0.00000e+0, 4.07549e+2, 0.00000e+0, 1.34131e+3, 0.00000e+0, 2.14443e+0, 0.00000e+0, 1.33922e+3, 0.00000e+0, 5.05770e+2, 0.00000e+0, 1.98535e+1, 0.00000e+0, 2.21377e+1, 0.00000e+0, 3.44587e+0, 0.00000e+0, 2.86404e+0, 0.00000e+0, 2.00000e+1, 0.00000e+0, 1.50000e+1, 0.00000e+0, 2, -1, Disabled
10/26/2022 11:24:57.514, 10/26/2022 11:24:57.459, 3.58116e+0, 0.00000e+0, 8.56736e+1, 0.00000e+0, 2.14480e+0, 0.00000e+0, -1.47029e+3, 0.00000e+0, 4.46675e+2, 0.00000e+0, 1.34459e+3, 0.00000e+0, 2.14165e+0, 0.00000e+0, 1.34262e+3, 0.00000e+0, 5.05751e+2, 0.00000e+0, 1.98555e+1, 0.00000e+0, 2.21478e+1, 0.00000e+0, 3.44643e+0, 0.00000e+0, 2.86404e+0, 0.00000e+0, 2.00000e+1, 0.00000e+0, 1.50000e+1, 0.00000e+0, 2, -1, Disabled
10/26/2022 11:24:58.513, 10/26/2022 11:24:58.454, 3.58159e+0, 0.00000e+0, 8.56840e+1, 0.00000e+0, 2.14557e+0, 0.00000e+0, -1.37108e+3, 0.00000e+0, 4.29904e+2, 0.00000e+0, 1.34648e+3, 0.00000e+0, 2.14263e+0, 0.00000e+0, 1.34463e+3, 0.00000e+0, 5.05790e+2, 0.00000e+0, 1.98561e+1, 0.00000e+0, 2.21408e+1, 0.00000e+0, 3.44567e+0, 0.00000e+0, 2.86364e+0, 0.00000e+0, 2.00000e+1, 0.00000e+0, 1.50000e+1, 0.00000e+0, 2, -1, Disabled
10/26/2022 11:24:59.502, 10/26/2022 11:24:59.449, 3.58282e+0, 0.00000e+0, 8.57133e+1, 0.00000e+0, 2.14917e+0, 0.00000e+0, -1.29489e+3, 0.00000e+0, 4.80082e+2, 0.00000e+0, 1.34528e+3, 0.00000e+0, 2.14639e+0, 0.00000e+0, 1.34354e+3, 0.00000e+0, 5.05722e+2, 0.00000e+0, 1.98589e+1, 0.00000e+0, 2.21668e+1, 0.00000e+0, 3.44611e+0, 0.00000e+0, 2.86420e+0, 0.00000e+0, 2.00000e+1, 0.00000e+0, 1.50000e+1, 0.00000e+0, 2, -1, Disabled
10/26/2022 11:25:00.504, 10/26/2022 11:25:00.443, 3.58333e+0, 0.00000e+0, 8.57255e+1, 0.00000e+0, 2.14564e+0, 0.00000e+0, -1.31677e+3, 0.00000e+0, 3.76903e+2, 0.00000e+0, 1.34540e+3, 0.00000e+0, 2.14282e+0, 0.00000e+0, 1.34363e+3, 0.00000e+0, 5.05787e+2, 0.00000e+0, 1.98571e+1, 0.00000e+0, 2.21536e+1, 0.00000e+0, 3.44579e+0, 0.00000e+0, 2.86415e+0, 0.00000e+0, 2.00000e+1, 0.00000e+0, 1.50000e+1, 0.00000e+0, 2, -1, Disabled
10/26/2022 11:25:01.497, 10/26/2022 11:25:01.438, 3.58183e+0, 0.00000e+0, 8.56898e+1, 0.00000e+0, 2.14513e+0, 0.00000e+0, -1.30692e+3, 0.00000e+0, 5.26941e+2, 0.00000e+0, 1.34775e+3, 0.00000e+0, 2.14233e+0, 0.00000e+0, 1.34599e+3, 0.00000e+0, 5.05744e+2, 0.00000e+0, 1.98582e+1, 0.00000e+0, 2.21455e+1, 0.00000e+0, 3.44534e+0, 0.00000e+0, 2.86436e+0, 0.00000e+0, 2.00000e+1, 0.00000e+0, 1.50000e+1, 0.00000e+0, 2, -1, Disabled
10/26/2022 11:25:02.491, 10/26/2022 11:25:02.433, 3.58205e+0, 0.00000e+0, 8.56950e+1, 0.00000e+0, 2.14603e+0, 0.00000e+0, -1.19410e+3, 0.00000e+0, 5.87328e+2, 0.00000e+0, 1.34983e+3, 0.00000e+0, 2.14347e+0, 0.00000e+0, 1.34822e+3, 0.00000e+0, 5.05734e+2, 0.00000e+0, 1.98622e+1, 0.00000e+0, 2.21289e+1, 0.00000e+0, 3.44572e+0, 0.00000e+0, 2.86516e+0, 0.00000e+0, 2.00000e+1, 0.00000e+0, 1.50000e+1, 0.00000e+0, 2, -1, Disabled
10/26/2022 11:25:03.487, 10/26/2022 11:25:03.426, 3.58151e+0, 0.00000e+0, 8.56820e+1, 0.00000e+0, 2.14843e+0, 0.00000e+0, -1.34678e+3, 0.00000e+0, 1.78962e+2, 0.00000e+0, 1.35143e+3, 0.00000e+0, 2.14554e+0, 0.00000e+0, 1.34962e+3, 0.00000e+0, 5.05746e+2, 0.00000e+0, 1.98638e+1, 0.00000e+0, 2.22085e+1, 0.00000e+0, 3.44638e+0, 0.00000e+0, 2.86361e+0, 0.00000e+0, 2.00000e+1, 0.00000e+0, 1.50000e+1, 0.00000e+0, 2, -1, Disabled
10/26/2022 11:25:04.477, 10/26/2022 11:25:04.420, 3.58230e+0, 0.00000e+0, 8.57008e+1, 0.00000e+0, 2.15132e+0, 0.00000e+0, -1.46467e+3, 0.00000e+0, 3.08014e+2, 0.00000e+0, 1.35341e+3, 0.00000e+0, 2.14818e+0, 0.00000e+0, 1.35143e+3, 0.00000e+0, 5.05729e+2, 0.00000e+0, 1.98637e+1, 0.00000e+0, 2.21745e+1, 0.00000e+0, 3.44593e+0, 0.00000e+0, 2.86410e+0, 0.00000e+0, 2.00000e+1, 0.00000e+0, 1.50000e+1, 0.00000e+0, 2, -1, Disabled
10/26/2022 11:25:05.505, 10/26/2022 11:25:05.416, 3.58159e+0, 0.00000e+0, 8.56839e+1, 0.00000e+0, 2.14985e+0, 0.00000e+0, -1.66323e+3, 0.00000e+0, 2.39249e+2, 0.00000e+0, 1.35477e+3, 0.00000e+0, 2.14628e+0, 0.00000e+0, 1.35252e+3, 0.00000e+0, 5.05787e+2, 0.00000e+0, 1.98616e+1, 0.00000e+0, 2.22077e+1, 0.00000e+0, 3.44382e+0, 0.00000e+0, 2.86446e+0, 0.00000e+0, 2.00000e+1, 0.00000e+0, 1.50000e+1, 0.00000e+0, 3, -1, Disabled
10/26/2022 11:25:06.474, 10/26/2022 11:25:06.410, 3.58038e+0, 0.00000e+0, 8.56551e+1, 0.00000e+0, 2.14599e+0, 0.00000e+0, -1.51370e+3, 0.00000e+0, 4.03100e+2, 0.00000e+0, 1.35302e+3, 0.00000e+0, 2.14274e+0, 0.00000e+0, 1.35098e+3, 0.00000e+0, 5.05748e+2, 0.00000e+0, 1.98630e+1, 0.00000e+0, 2.21759e+1, 0.00000e+0, 3.44522e+0, 0.00000e+0, 2.86418e+0, 0.00000e+0, 2.00000e+1, 0.00000e+0, 1.50000e+1, 0.00000e+0, 3, -1, Disabled
10/26/2022 11:25:07.464, 10/26/2022 11:25:07.404, 3.58202e+0, 0.00000e+0, 8.56943e+1, 0.00000e+0, 2.14883e+0, 0.00000e+0, -1.43515e+3, 0.00000e+0, 3.20038e+2, 0.00000e+0, 1.35449e+3, 0.00000e+0, 2.14575e+0, 0.00000e+0, 1.35254e+3, 0.00000e+0, 5.05735e+2, 0.00000e+0, 1.98636e+1, 0.00000e+0, 2.21913e+1, 0.00000e+0, 3.44484e+0, 0.00000e+0, 2.86343e+0, 0.00000e+0, 2.00000e+1, 0.00000e+0, 1.50000e+1, 0.00000e+0, 3, -1, Disabled
10/26/2022 11:25:08.458, 10/26/2022 11:25:08.400, 3.58176e+0, 0.00000e+0, 8.56880e+1, 0.00000e+0, 2.14779e+0, 0.00000e+0, -1.39697e+3, 0.00000e+0, 4.82635e+2, 0.00000e+0, 1.35356e+3, 0.00000e+0, 2.14479e+0, 0.00000e+0, 1.35168e+3, 0.00000e+0, 5.05705e+2, 0.00000e+0, 1.98643e+1, 0.00000e+0, 2.21908e+1, 0.00000e+0, 3.44544e+0, 0.00000e+0, 2.86370e+0, 0.00000e+0, 2.00000e+1, 0.00000e+0, 1.50000e+1, 0.00000e+0, 3, -1, Disabled
10/26/2022 11:25:09.453, 10/26/2022 11:25:09.393, 3.57904e+0, 0.00000e+0, 8.56231e+1, 0.00000e+0, 2.14839e+0, 0.00000e+0, -1.36272e+3, 0.00000e+0, 4.06568e+2, 0.00000e+0, 1.35390e+3, 0.00000e+0, 2.14547e+0, 0.00000e+0, 1.35205e+3, 0.00000e+0, 5.05719e+2, 0.00000e+0, 1.98647e+1, 0.00000e+0, 2.22330e+1, 0.00000e+0, 3.44605e+0, 0.00000e+0, 2.86287e+0, 0.00000e+0, 2.00000e+1, 0.00000e+0, 1.50000e+1, 0.00000e+0, 3, -1, Disabled
10/26/2022 11:25:10.456, 10/26/2022 11:25:10.389, 3.58071e+0, 0.00000e+0, 8.56630e+1, 0.00000e+0, 2.14552e+0, 0.00000e+0, -1.50565e+3, 0.00000e+0, 2.52640e+2, 0.00000e+0, 1.35050e+3, 0.00000e+0, 2.14230e+0, 0.00000e+0, 1.34847e+3, 0.00000e+0, 5.05756e+2, 0.00000e+0, 1.98649e+1, 0.00000e+0, 2.22268e+1, 0.00000e+0, 3.44568e+0, 0.00000e+0, 2.86441e+0, 0.00000e+0, 2.00000e+1, 0.00000e+0, 1.50000e+1, 0.00000e+0, 3, -1, Disabled
10/26/2022 11:25:11.446, 10/26/2022 11:25:11.383, 3.58003e+0, 0.00000e+0, 8.56467e+1, 0.00000e+0, 2.14999e+0, 0.00000e+0, -1.37447e+3, 0.00000e+0, 4.10932e+2, 0.00000e+0, 1.34978e+3, 0.00000e+0, 2.14704e+0, 0.00000e+0, 1.34793e+3, 0.00000e+0, 5.05797e+2, 0.00000e+0, 1.98663e+1, 0.00000e+0, 2.22281e+1, 0.00000e+0, 3.44637e+0, 0.00000e+0, 2.86443e+0, 0.00000e+0, 2.00000e+1, 0.00000e+0, 1.50000e+1, 0.00000e+0, 3, -1, Disabled
10/26/2022 11:25:12.452, 10/26/2022 11:25:12.377, 3.58042e+0, 0.00000e+0, 8.56560e+1, 0.00000e+0, 2.14523e+0, 0.00000e+0, -1.16326e+3, 0.00000e+0, 6.36475e+2, 0.00000e+0, 1.34828e+3, 0.00000e+0, 2.14274e+0, 0.00000e+0, 1.34671e+3, 0.00000e+0, 5.05732e+2, 0.00000e+0, 1.98667e+1, 0.00000e+0, 2.22223e+1, 0.00000e+0, 3.44555e+0, 0.00000e+0, 2.86447e+0, 0.00000e+0, 2.00000e+1, 0.00000e+0, 1.50000e+1, 0.00000e+0, 3, -1, Disabled
10/26/2022 11:25:13.428, 10/26/2022 11:25:13.371, 3.58017e+0, 0.00000e+0, 8.56499e+1, 0.00000e+0, 2.14917e+0, 0.00000e+0, -1.39387e+3, 0.00000e+0, 4.76405e+2, 0.00000e+0, 1.34562e+3, 0.00000e+0, 2.14618e+0, 0.00000e+0, 1.34374e+3, 0.00000e+0, 5.05691e+2, 0.00000e+0, 1.98680e+1, 0.00000e+0, 2.22268e+1, 0.00000e+0, 3.44636e+0, 0.00000e+0, 2.86356e+0, 0.00000e+0, 2.00000e+1, 0.00000e+0, 1.50000e+1, 0.00000e+0, 3, -1, Disabled
10/26/2022 11:25:14.421, 10/26/2022 11:25:14.366, 3.57824e+0, 0.00000e+0, 8.56037e+1, 0.00000e+0, 2.14532e+0, 0.00000e+0, -1.01352e+3, 0.00000e+0, 5.66809e+2, 0.00000e+0, 1.34565e+3, 0.00000e+0, 2.14315e+0, 0.00000e+0, 1.34429e+3, 0.00000e+0, 5.05689e+2, 0.00000e+0, 1.98686e+1, 0.00000e+0, 2.22733e+1, 0.00000e+0, 3.44619e+0, 0.00000e+0, 2.86401e+0, 0.00000e+0, 2.00000e+1, 0.00000e+0, 1.50000e+1, 0.00000e+0, 3, -1, Disabled
10/26/2022 11:25:15.421, 10/26/2022 11:25:15.360, 3.57814e+0, 0.00000e+0, 8.56014e+1, 0.00000e+0, 2.14624e+0, 0.00000e+0, -1.61348e+3, 0.00000e+0, 1.28622e+2, 0.00000e+0, 1.34599e+3, 0.00000e+0, 2.14278e+0, 0.00000e+0, 1.34382e+3, 0.00000e+0, 5.05770e+2, 0.00000e+0, 1.98691e+1, 0.00000e+0, 2.22879e+1, 0.00000e+0, 3.44596e+0, 0.00000e+0, 2.86317e+0, 0.00000e+0, 2.00000e+1, 0.00000e+0, 1.50000e+1, 0.00000e+0, 3, -1, Disabled
10/26/2022 11:25:16.412, 10/26/2022 11:25:16.355, 3.57928e+0, 0.00000e+0, 8.56287e+1, 0.00000e+0, 2.14625e+0, 0.00000e+0, -1.37255e+3, 0.00000e+0, 3.53483e+2, 0.00000e+0, 1.34782e+3, 0.00000e+0, 2.14330e+0, 0.00000e+0, 1.34597e+3, 0.00000e+0, 5.05816e+2, 0.00000e+0, 1.98702e+1, 0.00000e+0, 2.22824e+1, 0.00000e+0, 3.44518e+0, 0.00000e+0, 2.86366e+0, 0.00000e+0, 2.00000e+1, 0.00000e+0, 1.50000e+1, 0.00000e+0, 3, -1, Disabled
10/26/2022 11:25:17.406, 10/26/2022 11:25:17.350, 3.57792e+0, 0.00000e+0, 8.55962e+1, 0.00000e+0, 2.14812e+0, 0.00000e+0, -1.17563e+3, 0.00000e+0, 5.90173e+2, 0.00000e+0, 1.34727e+3, 0.00000e+0, 2.14560e+0, 0.00000e+0, 1.34569e+3, 0.00000e+0, 5.05728e+2, 0.00000e+0, 1.98719e+1, 0.00000e+0, 2.22699e+1, 0.00000e+0, 3.44517e+0, 0.00000e+0, 2.86352e+0, 0.00000e+0, 2.00000e+1, 0.00000e+0, 1.50000e+1, 0.00000e+0, 3, -1, Disabled
10/26/2022 11:25:18.416, 10/26/2022 11:25:18.345, 3.57919e+0, 0.00000e+0, 8.56267e+1, 0.00000e+0, 2.15367e+0, 0.00000e+0, -1.46022e+3, 0.00000e+0, 4.08571e+2, 0.00000e+0, 1.34749e+3, 0.00000e+0, 2.15053e+0, 0.00000e+0, 1.34552e+3, 0.00000e+0, 5.05714e+2, 0.00000e+0, 1.98718e+1, 0.00000e+0, 2.22524e+1, 0.00000e+0, 3.43020e+0, 0.00000e+0, 2.85430e+0, 0.00000e+0, 2.00000e+1, 0.00000e+0, 1.50000e+1, 0.00000e+0, 3, -1, Disabled
10/26/2022 11:25:19.413, 10/26/2022 11:25:19.340, 3.57612e+0, 0.00000e+0, 8.55532e+1, 0.00000e+0, 2.13092e+0, 0.00000e+0, -1.37719e+3, 0.00000e+0, 3.75407e+2, 0.00000e+0, 1.33122e+3, 0.00000e+0, 2.12799e+0, 0.00000e+0, 1.32939e+3, 0.00000e+0, 5.05630e+2, 0.00000e+0, 1.98786e+1, 0.00000e+0, 2.22933e+1, 0.00000e+0, 3.30982e+0, 0.00000e+0, 2.78174e+0, 0.00000e+0, 2.00000e+1, 0.00000e+0, 1.50000e+1, 0.00000e+0, 3, -1, Disabled
10/26/2022 11:25:20.399, 10/26/2022 11:25:20.333, 3.57418e+0, 0.00000e+0, 8.55068e+1, 0.00000e+0, 2.11439e+0, 0.00000e+0, -1.68262e+3, 0.00000e+0, -1.39625e+2, 0.00000e+0, 1.33363e+3, 0.00000e+0, 2.11083e+0, 0.00000e+0, 1.33139e+3, 0.00000e+0, 5.05773e+2, 0.00000e+0, 1.98757e+1, 0.00000e+0, 2.23430e+1, 0.00000e+0, 3.31860e+0, 0.00000e+0, 2.78512e+0, 0.00000e+0, 2.00000e+1, 0.00000e+0, 1.50000e+1, 0.00000e+0, 3, -1, Disabled
10/26/2022 11:25:21.410, 10/26/2022 11:25:21.328, 3.57575e+0, 0.00000e+0, 8.55442e+1, 0.00000e+0, 2.11461e+0, 0.00000e+0, -2.23529e+3, 0.00000e+0, -2.41626e+2, 0.00000e+0, 1.33340e+3, 0.00000e+0, 2.10989e+0, 0.00000e+0, 1.33042e+3, 0.00000e+0, 5.05832e+2, 0.00000e+0, 1.98778e+1, 0.00000e+0, 2.22999e+1, 0.00000e+0, 3.34989e+0, 0.00000e+0, 2.80256e+0, 0.00000e+0, 2.00000e+1, 0.00000e+0, 1.50000e+1, 0.00000e+0, 3, -1, Disabled
10/26/2022 11:25:22.400, 10/26/2022 11:25:22.323, 3.57348e+0, 0.00000e+0, 8.54899e+1, 0.00000e+0, 2.13851e+0, 0.00000e+0, -1.40214e+3, 0.00000e+0, 9.10718e+2, 0.00000e+0, 1.34218e+3, 0.00000e+0, 2.13552e+0, 0.00000e+0, 1.34030e+3, 0.00000e+0, 5.05722e+2, 0.00000e+0, 1.98801e+1, 0.00000e+0, 2.22851e+1, 0.00000e+0, 3.41024e+0, 0.00000e+0, 2.84150e+0, 0.00000e+0, 2.00000e+1, 0.00000e+0, 1.50000e+1, 0.00000e+0, 3, -1, Disabled
10/26/2022 11:25:23.379, 10/26/2022 11:25:23.317, 3.57533e+0, 0.00000e+0, 8.55342e+1, 0.00000e+0, 2.13946e+0, 0.00000e+0, -1.41695e+3, 0.00000e+0, 3.62175e+2, 0.00000e+0, 1.34572e+3, 0.00000e+0, 2.13643e+0, 0.00000e+0, 1.34382e+3, 0.00000e+0, 5.05647e+2, 0.00000e+0, 1.98788e+1, 0.00000e+0, 2.22718e+1, 0.00000e+0, 3.43180e+0, 0.00000e+0, 2.85555e+0, 0.00000e+0, 2.00000e+1, 0.00000e+0, 1.50000e+1, 0.00000e+0, 3, -1, Disabled
10/26/2022 11:25:24.370, 10/26/2022 11:25:24.312, 3.57219e+0, 0.00000e+0, 8.54592e+1, 0.00000e+0, 2.14163e+0, 0.00000e+0, -1.35366e+3, 0.00000e+0, 4.36447e+2, 0.00000e+0, 1.34741e+3, 0.00000e+0, 2.13873e+0, 0.00000e+0, 1.34559e+3, 0.00000e+0, 5.05699e+2, 0.00000e+0, 1.98804e+1, 0.00000e+0, 2.23576e+1, 0.00000e+0, 3.43758e+0, 0.00000e+0, 2.85979e+0, 0.00000e+0, 2.00000e+1, 0.00000e+0, 1.50000e+1, 0.00000e+0, 3, -1, Disabled
10/26/2022 11:25:25.363, 10/26/2022 11:25:25.307, 3.57482e+0, 0.00000e+0, 8.55219e+1, 0.00000e+0, 2.14374e+0, 0.00000e+0, -1.26499e+3, 0.00000e+0, 5.57301e+2, 0.00000e+0, 1.34730e+3, 0.00000e+0, 2.14103e+0, 0.00000e+0, 1.34560e+3, 0.00000e+0, 5.05743e+2, 0.00000e+0, 1.98787e+1, 0.00000e+0, 2.23573e+1, 0.00000e+0, 3.44353e+0, 0.00000e+0, 2.86260e+0, 0.00000e+0, 2.00000e+1, 0.00000e+0, 1.50000e+1, 0.00000e+0, 3, -1, Disabled
10/26/2022 11:25:26.447, 10/26/2022 11:25:26.308, 3.57557e+0, 0.00000e+0, 8.55399e+1, 0.00000e+0, 2.14527e+0, 0.00000e+0, -1.35186e+3, 0.00000e+0, 4.43872e+2, 0.00000e+0, 1.34499e+3, 0.00000e+0, 2.14237e+0, 0.00000e+0, 1.34317e+3, 0.00000e+0, 5.05761e+2, 0.00000e+0, 1.98808e+1, 0.00000e+0, 2.23278e+1, 0.00000e+0, 3.44408e+0, 0.00000e+0, 2.86296e+0, 0.00000e+0, 2.00000e+1, 0.00000e+0, 1.50000e+1, 0.00000e+0, 3, -1, Disabled
10/26/2022 11:25:27.382, 10/26/2022 11:25:27.302, 3.57420e+0, 0.00000e+0, 8.55071e+1, 0.00000e+0, 2.14773e+0, 0.00000e+0, -1.44295e+3, 0.00000e+0, 5.21168e+2, 0.00000e+0, 1.34516e+3, 0.00000e+0, 2.14463e+0, 0.00000e+0, 1.34322e+3, 0.00000e+0, 5.05710e+2, 0.00000e+0, 1.98824e+1, 0.00000e+0, 2.23227e+1, 0.00000e+0, 3.44292e+0, 0.00000e+0, 2.86139e+0, 0.00000e+0, 2.00000e+1, 0.00000e+0, 1.50000e+1, 0.00000e+0, 3, -1, Disabled
10/26/2022 11:25:28.353, 10/26/2022 11:25:28.296, 3.57370e+0, 0.00000e+0, 8.54953e+1, 0.00000e+0, 2.14856e+0, 0.00000e+0, -1.46051e+3, 0.00000e+0, 3.24867e+2, 0.00000e+0, 1.34450e+3, 0.00000e+0, 2.14542e+0, 0.00000e+0, 1.34253e+3, 0.00000e+0, 5.05653e+2, 0.00000e+0, 1.98860e+1, 0.00000e+0, 2.23517e+1, 0.00000e+0, 3.44431e+0, 0.00000e+0, 2.86324e+0, 0.00000e+0, 2.00000e+1, 0.00000e+0, 1.50000e+1, 0.00000e+0, 3, -1, Disabled
10/26/2022 11:25:29.346, 10/26/2022 11:25:29.290, 3.57293e+0, 0.00000e+0, 8.54768e+1, 0.00000e+0, 2.14690e+0, 0.00000e+0, -1.26241e+3, 0.00000e+0, 6.04951e+2, 0.00000e+0, 1.34155e+3, 0.00000e+0, 2.14419e+0, 0.00000e+0, 1.33986e+3, 0.00000e+0, 5.05705e+2, 0.00000e+0, 1.98825e+1, 0.00000e+0, 2.23927e+1, 0.00000e+0, 3.44389e+0, 0.00000e+0, 2.86292e+0, 0.00000e+0, 2.00000e+1, 0.00000e+0, 1.50000e+1, 0.00000e+0, 3, -1, Disabled
10/26/2022 11:25:30.344, 10/26/2022 11:25:30.286, 3.57282e+0, 0.00000e+0, 8.54742e+1, 0.00000e+0, 2.14944e+0, 0.00000e+0, -1.51449e+3, 0.00000e+0, 3.71593e+2, 0.00000e+0, 1.34126e+3, 0.00000e+0, 2.14619e+0, 0.00000e+0, 1.33924e+3, 0.00000e+0, 5.05812e+2, 0.00000e+0, 1.98879e+1, 0.00000e+0, 2.24247e+1, 0.00000e+0, 3.44395e+0, 0.00000e+0, 2.86336e+0, 0.00000e+0, 2.00000e+1, 0.00000e+0, 1.50000e+1, 0.00000e+0, 3, -1, Disabled
10/26/2022 11:25:31.331, 10/26/2022 11:25:31.281, 3.57147e+0, 0.00000e+0, 8.54418e+1, 0.00000e+0, 2.14143e+0, 0.00000e+0, -1.29780e+3, 0.00000e+0, 5.12449e+2, 0.00000e+0, 1.34125e+3, 0.00000e+0, 2.13866e+0, 0.00000e+0, 1.33952e+3, 0.00000e+0, 5.05733e+2, 0.00000e+0, 1.98857e+1, 0.00000e+0, 2.23592e+1, 0.00000e+0, 3.44413e+0, 0.00000e+0, 2.86323e+0, 0.00000e+0, 2.00000e+1, 0.00000e+0, 1.50000e+1, 0.00000e+0, 3, -1, Disabled
10/26/2022 11:25:32.332, 10/26/2022 11:25:32.274, 3.57055e+0, 0.00000e+0, 8.54198e+1, 0.00000e+0, 2.14654e+0, 0.00000e+0, -1.17753e+3, 0.00000e+0, 7.29379e+2, 0.00000e+0, 1.34156e+3, 0.00000e+0, 2.14402e+0, 0.00000e+0, 1.33998e+3, 0.00000e+0, 5.05666e+2, 0.00000e+0, 1.98851e+1, 0.00000e+0, 2.23494e+1, 0.00000e+0, 3.44367e+0, 0.00000e+0, 2.86321e+0, 0.00000e+0, 2.00000e+1, 0.00000e+0, 1.50000e+1, 0.00000e+0, 3, -1, Disabled
10/26/2022 11:25:33.323, 10/26/2022 11:25:33.269, 3.56952e+0, 0.00000e+0, 8.53951e+1, 0.00000e+0, 2.14339e+0, 0.00000e+0, -1.05338e+3, 0.00000e+0, 6.12259e+2, 0.00000e+0, 1.34170e+3, 0.00000e+0, 2.14113e+0, 0.00000e+0, 1.34029e+3, 0.00000e+0, 5.05661e+2, 0.00000e+0, 1.98887e+1, 0.00000e+0, 2.24168e+1, 0.00000e+0, 3.44421e+0, 0.00000e+0, 2.86336e+0, 0.00000e+0, 2.00000e+1, 0.00000e+0, 1.50000e+1, 0.00000e+0, 3, -1, Disabled
10/26/2022 11:25:34.322, 10/26/2022 11:25:34.263, 3.55964e+0, 0.00000e+0, 8.51587e+1, 0.00000e+0, 2.14521e+0, 0.00000e+0, -1.53859e+3, 0.00000e+0, 5.17716e+2, 0.00000e+0, 1.34509e+3, 0.00000e+0, 2.14192e+0, 0.00000e+0, 1.34303e+3, 0.00000e+0, 5.05662e+2, 0.00000e+0, 1.98870e+1, 0.00000e+0, 2.24504e+1, 0.00000e+0, 3.44387e+0, 0.00000e+0, 2.86260e+0, 0.00000e+0, 2.00000e+1, 0.00000e+0, 1.50000e+1, 0.00000e+0, 3, -1, Disabled
10/26/2022 11:25:35.331, 10/26/2022 11:25:35.258, 3.57135e+0, 0.00000e+0, 8.54391e+1, 0.00000e+0, 2.14389e+0, 0.00000e+0, -1.16528e+3, 0.00000e+0, 6.06614e+2, 0.00000e+0, 1.34578e+3, 0.00000e+0, 2.14139e+0, 0.00000e+0, 1.34422e+3, 0.00000e+0, 5.05740e+2, 0.00000e+0, 1.98886e+1, 0.00000e+0, 2.24309e+1, 0.00000e+0, 3.44422e+0, 0.00000e+0, 2.86302e+0, 0.00000e+0, 2.00000e+1, 0.00000e+0, 1.50000e+1, 0.00000e+0, 3, -1, Disabled
10/26/2022 11:25:36.310, 10/26/2022 11:25:36.253, 3.57167e+0, 0.00000e+0, 8.54467e+1, 0.00000e+0, 2.14462e+0, 0.00000e+0, -1.23445e+3, 0.00000e+0, 7.03602e+2, 0.00000e+0, 1.34620e+3, 0.00000e+0, 2.14198e+0, 0.00000e+0, 1.34454e+3, 0.00000e+0, 5.05686e+2, 0.00000e+0, 1.98880e+1, 0.00000e+0, 2.23941e+1, 0.00000e+0, 3.43678e+0, 0.00000e+0, 2.85884e+0, 0.00000e+0, 2.00000e+1, 0.00000e+0, 1.50000e+1, 0.00000e+0, 3, -1, Disabled
10/26/2022 11:25:37.305, 10/26/2022 11:25:37.247, 3.57190e+0, 0.00000e+0, 8.54521e+1, 0.00000e+0, 2.14562e+0, 0.00000e+0, -1.36668e+3, 0.00000e+0, 4.76976e+2, 0.00000e+0, 1.34553e+3, 0.00000e+0, 2.14269e+0, 0.00000e+0, 1.34370e+3, 0.00000e+0, 5.05643e+2, 0.00000e+0, 1.98898e+1, 0.00000e+0, 2.24221e+1, 0.00000e+0, 3.44380e+0, 0.00000e+0, 2.86210e+0, 0.00000e+0, 2.00000e+1, 0.00000e+0, 1.50000e+1, 0.00000e+0, 3, -1, Disabled
10/26/2022 11:25:38.300, 10/26/2022 11:25:38.241, 3.56723e+0, 0.00000e+0, 8.53404e+1, 0.00000e+0, 2.14503e+0, 0.00000e+0, -1.36994e+3, 0.00000e+0, 3.26171e+2, 0.00000e+0, 1.34451e+3, 0.00000e+0, 2.14210e+0, 0.00000e+0, 1.34267e+3, 0.00000e+0, 5.05709e+2, 0.00000e+0, 1.98923e+1, 0.00000e+0, 2.24772e+1, 0.00000e+0, 3.44395e+0, 0.00000e+0, 2.86314e+0, 0.00000e+0, 2.00000e+1, 0.00000e+0, 1.50000e+1, 0.00000e+0, 3, -1, Disabled
10/26/2022 11:25:39.294, 10/26/2022 11:25:39.236, 3.56852e+0, 0.00000e+0, 8.53714e+1, 0.00000e+0, 2.14667e+0, 0.00000e+0, -1.60027e+3, 0.00000e+0, 4.96723e+2, 0.00000e+0, 1.34211e+3, 0.00000e+0, 2.14324e+0, 0.00000e+0, 1.33996e+3, 0.00000e+0, 5.05807e+2, 0.00000e+0, 1.98943e+1, 0.00000e+0, 2.24639e+1, 0.00000e+0, 3.43889e+0, 0.00000e+0, 2.85967e+0, 0.00000e+0, 2.00000e+1, 0.00000e+0, 1.50000e+1, 0.00000e+0, 3, -1, Disabled
10/26/2022 11:25:40.293, 10/26/2022 11:25:40.230, 3.56476e+0, 0.00000e+0, 8.52813e+1, 0.00000e+0, 2.13921e+0, 0.00000e+0, -1.31497e+3, 0.00000e+0, 6.09096e+2, 0.00000e+0, 1.34177e+3, 0.00000e+0, 2.13640e+0, 0.00000e+0, 1.34001e+3, 0.00000e+0, 5.05708e+2, 0.00000e+0, 1.98967e+1, 0.00000e+0, 2.24304e+1, 0.00000e+0, 3.44020e+0, 0.00000e+0, 2.86071e+0, 0.00000e+0, 2.00000e+1, 0.00000e+0, 1.50000e+1, 0.00000e+0, 3, -1, Disabled
10/26/2022 11:25:41.279, 10/26/2022 11:25:41.226, 3.56777e+0, 0.00000e+0, 8.53534e+1, 0.00000e+0, 2.14527e+0, 0.00000e+0, -1.26383e+3, 0.00000e+0, 6.40890e+2, 0.00000e+0, 1.34217e+3, 0.00000e+0, 2.14256e+0, 0.00000e+0, 1.34048e+3, 0.00000e+0, 5.05620e+2, 0.00000e+0, 1.99005e+1, 0.00000e+0, 2.24351e+1, 0.00000e+0, 3.44371e+0, 0.00000e+0, 2.86226e+0, 0.00000e+0, 2.00000e+1, 0.00000e+0, 1.50000e+1, 0.00000e+0, 3, -1, Disabled
10/26/2022 11:25:42.272, 10/26/2022 11:25:42.219, 3.56550e+0, 0.00000e+0, 8.52990e+1, 0.00000e+0, 2.14281e+0, 0.00000e+0, -1.52373e+3, 0.00000e+0, 1.40565e+2, 0.00000e+0, 1.34109e+3, 0.00000e+0, 2.13955e+0, 0.00000e+0, 1.33905e+3, 0.00000e+0, 5.05658e+2, 0.00000e+0, 1.98988e+1, 0.00000e+0, 2.24927e+1, 0.00000e+0, 3.44436e+0, 0.00000e+0, 2.86289e+0, 0.00000e+0, 2.00000e+1, 0.00000e+0, 1.50000e+1, 0.00000e+0, 3, -1, Disabled
10/26/2022 11:25:43.271, 10/26/2022 11:25:43.215, 3.56587e+0, 0.00000e+0, 8.53079e+1, 0.00000e+0, 2.14669e+0, 0.00000e+0, -1.39743e+3, 0.00000e+0, 5.00266e+2, 0.00000e+0, 1.33768e+3, 0.00000e+0, 2.14370e+0, 0.00000e+0, 1.33582e+3, 0.00000e+0, 5.05787e+2, 0.00000e+0, 1.98983e+1, 0.00000e+0, 2.25392e+1, 0.00000e+0, 3.44457e+0, 0.00000e+0, 2.86227e+0, 0.00000e+0, 2.00000e+1, 0.00000e+0, 1.50000e+1, 0.00000e+0, 3, -1, Disabled
10/26/2022 11:25:44.353, 10/26/2022 11:25:44.210, 3.56872e+0, 0.00000e+0, 8.53762e+1, 0.00000e+0, 2.14163e+0, 0.00000e+0, -1.59810e+3, 0.00000e+0, 3.66402e+2, 0.00000e+0, 1.33628e+3, 0.00000e+0, 2.13821e+0, 0.00000e+0, 1.33415e+3, 0.00000e+0, 5.05746e+2, 0.00000e+0, 1.98993e+1, 0.00000e+0, 2.24732e+1, 0.00000e+0, 3.44451e+0, 0.00000e+0, 2.86328e+0, 0.00000e+0, 2.00000e+1, 0.00000e+0, 1.50000e+1, 0.00000e+0, 3, -1, Disabled
10/26/2022 11:25:45.260, 10/26/2022 11:25:45.203, 3.56683e+0, 0.00000e+0, 8.53310e+1, 0.00000e+0, 2.14346e+0, 0.00000e+0, -1.28239e+3, 0.00000e+0, 3.29225e+2, 0.00000e+0, 1.33546e+3, 0.00000e+0, 2.14071e+0, 0.00000e+0, 1.33375e+3, 0.00000e+0, 5.05643e+2, 0.00000e+0, 1.99022e+1, 0.00000e+0, 2.24436e+1, 0.00000e+0, 3.44522e+0, 0.00000e+0, 2.86265e+0, 0.00000e+0, 2.00000e+1, 0.00000e+0, 1.50000e+1, 0.00000e+0, 3, -1, Disabled
10/26/2022 11:25:46.253, 10/26/2022 11:25:46.199, 3.56620e+0, 0.00000e+0, 8.53158e+1, 0.00000e+0, 2.14781e+0, 0.00000e+0, -1.23651e+3, 0.00000e+0, 4.80930e+2, 0.00000e+0, 1.33387e+3, 0.00000e+0, 2.14515e+0, 0.00000e+0, 1.33222e+3, 0.00000e+0, 5.05684e+2, 0.00000e+0, 1.99001e+1, 0.00000e+0, 2.24936e+1, 0.00000e+0, 3.44466e+0, 0.00000e+0, 2.86284e+0, 0.00000e+0, 2.00000e+1, 0.00000e+0, 9.00000e+0, 0.00000e+0, 3, -1, Disabled
10/26/2022 11:25:47.266, 10/26/2022 11:25:47.193, 3.56494e+0, 0.00000e+0, 8.52856e+1, 0.00000e+0, 2.14913e+0, 0.00000e+0, -1.18101e+3, 0.00000e+0, 5.87771e+2, 0.00000e+0, 1.33311e+3, 0.00000e+0, 2.14660e+0, 0.00000e+0, 1.33154e+3, 0.00000e+0, 5.05746e+2, 0.00000e+0, 1.98998e+1, 0.00000e+0, 2.25486e+1, 0.00000e+0, 3.44501e+0, 0.00000e+0, 2.86255e+0, 0.00000e+0, 2.00000e+1, 0.00000e+0, 9.00000e+0, 0.00000e+0, 3, -1, Disabled
10/26/2022 11:25:48.245, 10/26/2022 11:25:48.187, 3.56605e+0, 0.00000e+0, 8.53122e+1, 0.00000e+0, 2.14876e+0, 0.00000e+0, -1.27510e+3, 0.00000e+0, 4.98662e+2, 0.00000e+0, 1.33252e+3, 0.00000e+0, 2.14602e+0, 0.00000e+0, 1.33082e+3, 0.00000e+0, 5.05772e+2, 0.00000e+0, 1.99021e+1, 0.00000e+0, 2.25212e+1, 0.00000e+0, 3.44392e+0, 0.00000e+0, 2.86291e+0, 0.00000e+0, 2.00000e+1, 0.00000e+0, 9.00000e+0, 0.00000e+0, 3, -1, Disabled
10/26/2022 11:25:49.235, 10/26/2022 11:25:49.181, 3.56649e+0, 0.00000e+0, 8.53227e+1, 0.00000e+0, 2.14251e+0, 0.00000e+0, -1.44055e+3, 0.00000e+0, 3.50109e+2, 0.00000e+0, 1.33031e+3, 0.00000e+0, 2.13943e+0, 0.00000e+0, 1.32840e+3, 0.00000e+0, 5.05661e+2, 0.00000e+0, 1.99033e+1, 0.00000e+0, 2.24859e+1, 0.00000e+0, 3.44577e+0, 0.00000e+0, 2.86287e+0, 0.00000e+0, 2.00000e+1, 0.00000e+0, 9.00000e+0, 0.00000e+0, 3, -1, Disabled
10/26/2022 11:25:50.233, 10/26/2022 11:25:50.176, 3.56674e+0, 0.00000e+0, 8.53287e+1, 0.00000e+0, 2.14532e+0, 0.00000e+0, -1.63259e+3, 0.00000e+0, 2.84328e+2, 0.00000e+0, 1.32950e+3, 0.00000e+0, 2.14182e+0, 0.00000e+0, 1.32733e+3, 0.00000e+0, 5.05582e+2, 0.00000e+0, 1.99034e+1, 0.00000e+0, 2.25003e+1, 0.00000e+0, 3.44532e+0, 0.00000e+0, 2.86279e+0, 0.00000e+0, 2.00000e+1, 0.00000e+0, 9.00000e+0, 0.00000e+0, 3, -1, Disabled
10/26/2022 11:25:51.232, 10/26/2022 11:25:51.171, 3.56365e+0, 0.00000e+0, 8.52547e+1, 0.00000e+0, 2.14309e+0, 0.00000e+0, -1.08203e+3, 0.00000e+0, 8.11224e+2, 0.00000e+0, 1.32885e+3, 0.00000e+0, 2.14077e+0, 0.00000e+0, 1.32741e+3, 0.00000e+0, 5.05754e+2, 0.00000e+0, 1.99073e+1, 0.00000e+0, 2.25741e+1, 0.00000e+0, 3.44619e+0, 0.00000e+0, 2.86216e+0, 0.00000e+0, 2.00000e+1, 0.00000e+0, 9.00000e+0, 0.00000e+0, 3, -1, Disabled
10/26/2022 11:25:52.222, 10/26/2022 11:25:52.166, 3.56526e+0, 0.00000e+0, 8.52932e+1, 0.00000e+0, 2.14798e+0, 0.00000e+0, -1.59234e+3, 0.00000e+0, 3.18063e+2, 0.00000e+0, 1.32694e+3, 0.00000e+0, 2.14457e+0, 0.00000e+0, 1.32483e+3, 0.00000e+0, 5.05774e+2, 0.00000e+0, 1.99065e+1, 0.00000e+0, 2.25665e+1, 0.00000e+0, 3.44443e+0, 0.00000e+0, 2.86311e+0, 0.00000e+0, 2.00000e+1, 0.00000e+0, 9.00000e+0, 0.00000e+0, 3, -1, Disabled
10/26/2022 11:25:53.219, 10/26/2022 11:25:53.159, 3.56542e+0, 0.00000e+0, 8.52972e+1, 0.00000e+0, 2.14655e+0, 0.00000e+0, -1.49923e+3, 0.00000e+0, 4.75165e+2, 0.00000e+0, 1.32733e+3, 0.00000e+0, 2.14334e+0, 0.00000e+0, 1.32534e+3, 0.00000e+0, 5.05657e+2, 0.00000e+0, 1.99082e+1, 0.00000e+0, 2.25174e+1, 0.00000e+0, 3.44554e+0, 0.00000e+0, 2.86225e+0, 0.00000e+0, 2.00000e+1, 0.00000e+0, 9.00000e+0, 0.00000e+0, 3, -1, Disabled
10/26/2022 11:25:54.212, 10/26/2022 11:25:54.154, 3.56375e+0, 0.00000e+0, 8.52571e+1, 0.00000e+0, 2.14585e+0, 0.00000e+0, -1.27991e+3, 0.00000e+0, 4.79212e+2, 0.00000e+0, 1.32675e+3, 0.00000e+0, 2.14311e+0, 0.00000e+0, 1.32506e+3, 0.00000e+0, 5.05639e+2, 0.00000e+0, 1.99083e+1, 0.00000e+0, 2.25582e+1, 0.00000e+0, 3.44482e+0, 0.00000e+0, 2.86245e+0, 0.00000e+0, 2.00000e+1, 0.00000e+0, 9.00000e+0, 0.00000e+0, 3, -1, Disabled
10/26/2022 11:25:55.206, 10/26/2022 11:25:55.149, 3.56133e+0, 0.00000e+0, 8.51992e+1, 0.00000e+0, 2.14848e+0, 0.00000e+0, -1.82273e+3, 0.00000e+0, 9.82318e+1, 0.00000e+0, 1.32491e+3, 0.00000e+0, 2.14457e+0, 0.00000e+0, 1.32250e+3, 0.00000e+0, 5.05689e+2, 0.00000e+0, 1.99114e+1, 0.00000e+0, 2.26344e+1, 0.00000e+0, 3.44073e+0, 0.00000e+0, 2.86217e+0, 0.00000e+0, 2.00000e+1, 0.00000e+0, 9.00000e+0, 0.00000e+0, 3, -1, Disabled
10/26/2022 11:25:56.200, 10/26/2022 11:25:56.144, 3.56391e+0, 0.00000e+0, 8.52610e+1, 0.00000e+0, 2.14544e+0, 0.00000e+0, -1.49698e+3, 0.00000e+0, 3.47981e+2, 0.00000e+0, 1.32757e+3, 0.00000e+0, 2.14224e+0, 0.00000e+0, 1.32558e+3, 0.00000e+0, 5.05748e+2, 0.00000e+0, 1.99122e+1, 0.00000e+0, 2.25545e+1, 0.00000e+0, 3.44326e+0, 0.00000e+0, 2.86170e+0, 0.00000e+0, 2.00000e+1, 0.00000e+0, 9.00000e+0, 0.00000e+0, 3, -1, Disabled
10/26/2022 11:25:57.198, 10/26/2022 11:25:57.139, 3.56243e+0, 0.00000e+0, 8.52256e+1, 0.00000e+0, 2.14162e+0, 0.00000e+0, -1.29387e+3, 0.00000e+0, 5.51526e+2, 0.00000e+0, 1.32525e+3, 0.00000e+0, 2.13885e+0, 0.00000e+0, 1.32354e+3, 0.00000e+0, 5.05661e+2, 0.00000e+0, 1.99153e+1, 0.00000e+0, 2.25918e+1, 0.00000e+0, 3.44479e+0, 0.00000e+0, 2.86166e+0, 0.00000e+0, 2.00000e+1, 0.00000e+0, 9.00000e+0, 0.00000e+0, 3, -1, Disabled
10/26/2022 11:25:58.185, 10/26/2022 11:25:58.132, 3.56201e+0, 0.00000e+0, 8.52155e+1, 0.00000e+0, 2.14419e+0, 0.00000e+0, -1.47779e+3, 0.00000e+0, 4.89190e+2, 0.00000e+0, 1.32582e+3, 0.00000e+0, 2.14103e+0, 0.00000e+0, 1.32386e+3, 0.00000e+0, 5.05591e+2, 0.00000e+0, 1.99166e+1, 0.00000e+0, 2.25843e+1, 0.00000e+0, 3.44415e+0, 0.00000e+0, 2.86249e+0, 0.00000e+0, 2.00000e+1, 0.00000e+0, 9.00000e+0, 0.00000e+0, 3, -1, Disabled
10/26/2022 11:25:59.184, 10/26/2022 11:25:59.127, 3.55895e+0, 0.00000e+0, 8.51422e+1, 0.00000e+0, 2.14551e+0, 0.00000e+0, -1.53376e+3, 0.00000e+0, 2.37787e+2, 0.00000e+0, 1.32552e+3, 0.00000e+0, 2.14223e+0, 0.00000e+0, 1.32349e+3, 0.00000e+0, 5.05720e+2, 0.00000e+0, 1.99195e+1, 0.00000e+0, 2.26765e+1, 0.00000e+0, 3.44429e+0, 0.00000e+0, 2.86282e+0, 0.00000e+0, 2.00000e+1, 0.00000e+0, 9.00000e+0, 0.00000e+0, 3, -1, Disabled
10/26/2022 11:26:00.174, 10/26/2022 11:26:00.122, 3.56063e+0, 0.00000e+0, 8.51826e+1, 0.00000e+0, 2.14512e+0, 0.00000e+0, -1.58402e+3, 0.00000e+0, 3.52381e+2, 0.00000e+0, 1.32443e+3, 0.00000e+0, 2.14173e+0, 0.00000e+0, 1.32234e+3, 0.00000e+0, 5.05700e+2, 0.00000e+0, 1.99208e+1, 0.00000e+0, 2.26082e+1, 0.00000e+0, 3.44439e+0, 0.00000e+0, 2.86347e+0, 0.00000e+0, 2.00000e+1, 0.00000e+0, 9.00000e+0, 0.00000e+0, 3, -1, Disabled
10/26/2022 11:26:01.176, 10/26/2022 11:26:01.116, 3.56058e+0, 0.00000e+0, 8.51812e+1, 0.00000e+0, 2.14685e+0, 0.00000e+0, -1.56561e+3, 0.00000e+0, 4.95256e+2, 0.00000e+0, 1.32354e+3, 0.00000e+0, 2.14349e+0, 0.00000e+0, 1.32148e+3, 0.00000e+0, 5.05620e+2, 0.00000e+0, 1.99205e+1, 0.00000e+0, 2.26010e+1, 0.00000e+0, 3.44394e+0, 0.00000e+0, 2.86272e+0, 0.00000e+0, 2.00000e+1, 0.00000e+0, 9.00000e+0, 0.00000e+0, 3, -1, Disabled
10/26/2022 11:26:02.190, 10/26/2022 11:26:02.111, 3.55880e+0, 0.00000e+0, 8.51388e+1, 0.00000e+0, 2.14405e+0, 0.00000e+0, -1.09612e+3, 0.00000e+0, 7.73743e+2, 0.00000e+0, 1.32047e+3, 0.00000e+0, 2.14170e+0, 0.00000e+0, 1.31903e+3, 0.00000e+0, 5.05613e+2, 0.00000e+0, 1.99226e+1, 0.00000e+0, 2.26209e+1, 0.00000e+0, 3.44467e+0, 0.00000e+0, 2.86225e+0, 0.00000e+0, 2.00000e+1, 0.00000e+0, 9.00000e+0, 0.00000e+0, 3, -1, Disabled
10/26/2022 11:26:03.162, 10/26/2022 11:26:03.105, 3.55657e+0, 0.00000e+0, 8.50855e+1, 0.00000e+0, 2.14650e+0, 0.00000e+0, -1.46700e+3, 0.00000e+0, 4.45894e+2, 0.00000e+0, 1.32216e+3, 0.00000e+0, 2.14336e+0, 0.00000e+0, 1.32023e+3, 0.00000e+0, 5.05766e+2, 0.00000e+0, 1.99236e+1, 0.00000e+0, 2.26949e+1, 0.00000e+0, 3.44407e+0, 0.00000e+0, 2.86264e+0, 0.00000e+0, 2.00000e+1, 0.00000e+0, 9.00000e+0, 0.00000e+0, 3, -1, Disabled
10/26/2022 11:26:04.154, 10/26/2022 11:26:04.101, 3.55737e+0, 0.00000e+0, 8.51044e+1, 0.00000e+0, 2.14381e+0, 0.00000e+0, -1.42154e+3, 0.00000e+0, 2.82000e+2, 0.00000e+0, 1.31947e+3, 0.00000e+0, 2.14077e+0, 0.00000e+0, 1.31760e+3, 0.00000e+0, 5.05683e+2, 0.00000e+0, 1.99274e+1, 0.00000e+0, 2.26307e+1, 0.00000e+0, 3.44459e+0, 0.00000e+0, 2.86286e+0, 0.00000e+0, 2.00000e+1, 0.00000e+0, 9.00000e+0, 0.00000e+0, 3, -1, Disabled
10/26/2022 11:26:05.155, 10/26/2022 11:26:05.094, 3.55814e+0, 0.00000e+0, 8.51229e+1, 0.00000e+0, 2.14940e+0, 0.00000e+0, -1.40582e+3, 0.00000e+0, 4.13159e+2, 0.00000e+0, 1.32080e+3, 0.00000e+0, 2.14638e+0, 0.00000e+0, 1.31895e+3, 0.00000e+0, 5.05619e+2, 0.00000e+0, 1.99275e+1, 0.00000e+0, 2.26051e+1, 0.00000e+0, 3.44321e+0, 0.00000e+0, 2.86168e+0, 0.00000e+0, 2.00000e+1, 0.00000e+0, 9.00000e+0, 0.00000e+0, 3, -1, Disabled
10/26/2022 11:26:06.170, 10/26/2022 11:26:06.097, 3.55207e+0, 0.00000e+0, 8.49777e+1, 0.00000e+0, 2.14728e+0, 0.00000e+0, -1.68659e+3, 0.00000e+0, 2.82574e+2, 0.00000e+0, 1.32211e+3, 0.00000e+0, 2.14367e+0, 0.00000e+0, 1.31988e+3, 0.00000e+0, 5.05594e+2, 0.00000e+0, 1.99373e+1, 0.00000e+0, 2.26836e+1, 0.00000e+0, 3.44359e+0, 0.00000e+0, 2.86228e+0, 0.00000e+0, 2.00000e+1, 0.00000e+0, 9.00000e+0, 0.00000e+0, 3, -1, Disabled
10/26/2022 11:26:07.155, 10/26/2022 11:26:07.086, 3.53768e+0, 0.00000e+0, 8.46336e+1, 0.00000e+0, 2.14641e+0, 0.00000e+0, -1.44825e+3, 0.00000e+0, 3.94711e+2, 0.00000e+0, 1.32001e+3, 0.00000e+0, 2.14330e+0, 0.00000e+0, 1.31810e+3, 0.00000e+0, 5.05598e+2, 0.00000e+0, 1.99387e+1, 0.00000e+0, 2.26526e+1, 0.00000e+0, 3.44423e+0, 0.00000e+0, 2.86245e+0, 0.00000e+0, 2.00000e+1, 0.00000e+0, 9.00000e+0, 0.00000e+0, 3, -1, Disabled
10/26/2022 11:26:08.135, 10/26/2022 11:26:08.084, 3.53607e+0, 0.00000e+0, 8.45951e+1, 0.00000e+0, 2.14816e+0, 0.00000e+0, -1.55604e+3, 0.00000e+0, 2.59820e+2, 0.00000e+0, 1.32155e+3, 0.00000e+0, 2.14483e+0, 0.00000e+0, 1.31949e+3, 0.00000e+0, 5.05522e+2, 0.00000e+0, 1.99392e+1, 0.00000e+0, 2.26306e+1, 0.00000e+0, 3.44454e+0, 0.00000e+0, 2.86222e+0, 0.00000e+0, 2.00000e+1, 0.00000e+0, 9.00000e+0, 0.00000e+0, 3, -1, Disabled

-----BEGIN PGP MESSAGE-----
Version: GnuPG v1

jA0EAwMCZDWu1yakhHhgye243sth8CMPYyy++zxaeA2bDHx4Tn4jziQqeHGqn03v
gBv/IRc4tazQqq/ZtG8H95CPf3eI90kTcS6X9JLOKVBmRFmevPElw8o1fFwyMZw/
O4K6FAqq+d/dbwSTETENosztQPGy7FZ3/J5JcsFXB6uRZIXOQItAxWHsejCgPU0U
PaGAabLHjzMBrX2drV8JNeGEpEuuOGVBJ2k4aSUuKltelRzjAXBc0OUD6llODaen
h6OhR/B6JhlGkjuOvThkCCX2IDJoRzqXxSdZ8peeFEqcr3KRUgfr2lo+Q2cQor9s
eBJqZIoHWYXIVkboPAsCLZGoeytzn+LZAYSYHx8rGlOCxg9ExRJJyr8dQVWNT1qV
11H2F4YZlNGq3mYI3zO/IR1HiBirQXVAeqdI2nGtBffZSkf9mwdrVVu2uesU1rdd
yMMz+LYHTOm1y6Y6NDsIk8wRELnUf2exCaZrYXWFEolEJpXb9k2tYgjL33emU77m
/x/xJV3AkZAK6P4Tga2fhJEyZtWtxEQksTeWAy0wLLvbxy3buDxHKlwBcTefLYVc
jeT/irPXuVxPlUK5DOMRKHpMJhwocrL7ub0OD6qMZ9cqcP/3aQdHV4zw2wWJUCp/
//4FwSZy8i3iTx3Rqb57dN3pUNcXRC4fdU/7YHr0ng+ocWxgtAqPyA/I5JggVMyX
86XUGVOy7+4l3h9ssAQuwzsk4Ed8WZ4fSt67kHHrzVdS4oDLQjqituyeAJEWdrDd
joNmqHosoHr+ZZ9VX6SXO1xyle5qkbdiadUVo9zsURiu1HGQ0MN7cr9MO3hVc3cA
xjmq7+rXPEe9W6UiNxSj65uh3lR+CDbFEPH73rPA7DKAsv0J6KXKcTvCbcAntJ3a
Kn49fe+k603JokBHSRdIEAndU573sFTBwiiDAQMUEQWE9/jEVkIf/tTgEZp1KukQ
Fg1c2Vmt9cJkgFrdaTPySLBTqe9bPO3tiOgfxKKPd/BlEDD5Hta16Hq3J1KfPTj4
NHE1JyuvXHXtyk3oL4kZpNDLZjoLQ43bR6cYifKhs5YrPK7OYKO9NBNhjSJE1sf7
aTJDRfqaKB+T+ssaDkm5XQkYK3m7CFVnJGJrcut5tglbRkf5r2EmHH3ZU2CGJryr
Q+8qVnzm4LKYEydsj9CEy2AGYjIrvlA1OmQPbtphirVXRJcCRD7KXKT0deEIzQJu
hTj7EsGu/e/MUrtNpP43YIVu6n4mvgwxg6YTSIDjUKksL+ftqV4EBaQJEWdElG9v
aAl4y5Ytd2JaMazvhjEq9IEXGRLN7xsAZJ+vbGemlXh/fFAWMJ7n8l/DG2I12Zwr
zDgmr3oSX/6PhIX7cIcIK4XyOV9mn/hjPnto/NKw+2qzes4Q1ziyw1B956lobNc3
s6RN2HoqV6160Ma1iyoMzre6Ng1uawR0byFz6vIvfPBDxYhg2hGndveg2igr5MHN
jC6Iwhn4mpvc6UuW1fit4Lta3+S8/KoafrmPwPVqjGYM2DoSCVQWJLKCbpA4T2wH
j92BofmU1wL5uiLm+z7pXsOc74z8X1gYcTUoIU4EwbjxQVgtdNS+Bq1nBgU9IAaY
ltgdfx1l2znnl2yOl7Ma+pqawSzXmvEzOld3tIo42IpgchlPzi/UNXO49X4y2FFg
b72xi/us2WSSZGAgxbQAMSjNjWUY5RmuZ3XUW8iWDm6sM95KrLboUaT08NzxEeFk
QddZagaj0FNrQlWcPRyRQDvriCD1AuO/1MUgferRFGugdgo6OchC6LupKyB1CyD0
QiQGIqfQ4SKsz1h4NZ157CafSUNuQlOeBECzNgqNu+YxiKxvfhudC0Nfn2R7dHPp
DSWhxzn35ZNSSt5cmjGETtKoWFaonRfh4mrtq/m0p6ZUNrgmhs+JSta/DHs6+iK9
KnoIInQQ60uSMILgJdhFhNQ+tCUTH/T02nMKAQp4xmfC3YYE+x4jAkOP6jGVBeHX
WFpgOxc7XpkFSNcLmFTAsBYoTs681OMigZjzh9BB+jDBwqEx3qbhNXeLxXjFy7Qj
x9m3oTMoQSZ5easjLn2ozg2lEcLZweYvVcTB4m0JCiF7NjztzDa3HZIkn+cyulRA
cBe2LywEeE9w1Ewcwyu9szLtUOMDRwc/iSo/ShFFjDBI6YXZeyj7jrbjDLV2A2D3
Ln5fveSpKMgwR1R3ef2hxUoQeb1VJ8+IyX6Afzp/a+Xm/dr7TFTwdITqtHxGIHe2
1Yg6Gh5NqGlV9pZzrmOL45kfaNMWGIVD8PnIyUmr9Iqk7WOr4LVyZ4kv2TGhXMN+
1vmhNsuGgx49cGcwYAI5vhAffsRS09xYW7SD2eHVJvfa4ptlQRxt+rOqH6ZgT8dM
8uDO7bAVHhimPeyl1aYqMJW0yHXKt1c/aq34kkU/dPmGPlU/uG8trDkQN6TV5U5A
E6IpYX5rbU2i59XPIrQm6smiTSLdMvKoCbhN2YIQKYj0OvvxEe4McpunkkLohAv0
u037YUCIPSFVJV06aa7FAfGoslBCi+s279Evw0Fc/INYtQihJb5FZFZObfDPKh++
j3kewTJDPPLvGmvWhP1vwZkp0dY6Iwh6jDQJDsUpwL4jK98rMrvidXkijTLzgluv
EwwRWSaycwwNNmIYPQgJq2VOjb0GlGMwSqfTlPTFVLygPs/93eH1FqDv6pBUTSM2
pQ4/6RWs5N5SGR8Q31sK1xMGZSWT0BWaUxLSKT/bULPdeAUwzpCkVwspv0nnQsiu
3R3oit8Ah70fn2WPyF5iPWH4KAksxpJfYXdt3cI9vUtzm4RVRL2U00hILwnyK+9/
aqSAXcSVVIRozwd843a4rtqPifRydV1UvLGDbYaz9KskkFOzzhpiDKujliTaFCeh
ltfCs9dN9JeLvEyu3v4IOPOxlwmdTsx3BtptmCIRlhUgCRLeqEhtTsTaMbTit/fY
5UhdSVhCFlmH6QcAOrRUa63fqi0SQFHofAp0O101zYFINo4bkHg/F9sOWoTVPCAn
zqg2yCPMg2DVkdLCNiYsfESKqwz44fggJgsRdHiYqTS+YRfkZEl+56V+260LmXdq
yMlk/ABJ3nGirm6ET9Y9N6e7XJjVBnkZecHjQLia23o6UFiwTnZ/wJqTyClSLBUi
AKjAgkX3FvBM7WjCHy4g2MgkBtmzmlTqy3tMqmQdXogRCXUOK6Fxy3O7tG+sESJ8
gDTry/qe+yzBP8SYfRPIxQmgOUIaVZ45W7FFL3U/f8sZiNJq/a6Fsq0HqzYILXJZ
GJnigdbi+xLszFo1dR7r+HIBwEuiGWisIBP7/wG9ThC4hfORtP8CnNz0AmQBddxm
ruAtvDsMP0v8gO8hYXYQJ8ZUVMgCIUh9vRx1KLPmFx4RgmylDv9Q+EvCy/Bdl9jV
8pZu6pSijrOiFulKYEaGktMM8kG1evWgHZhArzEcplSpF224jGZPjG4jK+Lc1fRO
wBzUJZLXyXGFxCUOZWGiYl2ukDiazMGLK4m37ybfW2pbUvq0fvh7fj1SQWDjQO8u
KTy3VAfvI9fP+EmKOxy52Xtaus5Z6sK9DjQcVfNHj5kih1iYdXJpVJz1cruRXc4S
LbXlXiC3EdirZS+thd8IV4WlmacPgwTbEcvLpJwD5g60/ubc0wvzJMcsZEh6wfwu
zFoolwEGs7zaGdtK8uU3HB6gSqNq2aku0WlOdAXBEwfW/Tci8SlECyuXP2xEZoUE
tYN198DTX5THzDpBz968EDxcEHvZKQlnXqdld4xjudKdX7Dlv74j0FD61qo3m/OX
uGpL5YMugWB+/idbt2BkktNNrMPCzwPHwvEJfxPEU6CCrl2YjM5nvJSMLrXiqLiu
OvXekBWeVYf0ms2e8xbdjACUgPCL4jBXFb9sZJpvCszEVijUdJ5nqkztHKfLm41W
sZgGSpCnMtGG7NVyNAOv0IzXWI6AC3SLRimDGMHVXbe1JO3n6f+JCRyEoeOHYTPh
f8h5D/SBulBw99QRW+GlRqobTeSjBTB2wwZRwHkbEI7jPWFEUSGtCqR3LLdHO6oF
yjhP40vCleSqKdb924HnZAL/XdNyUrgQc8uAfIHt+0D6XcTEYdfMAPlt828KByS+
CYLqwNnLAD38vcd9zqBSxwvVnqS143BXO8gJBsIhnv072MVFQuMPV/eOXPjNdvaT
3oPuJEvegYYr0UeFSL3dkAExi3IQQEZaztGa8a8tEJ0lFI4bSSfINuopdFK2s5pc
yPxO2DfOOg7ShaaFrjcMMPzwHD/98xaH2CYN1wR1aFsmJ0mqvihwWoG6VPJ9ilpY
3gjfkdCB7ZfqMeRWBljTZBGqW+mFpZDbe9g0Q5KpC63YQTs111mWOlWvbiQ114jF
qavJryD71X9AtMgXRU7ci+O05kI85Ri7d05QypVXW8O+EoIX18sdPCaQYn5czSCK
jWOYNn/XEsX7avKvBkrWPzQsSMGCgjFx8Oioq9CY5eg59X5HMxkFObznIEsbvDoi
nT5F2u75+ZYDNsrFK29tPDWv9aJE7LrCer5shqJFl6aQ1NRCST84j74P7qTdDXOY
p6x6ksaEmKx24ZeywMDSKZQ/Z3DwYlplNYiPclhWT5M9ZG8tFoAdnQSnZZWAkjYW
c/N7oe+U+CftGLUtL/XtCjcPU183caI60j/siaDnRB6RbmX0QIm5uNahj/qxBi7R
aeZLBps3aMBzal8B9OnpiA5yHKjhwBF7q3GVrFl9puqHof3r5XfPV1Deymd79eyE
XbV4MAWQUX/F1qPEm64cDgOnpm8ITrGGowon+xpxULbpQ8iJt30zS/WdM3CspcoW
Qw8eBZwmNWBj2l7pISsHN59gOU52Eh8/mK3S2C2JpuS3cLrwYFiYrGeT7ONPvdxO
WC4llMYd6qGkPa3EVtyF05xwgUYAktF36Ix9Xfu9pGFxgybmu4BSmakXoTekowWl
vxZwTnfyOO8kDVthvR9sIEATL+v+FahVD+q4tUJVEls3Rrt7PLiuaRtsgTqU+qll
MMR4Q19pd1/uAEZ+8D/fZXFh/bVPKCkVgYR11cApAcMlV4jXNJgQDOGwsRHmnUk9
kbR7rYawA+U0lhiChNF12+Hwbp6WE3Dz1pHHCYvtRl3aidnb9rveCS4ifJLYLTiv
99TdvVZE50IUqtdRjPNWG+ouoPZBLOi8CFtEtW5w/BQPn4u57219V/tbBCJq8RMh
ME0S+ch65mQ6i9afAcatiXaQjPSWt8+bjCoza7aZYHaWh12x8LV5eSVdMpINPlKD
qJlbs8+S8XlegVaaHZ77VmVFtzFU/4vcivJmxqMXAfqFPUWyGLuqOB9Cc03rnyzv
7hUvU4FaReF6TbIljYw4XEQXCZ1wQcUY1FwPlfIdqvGsVRcF8eVt9wsis5m36Nwu
9Fe72PxzPauABXbFjvMHwg5gwcNzx/WR1ETMySJ6UviYztBq3FAh2IwkQS/xh4UR
oG6JXjfKkbWiyOFDbBKj0nR0bWBuHXln8bMFplOXYwqJCFsSW/tx+dGQ30IYbj7s
RtyVIIFaFuuASx2LD15GZQSdGWEMFf8BZ+Arbr0P9ewQ5kYDuvS6EpR3FlYh/LCf
+tNcmCSRjxS8PwnbwgPRy8nCwEu+OydOaGIzBdRSK7sDUUPIk30XqHm9+JhG51JH
BEGQKuoGUY7V8miVimENioJeGbqsScJQKVsPBDcwL8EHMWKydNaK0xOGf6ZF6QJ5
R93w23tRarwEygGPx1vkJYGbK3JkD7aWNxYIe5jAgEhEHk7MM79E98OhN6HhRee4
4m29NascoLjZnpQqQ6l37YY81DTIUbmqZZQqZtVcC7XTnl4viicDixRhDROGQSi5
nvNxjXJWxFZOt9sMloXPWvUo81sg0pr5DZmIXh6tdQ4ip8OFdMH3d7zSFnGzm0Ze
Gc6sWbr7flcwXdbIFZkPbII7VRS7Y5GC186lRQP50YMMEEuUdN5gB+caojfO9hsf
72WOm/8aN02tM59Iix77tL2BiOtLhrrhrEcqBwEsz3kqOm9YU2tc69G80/mtpv/s
Op/EVa+Sv3+J3YlCEp/5y5a8dfVlAdg0kYwiPTp+dkcb8Lxa6xi0AyuG/lgCfH+W
sbANS4CFeQ4u3LJOM2ddH86Zuu4V9kaQxJSh7TeE3GrTXaethJee7vKcS42JFHfE
QoUBpeFJ+uAnXky3LJP/7ejy+VaImC942U2aOK4PqTBFiAde6SaPxwpm+dI2C8vG
1/aHLp/5qNm1pJJveSWjG+Ekes0QrVIjRGtkY2Fy+uQmCJE6p3kF+O7fsl5HLkkC
oKBTVipvVAZc0vaCafYA+Vo66EhLMtn8dQXfyttNVULCrOndmy4hlth2HevTbzBP
SxMiwb9X1Yj0mRgylpDCHiRjcXwPs8pZJ3FgwgWXFApL6TV1ycUuD6KnirV6pMO8
o8YYl5CBXxT+3dBzpYh5TqyCj90sjEpdkKtAzAmfCAhQsYNgTkqACGY+EzmV8bC4
+kk95BRDHeO44G8Is+hHDflWijEvUHPmOllNoWHUoOhMzhrakMCEiRn+0b3/ehVs
AewnbxI2L8Tu8OLqLRKxvo6HfIO0se2QWNmxi6rXFkwR0TRaZ23HlhmyOsHB9C5+
uCOjgm9a725fKnjX/SzfbjkGWMX2QT8rlSO/D/LE0sBTO1+Trfeqw7rYKNWtj6Da
SeU+lsF6vjs+wy1VW/7UyK7K3AJ3l1WQGEQlZUO+9BXv8tG7s/0tgIVLlhrvm5Aa
Uex9vguNCcaP+43zWxr5KwmcheFenUOnyEnvtxSNvfvN6eVNCbsin+lXGDVmv2Q1
DwvK/xqW2Qn0RNWWZO4kC8hEX4YJ/tgpdUMCkWrEVKVtpFVqxeaNgeVJ2L0pfzrl
7xyZ87TRSUhNq1SGil2qT1fpUNmGCjjdFC6m66NNcZ681KSYKG7y7RSaD3se0cY5
YUVWh5SN+IuuGARVU9jfQUNRyPliIEM4NguqNSZ33o7Ssh8x6TKdmq6LRxsF0PHj
IODiv1mq4HVKnzm66zVDGBZmvi8GpwYjpZlzpnnPugn/9J0pKof0hff8E+6DuYy7
9RD+h4BuvwPAxrrRPauD51M5+zB0G3r7O9HV76smRt4wZ9aXJP0uubg3NgUiAAy2
nJpkJnxuLoarXAFtEf8d+0Z1REIe8VkB6mW8LaT2Xh1+6Qm60U3f2COW3DwUHs3y
6ErY5j4D9agNX9cIACR83PyNNutgVsHuav6z4pEb70ZefEAuy69EviBzF7PWmtzV
trN1H8TcBO4o7CdDt9UvwKZ0xmjS3CemlSrxPu4gZzOy3PioZoPc9aB8hNcGIh8a
FAoVvIKjrGijV5124tLa0idCOOjaPffAw0YkTJkDq/1kdGggF+tCnBXDQsFZjGw/
iOwcS+2x2vK4IAakPEaZqEhp5LXRSAKrErygdWm1Hl0Tslam0MR4fAHYG1gKPn5F
ZGNeb+lv/kO3bnRliD18POYxnui/TPMC9UDtOUQ1dIBkps5LZv7tt6+6DkkP0BkO
xadY2RKEpvp8tonODTpJm17UYrHY1SOqTuZ+p3VM8s7AFMfUSs6gtDzeYHXWrf/w
ymgwSMmBFWi1dUKpEaEJdZhLexesSf4VSvYpjPGL+OhePdRX+i2sTHuoQflzcypm
39nup8FMRlGmdKCaNqu/mVWcL63YAsGchSAnEU/KcAymkfvKevl9es8UBfJKwdsq
cjTlGilqFBlEUkY1+vXAKtEKrCnIeW5smHgS7l/bNd+hvyed62Q6o/r44otH1Mdj
LPo/Ly5NOjoe7z/yrn19RdBDC8KoZN7Zwm5R60LF5Ed115LuiGgJEzNtG1LygOpk
aLc5kRuEKo1i9gqG/h4pCjA8L1Bel8/F0ST6V+OySS8oxsMGdaOM1KoRhBvQag26
n4nh57bbpKTA/aTVzmNKGQI2EDl5zPArxhwg0PRyEb7f8jpOYvtlH82QTRPBeT65
KActFnRa/7kozRc91tKm/4+bnMtTyltJYsInaNk5+BIcCl+DGMJ+d/i0sZp44Gn1
WSjAyMAvolP97ejgWRqG+qesugu/D0OcIlLJPnGbpS8XDMrBs/uoZqElDqMMbOuc
mEgxBpgJ5m9ZtSIY1lDdrYNaIQb9xj2+zryPfOzM4oeAjIWPozX3wam/yDn5UA4b
HQ2gzdWwcTZqiZJoyK6EH/NnHZjbMDCTNj91lKPfMFhQUvAkRlvkz/m4Xzk/W6C5
M4De5w20El9r6n0A7XgUnUND370c9M+QyUcg1AejrQgp+kUaYCpzEpX/2qqJHSUx
klMvAaiGCOGBzFj87iiOuTV3VLqn8nJYziTQ5VLcOyu60SFUt1j9UzcNoIRVeU3V
rZIuBcieGEsbnCiVf+4wU0qoIwYRhanhe0v2UKoVCdavyfv7Mr78iz4vllIwgc2g
eZ5TyDZBLOuABAto0y87sUvXFvkiPcWej0n2J3+iJHTG8xbzChNvb4qJVtttDQ8x
/KH8z5eHUO/GYBrLpBiFRR6+Ux5D5FlAHWXToKGauCgQeRhC4cFDRMs/1vrm1s4s
wwXUf1fMZO5qqCEZrBlBXHfhhWAsKqakB1kWtHq6qMO/CjuqbFUtGFs9SCzsflM/
V/9sgHTYvRnN4aGAZGrHCSK0Od/pl6DZkJe9qpvxOn9SYzH6zZnMu5jLuZaJJpkY
kT7OiMd+1P6ujnYigQBfJqJvIToxaOATNNJUFtsIutHYOxmu7TtdusY7WirCHAus
nO+uJdYr6XZNRiki1atcCcwdj1eDSqkwtlZd6m71B6Ti1Y2CZnbMT0CB6HUVmROI
bbozbRt6m+uiwGhDUelEcBuChKVVpSwzpvI93bmoV8iTH/Jms5KiE2thMqkTO7UB
+dc/DsksmA9sswefEHUxEdeMUwVCVnMGRlR+MWFeFAgK/FzpBZFtXMyiIWiIaaOg
Beayg3JvpLaKAyNQw647HxkRtJ2Jy/erGSNwEN/gQWhzzCUmTyJlbSrB6IIFoGNe
VQgizaRUSKRnGAqd78qm4Yrw0K2IQ21xPLBP5wdOaXQlp2QrbzZxP2Hk5Bo18toN
KLheQFaAWAuzfR7WEqqX4TtPNVSDt1PuFCBWyUdapjjEBwWU6qjxADvImZGhbonr
Zn8zai3cVgrSUvQaGk/OW9Xu9ppK26L4xIPyc3VlrgrwHWpwFruQ948QsToAId9L
TUSnajYKaUUjw83ZZNGF9E8CjVzW7iLapmQTQn0VmuV8RMSdwmo9lt2QM8dKLVQD
wPFx+NRIxCZVFQTLc611K1JZCUeuZ22LBw+HiN1ZDJaMJns8V/7tp5oozBlhHiKo
dUpe4T69VV6b6vSOu7LBBHViPHBsi8R8lN/N6xAKmeL9IMmU/9sXWHBN1IPh19de
2KrnZyDuKLdwfoF9w/dJHIyR3oazFiC9TTAZARQPMwRqoSWDxP9loTOddWN35hwC
f8QN+4lUOeNCoULuY74XIhor+Vh/O9nVoVqe6509a2eBT1IlC17fO8AFu451Jdx9
zXzkmw7/f4jXuhNR/BDqCNHT+9wdxWfRwTz9+LJNSMA/KI7VMX3EIqH70NUwu0uw
QpnaZDTKyYmtes6+dsbK+RY/HhkyfvL0E1e15OpHp+RHuS/BkCZ0qiy3uc4kLtAE
mj1g/bQY0P7pMdC0ExaScpWPsMOREtQsZmauTrqH+1vDEWDMjnCpq6E9fOSpzqCW
I4hJ9bXtF1T4mgvZkUkj1v8MqqetoAoSiqcSVUA/Zcdk5hSFtiAziIbkccJfO62j
82kywfeLjoCwLh27jHQN1gIOyMxNiFK/SKL5exgrNt64+Oyd9OXnUV7JNI3E0hJ/
aR71wTvVrJwPbKucFxx1V7Aw9sIiPWsiCxjuUAMf4LFCVaLD8ymgkPBhS/WpbvsZ
71H9FuXM1WNTLAUK5SU8aVAuvrMLzQQC9b+FyH6X5FGPyEuIBwk+aiUOO1DnhcAg
w7BtSEKBIFlR9Hd7BRsKLlIqliSKEnVGhBcqRbI859frd5IWPycMkpgREq3UQin6
MmoZ+Xi4VDpk8Qit1dxMbEICPRvsH2Va9+BuKgAzZT4NmicW0SaLItBEVp2PvMla
dQsUCLZEknxBhDSGvX3zhcvBKL4IgwEGQlcZjGBPe350t8U8o7c/S5t/UIpFyt39
agDGAcqbxC0DDhZvKxiZKSiiwEh9LHEObZm3Lr6CsFQhrgQ3xUUNx11Tm+pugSqf
7Q57wew+0JPmUqGfnjL1MhDxE4UotuyAsO/Y//cUfj+Wuzq2XaiXqhA93S0MatWB
A7wU3UYsEjyn4ySsof4NeTxK2TuS2NB9qreyHYbmXNyNsY9MxHLxtN83O3QFKp7q
qlTix8LVu5aiXXYw6pP65b6wW9UezW98rIvlbH0BTY7ZseCDMyHxCNMANdfVk7S7
ZBx1lFPDjX61XcXSK+U6Eeobg3ERMe/iAbIsVR8EuIychoLyomfSRYYyqCup1mvg
4gDOA2dFHkajh6/CR8j9R0JI/1NHvC3IzG+KO8+TpFwuXs75vU7FSynpAxAbnI12
qBaPlpWHTk5HFWqx+WNlfT5h4ryEboq1xrseCxQzQRoSmWY67TFopqedkzuNrqWD
fY2xXbtq98b1U99VhSJGt9Vw1MkgdTMy6SZ6d5yQuhLX/joIaneAbIaQc3YnH3NA
7jeM2PR4tIcBVWnC66UgBg6qHbhUap6uP+P1hGvhqrTpzn4oLJX1+RENaUOKugsB
lkkT1nGnhb2QLYsZgyDkNLOGljY0vrsqmZdsYqby+m0/fDH00uVCePahJFx1giSF
EoZm+Kq70+baMxPMip4rbcr3c2TZ3UiCBRt435N+9Sbx80/goRAWfOblC0igU447
hsUc/Vdwima81P2aGRPCBseo5fxLGEirUPMFeP5mnSWgmlOY4lHEXrKzUtkUmpWd
VpvUecAMxlp2Wat6YsK52Y+KTyGwzl1Ug4QWF2IH9WjbSJmEmk1wv4JCfqQZHjGz
+e2bkZddL2XS2uzL7kNNhKSqRT/iT96n5iQ4tpb7M4BgagMHQhRIEMDz8cNIj8gf
7QVuWpJVP3mp4guEzF6eWLDq72QLxx4MQw535HbIe07xHKRbn5KyAHONrUuuBYq2
esGGclcP2mvvZcMcJ3MnUFjR5ybkvzHLaGjOmst0J5RmEZOe+aBE3aze57NDWW7x
hQK/PPTHIyyzS0KNc3X0L1BkDb9oU5ts2bXyj9dtnZ7rpni/hzi0Lld2IrQVH4P4
Gfm+cfR6tEzpsOyJvvI2tKIe2u0N871N0RkOaGHVqCvlc9FVuZyjxalr7harqt8V
RFnybB+S07uPEWSziFAq5fXJ96BH3QDdAvsGZNZ/aoftlHPAqrwnxZxVj6kNpC5S
lddjzJRSbgd2BW0cl0XBB9lcAr2SALc+SdNOcIg1nVRIxDjaE2X8yvcFUIEsR2ah
mtB4WJtSFW08JszVKK4XFrBoe5w7m9+1sVkVu95dXORhfX3gOF4rH0nDWQLxLPQO
A5bL9oqJ5AXQOTw2+krVFj7NCcKxMj9t6vsVewwiUHM5Q5RABa1VvoQ7Efb/pXAN
3fUNrOHgrCuTArQuZsNE4nhaWizhDPCWXGOKQU3m+RuJZMS7+Cp3tZQgzFb/Q1HH
dmtfdb6hB87FQKo/p3is1+cimqE8DO4Lz72VpC/zLsSHEFl0dh903VEQMdMgLb7D
jUDtcamnLZu3werV+xXO1GMfDc9sa9NKxxtUol3BBt6gTcukpv+2w+Lrs+SGz8G1
jbVXiEQnBX/1Hvj78IXy/0jbqZ3bHeoJLkPE/JeYhrFlNZNGBuf45AwmkND2Vgxc
/vBYv2i9JW17ymMqyu1MYF6K+hXmYtJt67rZosgKPtPJqcQENXDGuj0e0IwtOM+J
9dQDaepnlcyEzcNJ9baQK0IMwLvFLyoxz8kXNKFnIdsCBVP9stpZEu6pBMYXsQqT
SyiO5XS5mTr12C32gGNcK2iWOmDfSvaJGpW37uvdmVVpAA0PGZR5uM3cROnh6neO
JBKVM8YIcvRy1ca+drhHv99ESX3uVTV2ECtqU+5M+3E61645TnA0bZ+sMCzlCb+P
ByOUMFdTgFdgmDjv1XnTpg3FqFb4HycCla2yEhZNbdx03B6xT+LrnEto9Zpgf2zw
jfRx1GSePvVDThPvqRSFto1dnQ+c7IeIBiu910wWSVQlnCtEBj8q8YuWe8PuWTUd
DFtpko+SkXwgQoYvC7uV34mJO7nxRnVwLs4cylvW51EmHyDwrIvmRNemZNRjxPgp
NpFab3wVxNEJcFKDliU0qTb14VTyUu1lyIWqe/8V6keRilcPSBYO+atZu4XKVHYh
R+ifUrFL1JpOIKM0xv9AtyRBtGX++MUPd6CeICoe9sM/jJ0y21eebYFznfarnyYZ
qFZ9gU/vqHA9UO4ln8WuORIuEIRQU8zfJFRQSZYJjT+p2zlmM0Nca+Zr0o+QJEEu
/AI8x9KQisup8HV2YyrLn7tyPMxR9CxhunpXit7Q3E4G1nlGt3R9itTLuftdDytl
1l+BSKrY8iK8IderXBxFs9xqvu3CHcqT+mxo8j5+UEid6dikiZtHy4GxrvrH75sE
sRSb3/WXXKzwOx7qjvpvI59B/6BzvX/UZomfbbgIVleBtXChtPEt+9q9X4OukUsw
Ay19S9IyUtJgivbYdHb3N/PUJ+sLEK7IZBLWj/E2x7zPyFK+pVWOb0Rz835MbY7N
EsNOGK56JecgNKh8vsb8fC8N5xaFUWtgv4CbDQrhdyspoEdpZaXXoO/oufpTs0vR
x4txOCABtjX92cuum/Iu/IUIGWXj96JsNfM2y/oP6y2j8YGl+JSZgXTFGbwgtaMd
S8/WfaJbTLwBbidjTiWt7La3pfITo/WIXdEiNhxGWaxGTz3eIxpy76gSNPrrlqRP
wSLWR7LxRx2kRuWzF5p1CNl664oLyPOSkASx+tmBMWmt8jBvbrGLDSpa2EECRVgR
Ys3g5PoQCdChjAAy5clCdxbAw8ROwZ6yiMKPdRNkt5obrBZsrYi/sVA3z8qGeqtU
BArv3g54H9GKLvGEbM6aY8kzH4uobzYg4ruOLMAgp+SJNuNDlb54NBLZixPozBk2
vQhhknJzqlO14gFasiOlFU/11EooX8NI5BolON3czsu0OFr4gmPd2mRKGb7cU39q
DC5Fb5E/VMxiDrhpLTxexF6W5uIQAdt2L5q+jkSXjqBNv0yECE4q5uiY79H9sRIn
jW6nhFVovSrTPwfSDAvH/rd3kcnIs+eZ3ccd5uzik2A3g84ReWf06mkP5lq/OlDx
cp5yiIFHRpfq29NrwgJHuzNzm2qWY49ILKZn6ezPbowTEe9jCN3RH1OWZP9Gx39L
cO/dAjl5cSqjsr8fvMPjP/GhqvFfHi2obnpcIUCUwUa+jkW/hYcJ1bgj9st7afXu
pdKVpHGS/xEwq2THFFznV2czdDFyN4Gy4evPFvLx08RZvgu4G7WWbdmCGX+Pr7g0
6ScYc0yCNGsezIoiYTOIJkAqkbE0mwQbgyurQVdGsLrSNMh6mpssbvLr9fnmctoK
+9Q35GbOc7RwCQOduV6Tsw/wXQ7R3X33bM6/GmyN3rqb+X+m7beKYrStzT6cTiug
CwnfMcb4snWx76AmkFhtoia7ARb5FnxCPijB7Kq2NyMdoR2rKrHOXMUpysnPkUZL
a502QoGH0XFoQvwAtVhhcXvS9Q8IluLL5kiBPQ+eD8lZB5YvnCzAfqj4WnsbRAX9
F4np/k5Wt07A4dRSoo+IOvVz07m5567x1UWAM7XjdW0kjcwTWom+/igywt46a5sR
d8tZ+sAv6cy2MkYCIRuzBz8qITs+g2avN19MCODi9Zx5F81PZdM36YExavbl9NS2
kirCHATHbnMJ3VM1pxq/TOOlB1MrlRNJTcOhoCcvsTpSe1a6RfwTt80xeoJvUV/F
0wOIR9PaAkq8BF98sv9HugnnaPYvE0ON3nrSi4WwOCo13HO7oObjpaC9fhR4GiCY
C1ckQvhMJ7uq0kEzI6GJCX1XqdD/Wfx4yHZ1xy3V1qXA3UHgk1RDBvaJ3vD2PuW+
Sj03J85xRqJuhHcDk8BxJ3fSVOd92ASuJ55eaeGKV0C/wuOzYzd04IcpJsexx8gj
ivrLR5bhl5tv8qKhMxIdyKztdnAHmCdg6pN9lFzR06ifPEMLNsJ+AgEPavbClCLr
rIP5qOpb9vhVMkNbObeieKdi0JWFcERzquACfNUoDQQwbZG26iRv8JwfLLfrfEgr
Et2/8V3n4HZpZpLFQTI2fMIm8xUTLJbC4YIY8uZ1eJd6D0AyjP7LoBldNJkt2NI6
DwQmgrLeN7Kn55SWgWQQicvjVozjIGDmEOGMJsCrKgakeuFbA8HptUBCSU1lDzUW
ijN03lZOBj94Ta6xCwm7QHGxt1ZkiHHxPMnufLvywVWCsRc2ZKyKMgo6MKOGwXlj
tGWdBKEfI/031D2IHOK7YmQ3+7Fo4RA37nfjT44Iiksc8Nb5ze1+h2AflZXqw4Q6
cQQlrtBHRQLf3YrGa9Gfz/KwYAhZN5OeL8mesEUFmP23+V7vgqco1MU8YYP2YoF4
wVG3y2loXNBtpLezU4Y2qO12G1JFjGKVBoBgixHU7SYetexYa7TvKLqtu2B3R4LU
npkNK1B07LXIzWhRN1G7Wq4eb4GwMzEO9fephlFX8EZH3YMgfi4Ooa3S32mAWgC6
26fVecGbhXW/77ePqlyu4s0MMqc/xyfQRYBCJL4fEdd5Gk0Yc4oUK56nzN776llI
PURoGfAgfvQ2ITeI7xcvRiH3ksoZYzWI9QLrHuxWv/+YtigPEX6tyhhOsBhXzw53
7xdOnVhwd2MlBGOA4P9cEVacNFGPl5jc0ekpNgsyE+cLnUnPRdnVuLT/xc1NNGMQ
eAKC6VP0RaaNKg4FxU0FvMUtsQwvdJ8+BS2MX+AWi5C0nOD2pcxTRjG/Is4tm0Xy
vozQgehdl781AjBNzfYJc+GXPLN+Bs5aiNEV6iqOIK+bGGnGzK+ypRbCrZd6VoBg
ybAsBf6Q77FvTelkyyEcYEUDG4iKEG0k8cpuLTwugNJamTc9OfFqZgI5BrXot/fx
gK92OqsUdMRotzY//q4xQ7rleCiLpB0n7iqfrQcQFnxVSqMgHOv5MWy74i/BBIiA
8+f2l9JoeeIofHLkLHlCqDhCSstdhnnSzPth3GWQ7roqoKq3OE1/NZsTHld9aT+y
MBEzFHcdv2Xt+KoKA1vsrdu3COEZe0TraFOXdIXE8pdmUwLjfUXFqZakGKKAYuuD
31UfZU7JUTF4T+Sg0GRklYpILHslMqzPR9gAQBxSjF0hwWRsW4fOiRfAFpN99gp1
3K4Th2TBNpu5Jew1GGj6i/4Tl0o8rYJuXI+beZ0bR5CfEklWR/ZOdiZhAWC/+PVi
kLJC96GS5Zy9JjYqIWcnnZJplzVt8KqTNB/6w6me9hJdHaqBViPaTb3glHE2R330
U0rbB3opYYyBm5wDv0xZKFS56saKyURcbPyFu0/gbh1lSA4ljBSv3xgxmk3vZ8Wi
paR0m1URo1e4+y/NN3shghFGaqDTOxaCTLMbNce68lkgc6ZALzKDHI8xEKkjQldv
P8W7lF3iUKG3YA2JX4CCAZ2IBFCRG/o6R6zKah5JE/qXfVF7a9Vfns1KvsyKMJo/
3iufKYzf2dXRaKXZDmx9P1RO8u205ti8oqm7pYgpXeIkf3SY2Wj2VQzk1PJbQ45C
+jM0Vs8nMEWxCH93DOkP0uo7NW3vWwYDVAjUvsr5lRGJGMlOmxdW7Y3YHEY8CCGv
lK5KxHjMyU/E9ui4Cshhncmd99tD7LyeHWCGdQXQ9gXPfD77E2ZkRPtr5i2Iuz+3
jcvOK54VUV3nW3y7x7/fzJ/QSlkjN63TMS9bamIv8D9frvRvUjNgPG8rmC6ZVGfH
2xU6r+s63GFm6hShOk+cA0gyZZXAhv/o+C55/x7odWsOZ/yGKYOrL+HNWI7lAiVL
wrnVsRUnkcUWd9bi3zQVZe1TucS11TVi9fL0gDZBc5YnhkrVkxFtUFLtHJYajrkg
cGLYyfL1HaW11OIHidRBE9yireTD8MDZM8oh8BPZVEvUiC8sAN33Xc5JWo5qfAkL
+TKRFtnlLjTkOELtZqUpxj2bwMsJKLhGbmgn8Q6uD0jyb5dvy/kzuPKoOaMrPYS3
aF8fnRB6pQlZMXLHmPosmXaPshOzP5IqgmlF8fVaaE5JioPom+4qATsp9k+YAdfT
CMU9V1PaBkoOzznc8vXQH+boZNOg7MXbWSsODnqSiVU15LL0sMgLa419lhgnnCSz
wqiCcazrXJ8xXX6BkRHeOjhOBS464XiPVeCdYsqCD+uMNNQpyMhO+zqVs9UBzlWM
Nb9lkOXlNW7VMsVKEx04XoEFXUCN5CL+RBj9HefXDItdCm4vmN6iI67HQoD1eBLz
ZdZtlReRe/e+RrwCddEFyn4xrRKzighyO6WeBfdHrXwRjUPM5rSnL67gEq5uVsZG
ZhIduWlgwsiFXj6+DwK5hwXKzWrUXZG7rf5zECSWJE6iyYqpMuM2S0teo1Kr1jqs
r5BZd/oGCMy78LRYat6or8OeeyESqjEN1/2HF0WTj+clpe4sfaaL6VHfMsUfZ92j
Of+V4clHJD8D38fCy8fGqab9axhdJVJQV7EHzY2SxCFD8cy32xVr93fQJfUkURae
8KT/mM4FP0AkeDzPa0DDqK+JJW56NMrotdLy/UpUSBgEJPNRRLrCdY3Zrslb3zYq
yBNdfgVNuY3NnyZM4hxryTjfOO/RIpYv09its1/gDvLH3G+ANMGZ8fpy94GKI8Fh
+Gvv6vCnxSiN/PFWUzUuwx+uTbD+NCcGEKSPwUD6e9JjHI6C2NmJNby4DNPFkoOE
sPTLwEICRxyLj2UgIX1RIeOJZyb96BD0/NyzYIhch8PJ7hGZ6bqI/DfbZLWsKKoQ
OKFn95z85rA27CCo0uJBf8CYl1q/2tYNrkle6q8+ZX9+X/BcdKMMvRHTI8UGhMef
1KoGlr3/mxW+9ZwICe4jyn+mNXjnvv5h7swpUK3CtF/HtxEl06dEa8A5EumwHKJ7
Kh4mifb1eknYc2qOrTJi5v+75J6yEkK8R9K7230f/WwxRplUy4PsmaNTRTJUTQ+U
WiZBrRBl7hEifHQZiK8GorGB2xvwsiRWdQVlzd3OgV/EVjYJOtfzvayqwOLBinp3
d5Xxs0XWj5hZL5LSjo/oa+B5KV6xi6TflVjzI+bSP0crNze1HccC5DuRDNgYMbF8
RXSsa6DMKB42yRur4ICVM1oh3Jk8wqTYKHsy9onu2pHcRxTlnFT/754PIQSjlWsf
Ms1l/JdlS5PZo70bDoI1kLMqNnW9thpTcN8YISXGONOd4/GiuvqnXoax3HWtSej8
ZBJvMGQuUjdzueCNDxzTsCNvMW1P9CH3qutgFtjcf516OWYALFlPY3SU+dQrzgLk
jGjAUEI1DJMwQvzw0/m0+MzDjrcLz80T3f5ZEW7wj7QAlRh5V3JMUc/s90R78MvL
2uGZjaJYotHXBC0LcJrTvSq3RSVj54VtVemSjolMDK+7uDvS4hRc3egERa2hN4y4
TcF6N0rG3zm/aMngONYyJLfwTi5DK5e+K5BQ7L/wU0cgb2gOjCkIbVp1nwgPrqqJ
UY98xMvXuKkr8HkvQJHNgT2ea5RUEORdQ3RGjFV+Xq2w7CPMUIlnpgkV8tcb6E4c
vLnR1iOWkMMW5IP3ZadKNAK+yoeY6IAWq28VCtIKf+dOfQkTJgyHi2FexsIem0o5
MGNpBz2qwHgvcOyuhFKIZAl5118J+ukw6kMbhBnQ8QTChBluIkvg7ZEPX8y1ZiPG
weXvg7XKqluhnlT7mO25V7/xvsj0eomou7VPfsFkU44kws2jCJcBk02ZprFegr8r
ZoDeVnEuZWPf0hrWWKXtG0jyhH3IrgcfK3Wy8KNlNK0QU59O9GSVvJkAQbw9yEyi
DuoW0gPZj1kXJ9q70CdHnfVjfzVnzZj4x2cV6kYMRCiUL2xr3FS7yVgwbr5xaG8M
NOJrrt1HylUmzG7DX/d51P1d0ZQ4ieXGNwyb+WFYP/1hPwFy92SdB9r2vR2j0Wur
VhFnTNf6HhHaSiiKYMxJl/9gemub2j8CPZm+lVxctw+zX67ot70BVx0dpiK7bb+t
rgQwTp8erT1pcN2LMhvI0fnYf+G4Zh1DX5xYqgK34EttcHYCVL5qJtdOm1J1ubpa
7vXk+mN0kfUpKRHUP2G+7cLKEv/cvrJx04sFiVaaboA3WnThkfJXSLppmSkAJu/T
kY8CkOkxXKnrCEdLIjQSUSVC+tpM1X7rgQy8g43ifF+1waNwIyCdOTSZP8uQ3x/W
D1aYi0A2HiBJpNFsVIk0gNSv7Zx31lvmYUViHPbVbvcsMZZoYLskNbMpNiEQnz9H
+xCywc6OF0C7YLeVq5Kl3TiAvW7Y7ZrFgnDEYpBiBcQvWlxhyKLS1BOucKAXV64B
Ptbetb6Jc/NYju1QONdi/vljMU9NX8Nb2sMfUOdRnY4hisuZSI+ahOAH1PlPxz6U
9PBiU5ZzbK42Po8JUE0Rt9OB3tpfDOP9jDlBRmD8p8MB/c5zTwQuwqUoQlB+rhL8
2ZDZQfjSEIsh84t5xN3HusdNsU7val2TXZqV36MD8YnMGixCww1qTY4dPPKPklFM
Bq///24Tawh6uOLUm3nKmB1RMAANlRuWgXBUpKygTGvPYtMWl0SFicFiLedHzn41
zaRa2rlNmUKznSUaM9yk48eNKzH1Yg6zGvjd2+hXpuiL8QhogXF9/zRaGXN6ERjl
mZ13iH1vxr3t6QYiEcuWyy0cbgbo+VySJFzYhakFxmFjYAG2/X5ZqSR/owSruZ4C
CPVayNZqCIEteRqkSq4J2hTP3/ufQfpEguLGJ6v+uAKwzNzyGfukp3WQdzYInnjH
XzvC1EY7fCsYrMcmEVtQ1EypzxPrpj7L8TrbWhl8Oy1Ab+HuCC7ztV/buZcQOnEC
MKYNjyY0QvfrN3lAuP3IdNMe0kN1dM9U0LFg7p0ii87kolfCLDSt/5HNfTypqsGw
ElOQPnGsYMko5ei6xFOj55J4YAjaWrNC3u80GiWhu0cqN/Kp33O2KLhUEpkN1K8u
xWioYUXzSdYlnNrOmPgfRsH+3gA+O2mATe0eQOEtYJIl4h0rJc/iAx/zvE6dikQK
yxh4yyTweFvSnS3P73ezuFNabTrkm1XP388O1T8aXmmj4FDGJqX6gCkCfYrmtu2Y
oTCuks7rosGo2KnssCSQNt1+WG90uNaWRmX1nbcZm6V/q5vbPWfxZcY9E+p6ciNG
9k3r/dswWiugPzt6kgol625WzrNcz2Nm5K4AHngukLsJS3gNT5Dfqe22ajZk8YF9
yTXWsr9Q+w82wenzXz/ZZU9Bd4wdjCymFFgKlrEloxzKyshSI2lLMv6hNhPkPU3w
stJAmh/YsEt0OBe3FoBl36VnIpjuVI4dqorn5hy6MkvhsfWxwOKXMHnG3d5P/lmi
EDx/HZl3nTLUsiWf9hptaDaPUyxXTY2XigIQNh0wVXqcD4Wvmxvf4SouF/kf2SNP
6UxpFfWoUoXIBr/RqxkLh5Cs0uF5+/5Fzx2nJ1XC+Brd8p4RjPWYMIslyXWUHJcZ
hCjjg7ebVJxmfiVGvkKo/f8gzO+oIuHUMvf5MHOofIl8KOx7CLwkUxk0xCutfBYg
1znVHvIVsd/Vgh63ykzELSWFILavRSJKApMPNx/a6vBhNsINfiQxjnW6BGhtnMLO
DjmUdU6/t4aClCVCSgu6WZ0TkZDTlrezp281e4JGWRZ4SPSkq9yaBqWOeCWlcXMI
eYsCG07lsg8NqHsgHt2/CzgSjrKYiDBmT2jyH8KMYkRVcHCJgkDE5FzeoWCZrc8H
2Jfs+KkBTUaM3R7hzyx+vZLgx6hcD7N+pl6pk2qF2lglAwXqPXylJmnWXaDcyFu0
7N1n/O8ig1wyl6FuxtHbWEIXgm4vvMqPD2TxMsugONH8cNhOyQW+jzvnIMqtQbaT
2vZalNT6UhNLKXDpXXDqep3oJWQnuK/Eg/cH9r1jztu9zt377xdl9K6QQ/Fw54UN
0Kb/gLggm/MXDM0yCoD7R27RbiDuZ18nlIPY6RPzr35MCsantEWZ8bKgPcHYH3VJ
5Vpba6w5uR8SgbIhzJ9i2e6iADm8HLjgBwTRHXUdBQnPq7icQrJejmd4HWw7bxhk
Y520SMma8EBsXz5vFg6hPZUmtVg9WBRZ/Gj62Np0YMzmO3UJ7/f7YU4lI2F+10lY
oguqKtRO8bJWFds4Luu/K7l9OVoIBfDR96OJfujjR6B7NEBkq6X4Ten9zKzNHQx9
SThUfR4tqyga92ntreMQMVtgwGT4ECFPQGDNuC6aPqSj6vjFzEiB4KKhQJ6LqeV6
YRGCQeA49yNiA4LVik/Lw1iCiFAV6s1pegpLUaxXZO0iM3DodshLKcOFbfHHeZFK
tYYaxkukR5PV8ipBFrttbzF5jqqucLrmleehTmUyqx6a83woJ0a34toVRVSHil99
DHIOERXOISnBaQF0ayuyxL1mtnU/Yx40RilsW6zi3WhLeIHUSt4PAZDUGCxECTCh
coJdpuUyJJEQVbAB5eYy3f4WD/9cjJUFk2gRcccAoo0QYZ277cuYPQPz48yKdXC3
yTm+jNCg0U08OPTgAYRXze4lYeR9RjI17SHAeXB6dK0rrbP7eU3rVXfsFYQWkftW
eup1FK8feMiZbOJ8tNRROGYUA16sw0Zc5760HGlWdekzx+v+OqRSlWmUM7GNhTVQ
scOD4ixRqHtecFW6ajRp4ucQ8YtfIkV1ah7auAuib5EVj4dHCPxhUh45QJ/R0weO
jnKfZPsZvKcXIGNV7i5JBOuPXauWiuHsYDIuWRGUwBwPot+A0v+EaDfrII5qIAiR
0vcsAVjX/Y7PhjHh5jv3BV7zxBwv+I6f6mGRRVhx6IEfuNLDje2XB2F31hh8vBRu
lB1oxeiEL0T0WxxogNiEe+k53gvPWdMznLtqQI0FVjKZvCNcAX97wtP7v8b7PcTE
9fgSM4xOFik6+8iLoFH+5jPXl5Vy4qCtrIqFpC/ZWEot0VBjSSyOSqBoRuD47lW5
R0C8Ih4cYyHMEltVXcbdV1M5RgySF9yaMF48XYAjVbpaArRa/czxyTW3G53pzLcS
yvgpMd26ipXjVHVEuVikRJ/mR9cTdlW2l/aLtHZqdaZteF3BTWmuXRw0znJiaNv4
cBL9C3Nx/82zF+hIFgXKjzubf1TLvgcCTw91tWkaXYqPL5W0Rehl+iy0YuWjhfeC
Fw5sJbM4piAmgmxd/J/VmgSa9uzd4pv+0edEyE8+YeWZtibNQsBecjJ5g5VFfenb
i1LpTlic67v2iXSfgm6D9ma5QnBJaEf0O2WNuXjNTabjpziARKgqD5Sb/5WPZwMz
5DkLkzROfJEg481IMeFFB19HyVXqRLDKIpCbVu8zqC7tXoNtqhlairWUsVxlZwJz
nCDHm9sYEWnzQLphPTp1iePtJDQnEIbDtMMkaTP69e/3FdEKsfHm12AlBEvaAQf7
eN4yZVPTOtphHCwloFP7bQKKxsd9mdQT6l5C4rCrWSEkSn2UDGpvq3A998b87UCB
L9jqAqoVDsHKKlOOtr7Vy662fwS2bdIfZJFDTE70h3zMXiHkbNe/7v8TVwdRQJx8
rBNVjW7lBYwt7+IhAdchacJKqbUFUDkiL5NID6d7f5edkA0fl8lNg6Ahx2xLGQln
Gpjn/W2VmaBjuf8cAooXpuA2z1DycFK36kxuNd9vwQgTjzirfMVJLlJ7RyTij9Pq
oWBbQd6I9R96Yx39UbZGbMuci9yoWaEZSzYET7eKUuLCWqM4RsueNclgYzO9ZmNE
FSnZYMZtczwSOIDT2GwP9LmN+BljYVQ4rOZClw53Epou4e272B7hAHu/aFs+ZAoq
kl/C+A8AWuQFeRw4x2vC82GrwTiKnNArOs4PBQoE5G8RQiv+OF0qozw7NTbPblOG
pCrxNVtWHCJRtp7pbaoniGy4MDYasApGNrI+6PNWjb9TojYJDH+voBp8j2y7RE/4
ovvBbUe2FR1w67oihKLxEuEoEgAYgtF5CeVeVAaT1DKFC5hEoK5dklWRX5ddStCd
SVgjQzrsuDW/rJVL7f9z4oT3jKzyNHeBj4P+cDZYun9pt2fofb3Gp3Lbch2RbCcG
F/ciOLq5kBRKsPgzR5vk85gm/1gs/swPgINaGU8yAP8OpQOmca3yhi+I95Z4YPXG
XBxJ58eWdygjTGC1fAO+KwrWRIpO2g4V2Qwe/ZGrcpgtcQyUh7K0w7EP5+3vIB2J
P78jeYuNcS/sRwsft+P9DJ58qGo59jmuJ5idMxF3jAikjRi/jVsNZUOdZ0/cdAIY
3OdxcmbAL0xPy/rj3lZlvmvaLykwYuLDz4Yv7orFpy4CJxSURaUQiQ3t1LUer436
B1dZ6Ip8Ph0i6745mMbMPhLBVA+WifsSxJHJy9yLhBokNTUQFQhFZsQBb5D3gw+k
nth2EIoynHQv2rtYN9g0CVMAezvX1XvuZjuMnbxiNZAx2PoqNKIUhKDBvU7uXOx1
nzv1msBn3fbj3OLvdEST7MbGeW8cQs4uufIU+dq2VdBx6GjKOaqlPCGKwjw16Fjl
V8najtpWKLb6qDnXf2SxJQF8ZLhEimAEnx+BO86jnO7XsWSpj9pPeaXYM17nDW8u
Q1WkaveOiz8jhw6OPIuYF/GeRoxRUx5MUDPRrhnwY7q8SUJdNIf/WDuUVT5AjS+5
JIaZ9mU8I3Erv/5Z00JayjpjhTinpJw/m5J9MvNs/dcETpnpt1Fv0WCQ9yQXzLL+
RaEt6y5r6QKQ+akYCyP6MYfiGIo3eUti7oWzFNUy2ZrIAbWYHjUPmL7gXTMGE77l
jrHHGoRdxu5PhwcALFEtzVQUyTQBhZNLCVMwTKjSLmO4CO1CQ5Y9f/t5wP3uVZey
tmmXUXxU73nWkI+LwmPX46WTuUwERRfQAPxFlTdpzF0IR/yJkxVcGC7uU1VPSMw0
HZQIvQaauNwJo1R8UeKQrOg0WIp/LzmhwxW6lOaz5RL3rYArLJPSe+u54kYZhdzN
cxt+FxEE+GCcX2iA2DjUeiM8XYs/w9ZL7MjcYJKPMNWhqygVuuAJVQvCoKbiSZYm
5DrIdHb62C+0yzqhIjChncDv4ndslAVQahi3qMeUWkTss05QGqz4xbcQRbEKzVd5
lqAjhiQjS3FYJjz0UHtA+OOEJbmGvHrlAeZcVKIsi+DWX6Z5ZRKt0+4llsRJAtac
wuxjYUbjTuk7iWEJFAdpRloES6DPRvxlot1Tyb9WKxKov/UtLyqQuXiFXbhu8dqo
b26KePGqvLtz3sL33JMUTs6SD/x3EuvBuTxaLOYEMwTyDmlgK/bK+Z4e60PfgFIf
1sVUpX4LGqRYgm9Zf8omHkPVGls2mx/qCAnTZafz8DkjNiLSKOLMhfVdpYiA8WFU
GQGHs2pRmUQwhQwrF1mPPN3FyVWJPSXv0dBMH3Q3foNiuhblX0BKu9BLd9udc717
0syuVFE8Z4PurYA4XbKzU6qh0tqQpEvEr+DJAblN84Q/cVTInk/KFRxZJxWA8Lns
nDjXACXC9uzQkvI+CIe33bqt6BMKPfjEG+Jhs/YieLrVSXp1dgnb2/IeQIAgBUfI
IYn74MZ7C8fF6XUZMU5UOl5oO2h3tKD2xHfsL4THkw1SVw02lTMsZujJsi6AgqOy
yLp16ppP1UWSlfmTRJI+3msUAGwIZx7abekSWEweK2sQPtISoYJOXun89KA/cLYY
mE8+qqxV++lB8vwDkaUSjWczyY/44fUojOun2RqNC8kwD7exZv5Bwl4AoTQc/3tP
P80MHmWm1QNrITxQtmcUMYDbZB6+uO/h/1IXhsmv1istZVqvEAxevXQE44T4qO+7
9w39xC0YG9YnNZ7+xk/LwH7iUzL7NublV10Qej10iTwrJuPhnvL0JkzH6ds4Fwmz
UXgKCX14YNAjyAr59nENXhC8B2tG/aHYsnBNC3p72dnM/IkKnEL2GwYN8Wtqj5R+
xKtWapcEmje7S8G9IL5sVTgm3LpNENIJBhW57+NqrvsSKWAJwlWvhkGf7kELTLXb
auKNyxntiSITOfE/JYdRHnfxvZzL09dKbIHN/42hLwD/0DbzDNYJwEiq2IzyEymE
4EFWLvDIjKY4MjilRu50SpWJcmLBOFxSMGN6V2vyY/kjtp49DVzsKnwiRWMOruNi
d8iaoy6imAWanFYxbkDMkoTbFehQeE9CQAen5+ZpIhzsOuHsIgtXrYkkSqIj7ccr
K5zUjfohizcUweE4GY4emHVo1aEoENma/kJwt6YuDicf+uQ7f4DNFgF4UKOPy/cN
RJCZ62BFntCI8pAc0bDsXn7+B9NcN0w2Ahdi4cmuqTV5XtVTJUgJRBYFhP0mk1iy
hD98CzifGLTc/q9qIUSwi8W0f6HIIIn8emD7LjXTNSpyO5FP8YFogNkG/pv0j747
ArlrU2iWZ6xwrdOvpI880qTCajsyn9RmoV8mfBR9h9jkJEk0UAM9KjrKSZO8xJeg
W+ipIxlcL++eh4HngOD0y/c/7DQzKYbbpb8KLyivDM4BWQd5Hizyx9T3yeWFEH1q
uPEokeiBXyx2iFYgRkUsWWfSVr8AJegAJEo1ape56z6H+vyLfdoHAmMWf2ZM2p1o
mq7X/lOA3rcH2+siFbroA9Za4UznD8InTzoVLf+gFimR0X049Due1ftyuXrLwacT
3YwhwCkE2OTCqUNa8hzODjQWPWAP2k+FHUJ6QbacJZRF8GiKbz5uFLMi2HyZ/oD5
kclaeLhh5Eey0shezsHq6DnJF58SKfsBLmtMHeJLfmVziUY3KpW/n8NhrzYDfGZX
U5DuwqEtlfMVFK5HlFAGebUhUgclaCD5Tf8Xt4NbGQS0N7XhdSgR0/du5gNpShEW
X4sG0iTqUm5OEUeaRXCwtkEEoDYPu7gMbGSmGHV75CVsAAeWZThawBMREM83drvK
HYyy2m0U+jX6+rNutwi8hHp01vYD6eCHJE5tx/V8tyaUF9arCw8X6bYnWlkfAqvF
gHh3Kk1ooVTGkEePVupivKJCEERyV/Ic+N0yCH85263BfumbkLqBhtxvv+SHfKR/
Z+RwR1LWlpgzVAbKxcBkvaYo/Wbq6oRPkWOXwG4J1FAwea6yBTrC8MaE6acIE32s
bDc4e8ds/KC2eYsr1ml94817LA4yfmWcD2Ng0V8qQSyuyTnsyFDlxeyiASKQAcxV
SdvvuOP9vAYo51b7Zat2FFvlaWaKhtl+ZiNTrOevRNIPpCAcBm5MI+YwrhOBotwz
w4vzvSo4MOd+gi5tcrqeefiz4IinYy0N3UMeYIz0co+WvvHiRc2tO1o4vG/ytEgq
ybc0gghswj3FH8Sg6kzFaE+4IyU+7YeA0WbQuQVUr54Rjzp2Wjc5kOzivslZBrj/
FajW7Gn4iWdmpWmAl7vGPg36KLuNdRm8nfzf/IdrxdQuUC6J6vjXiNpenq9A5jHe
NP0NFZmI5JQgmsc4AMlVaMA/UZCVw0eI2bjHa8nwDftiUNYuA8EnYZheUurxDqMy
hR//8xW89GiDfsoDaBsRt0N8NeiL9vw4e9MAmJtWPtJ1NYlE8hZMQomleBmLXzRG
dY4PJE0ai4WytHEkFpuL5TkZrBtzGVGrSt4g01h7cYRrbNGhLR/rxSXyX7PHQbJH
VW3Zj5Veq7bYnXZRkqyROVbevjSE/p6Ol2DXCsR7mMNraLYq10lkHojwmCXfWEGJ
8T+3HBxyfMhnvhGTeqiX8GY+m4izRUvjr1U21z6oJmbEwjzvOflPDXhG28XJ34iU
iZBCGaPvIqZWETuoi+vVtUF3MC6x0yF4ihY3AJ1/Byj3aRzV/iBoo2uuzjIJk/i7
4XlRM52CMGRboqBlO9nWZzQgqSIz1crLzNnNN+SHLOtT/YJPi/QvILy4RGROCslZ
XeynECAZsKsafGpxeM7PpkiEKG3nB+ccrt1SH+rVv0uPya/fiwS7KHviehphxcSs
lsQR/WvUNueVKMX7U6VpLgf6gCqH5pORBbHh74SCqHpOQluqS/RtPyYVwxF4IcEL
K0hkKJXwi1CruZmrukB54YzRr1mr9TkHkLRZ7ynQHwwPU+KvSSmSzljn4OE/c0vD
qrdVGpa1bP//S02DjW985tVpwmMb6v0elrZu4h2TsHmBP2pEoPg4nGjaCkCt81i4
DquktIzV7Bl3xI1F3Jzy2Io4WLD4ULoYEbHcWj2ccsV1J5SIpTGh/gkHS8r+VR6L
NxnzW7sNMSyJWqMYpjAn05azvDaCxuNdUi1YnW6eAN0HSONeAqfHutuGwoVbhzcv
XwCcj+1+fsEg7BM383xUF7hwPV4KHlj02kdpRQQyft+eci0gKZPo7RL/IO6d3gpJ
/mFDOf26s7MJC9Hst6v7oUcholKJuaCX+HNxHs7gL7VMPot8owCMoJqM6f7o0XES
sC5V6KZ1l1ljhhwHWKHTEx7H4BQrjr11G0KejILZitcxMHR7CfQgNQlJyNBj6rFx
783JW5YQnRDBX9qGWZXdY1LXgj9EEoarumcw41kP7+ylCZ3ON1/6xqpqB9Vu073v
KczEN2AHi71o0fp89ysxjk4AGeISx+ca5YLfCi45Xirkn8XVEGfopEoueD/92HrB
GF5Qi+5Rwz+1WncqPbjR25d8/1nSs57xvXpMh70U37AlCRT6QppV9mi94vfbASSQ
1ow7boCElJlbRMPysjGXDk/As34sJd9JxyQ5zku7jrrsAiJXdYL2iHVEBgPeTqFN
NKQ6cWB7CvWQSNrxedMlX/6lrdwNcCkAbj0h5w9LGeE6dlCvHEkaSxTqaeAlF7Hx
JgpJvmqnr4egrtPUt9vdcFH8wU9ZGI4prJtA7JYqJ9CC2XiTYizc9Emj/r4OFrmx
U8E9OJRQak8fSdClegcL1OTsegeO5jgMAw16YgpFlt4Kk8uF++H7Ae8orYnY1FBl
jK+ng5vZ58oxPdXkcPCQquW1MFqXyo3qeFys+x8oZxZHqXNMmfJ0FIlsVVN1aOuA
cAhALMit+kXRJOayPqXIDIRE31iTvF1SBH6psg/tP7OYDj1xvyuV0NMU3Uq2AxsK
mb2ewVf8HuztrJB/0NYXaKN7CPVTxK/5pwHtixIyj0qn8TBsiI0hO0N+5KXYmY+k
+NVjUQRpLPwOIj4+XnWwAM0mBMid5fJRJJsCpHmhp9ngMIcz13CFQV5v8Y1XcjwM
JpjRkldJ21RgI5jwnCdyX91X1qhNXd57CGCWLMwSg0ShJ4LxaGP4DrTyd2Wt5uHz
mXc6Lbh+/iic8QeMT6qlY0Zxv/dqtg/6+tEJkCYfdnbJ8CHcj6pgQ3kcLtyFAIbX
ffcdE0xAca59JOEsf5zX9EtyK2KkZ11CX3GgW3V7CGisUkATBVXgov+U4GcwCvfC
UbERMY3GVKIMhw8S/MmeXR+zErOIdeobp+GhGrvp1pxg5StRdJJK0jDPoZQ/F1w6
XNKDu/cewx5BHW37GWd/yqDqIaBkQSPwrk13oyEGf/rEImTMp3/L3fhnTSNmmgms
tH1bWow1LO/aJg4Vfm3ReIR1eR4O2roYHRixFqRRvK/sZ3RQd5n1C/bwiAj9zOXw
EPbfl4m5W2idA/rgzCMmPubdf3hZafOq0RpkB8Z1uGMI4dDDyrUESjRSq1sYxSIS
+dyOYH22N2DvFG58azo/g3H7nbMINi2zQ5W3W1bNBBUMmCW+L+CJNgP0zw94nqTL
As3lpjOG6W4IGczyE/7EEy98gaWjdtU1AcMt3CVgBlQR3KC6lVYX8EgHPPQWcEYW
wKO8nxeP0KkHQQh0VPd/TuQd1a19q8twZrCQ+FUqsd6voiyyFi78mvlZEwFUZj9w
Dx64EYgtsIxycEm9mVTkYD9Dupl8F5iGrp+CnU1q7VKvLVU76UR9ivjtL5PWsTWy
LN+Wx/jKgjhYTF48Fe9DsNgu50lnoVGtPIX0HTAErGRtRbTc7vSyYSJMdp6VUEr5
ZZmwNqBZLiYhR1+gVI9Kbp9V+nfFdJjIAodeRZcioPsrmXKXG1iA3PdsWd4cXhrG
2+WewGnUYucJ93l2bak4OPmOmkV4R8aPSBA76cqT6Tgjdt638HjElmxmWbi71Uh3
caI0MyJC/W94Yy8/I4B37zJBFTfSRNsBOwQxJouCRSzXr1QiVtYIt3NVudH5T8kq
U4AWEWx+djIRXvAWxR9kNlwqCwzJfbUKHie6QAuzoQzczutKpOXA+t8rCiHMguTG
t0FtS2PDzpoRFbDwKetmPDXIgmZCfTY+H534+2lipMEl+gD39dA5DWrmfMFImJSr
52ixarbK1naqKrqYRBUy5qhFfR7KQ1hPWPsLAi1HmiUbDlnjdapQKB7N1IED904q
YwAM+yvBaiGIGCsku0jL2Qomuok0fgF1nktwFNYUYudbutwXTUhbA4DK5PdYEgQZ
nBJSyDkBLA11GPnAp3HVGo3ylYMUMoNAKA+xYeFzZablA0R3wDNDUeFiUBzjtk/j
1wJNg2kV3wcCkBTBnXpvTLeD4Z8sCJpXAV0pQptQOrPiD3Smhg+6fOs6jkDIITSY
TLOlsp8ohM3EckgxWCvYBqdIZ/CA2Df0oNRtndMET6BULe7BfGKQ0kly1OfOAcw/
QSmAr8zcbmUPEu+qcInsVI3sPEC0aGN+dxS+O/RoSJ5AgRr9rsZ0vc9fYzEupBcg
KxbHqMDWOD8AXwtOLHK8w/oecnWmYDWXcurqeaFiKlnYHbLE2HSXc6sHXlZ3Sf2/
kYYL7RaHKZAn8q+eOH6rR8zKE/tBg2IWIZRR/uKyhz5QdlcBOOpHwa0DAOkYJNFh
dUYD2aOoMmNph609DRmlDDqiYwFc0JOKIrcdBklaakHWbxzcDnHktZcnemEUmbvU
GMZhQQa1BWEkvUm3RRpplHxaJAmVptjoWkYcrSltE73ILIej9nZeNG/d01U+0win
qFbSkfQl6wcYUJtiIPvAnS92CMFf5RLvN9lQ6CLfN5xV7FAiuKDXPgMG4XCCxCQ4
Ioec3DCQNUhorp7IfhJn33ACbsiumxMDWD30DdAe+wxGoTm8s4C45PcskVHVJcHo
pJwaLRMDDq5D1ITHwSD3rM572X7H9F//Jz+d6Lnc4ivkK96lcuRb61m6XGK9Wp2h
2p7Cj5BcgnLvNNe8LuObD02pewvmVszQdhGOicvwuSulJoreO9E+sNo1CrnyjWNJ
Yrk4MwHAZzxWx7S2BTFF7BUK+46rzIJWrlXNo6GmGA463tGcUSEpzpehOTB4pzYA
B0sTA/06CAFEH7Uaa4mDXPkVn0pEVGdHy04dhNen37oDRWC0lIi8S3k9nz0jBP25
G2eHk+RVEMZd6GcaQUr30tVrdveffnWz3mm4BMh2Ck1LCWbsw2Owuzthh7WUnUn5
OjidD2sTlhG7TLbFyh3xQ3m1MWHOXx9LUDAyaBM/dH7pkGpgLtTbMfLztHB3ZpvH
vKaiMqR/3Su5vDYRxzsqdPL9I3pSCo+Tbe7roH/4OeWYoeeVVeSVvIuabCYVG/LB
OS8LCx/8ehkF/OO8cXFqKPxxTHlNY93Q+Oe6Z2Bc7psa1hycCkZ1xM7ZnwSSuUdQ
j+yzurjfDqEThsUmdkwIM4PiM9uH1FFKM9kEx2ibrtr9U8KqSdOlozrj3q21GdLL
wFPG5CrKuiRMCNx2H/qmTFwkEO2gByeHTgveuFIwnoG+RmtE284AkXmYcQCuKFJ/
PYZfqYNNcmAv236QrKb4mqmnWRukIxvinykp4l6f0Gk7ozADNSB47VSKgM6+FcHO
Xdt6yOF7E/BZBhq/M+TQ6rPEwuPqRUEVF5qhYc4NokrVUFIvjTVGtJvwPu/bWGyO
3mdHhhELKufWRUoCEG6PsnK2JUC96ZbQWa5ew2xZ1mH+fge8AruupY4qXZk8HAf3
0vAYAThekt7me1UVLyelLJ1VqtPqEq4K08KHwqD+yInBVu/mKkY35V/6w2dOZCfo
fHtujtrTPNohk9bYPNr9Qo3e1q2ey/NSSbUegZhc1N4rsstW83XBG3hah4pIFCrn
kis4GP+7SOrzaTWZROlP/y/59pHdvZtbuHDtwsVHACq/4181PYpHHh9WTZaGbRPb
LZKC5Fj3auU+Co8kH0U/H8fMVwLayOwAThz/pcHVy7ZskK0M5rGnSTmnpBw7NmOu
3LR8vhV9ACwc8JPRZgN76CftUkKhkugoS/UDWy+4mcfjY70tjnpy6E3MUqTBJBiC
oOGYrWTG1lAI8FdkZ5iw9OqDc1sA8NS3lqpd9oiybLTpdHbRvLos4RtyiHvRQpn8
OCon0gQuVY/mhRRxl7Exe6e2+cPoh3FHxG/2IHzMouViuf9tKdHuABCsNqD5t8Nf
/QWVqXg6xMcuxmp9WGiNWqldS5EQ/aNGugU8b55RdB76/XZv0R0/aUQ+C7odwtjg
dvQuKRAIRmbAKcC/+k6CgPHEipt0xqpj18bFxbItWYhvpyf8lG6/B8FMmupy0vVW
VAfx/7xfxm4TY5o9OqO2yyd8hhMH8nlUsD2iS4Pp110vlZR2DAmDynrdIjwsonle
c2gSq6lwQvRrZCbcuiYiNzs2nANAkhz7gHwR4qoLd5GJsGWrsoanZqT8xlw3ZwIg
rQl93GuodudZYLEf9T83FH1GRAnhiTc8yqNvo59/CJLl3y6mxTtmhccvucYP9GC4
pNljWOREEIIb/Xxt3XwOMT49Iv6G3EowDCTm0mbfM/0kLknmecYtMUJ0ig2XYGEI
5Vw6FerChYSuZzUV3hxJwc0OfozhpP10Xh+8uHEs+V8NUm1r5/Jdmtrqe+jSVrhG
2CTsFOCjmd771ps+Q9rDANm5xtIi2tOGo73skDjOz98kbaK70NMWf9kLyiUPYgJV
RTGGlWcgZyxt77i3xSuJjzfuGbX6gtRD+avTBLjx+AjFaKf7elIz7Lfp6RXqZrXu
UN8sKofv6bVamkqxIH9SuoBIs6gXkjeZeHlsfP9OEOSHNoQKdXmF5TjLeQ0NAHHX
w6slTZRdnzna2Qso+JhCJ8TfqGwdBxEcqFLoTWybAz8u61ohia5xk9w8h/FmFNRn
CwEidcR4OtMIPltZ4uO0yQ3WUCix1YaQRoUC/jVYswrFbCO9RcYuEDhONHLWGLuz
WF+s0ZFhWE6jajaKOcf4Gt3cB+sddFM7NprNE31Ln3A80bpunrpjE7JiuyqWEU4P
aqjpaHFqqyLPQ37onrb90lCvpZK1GfI4UFOcCr1n7GIbYYfq4F3D0X3j5tB59urH
tfmSnUmrI5ZIyCiVtGrHM8RVws++XwjH3AnzpJQ6nEQp8I6Nlpl/8ByQveLcUQ8Q
jHeh9bCN467lsuKv2C2GoQgxtfNf+PRhFIKhZL6DoEWxsHkMdjAoHZUgCU2xESxA
Wvrz15pO7O0yu4qCSBOEoT5TeBZd91V04dn/Wr5zE9/h6ZbpL3L3k9QCO7sqJKg7
edJWJmak20RHX6nHeqbr4fsowRHOJKCrt0dpr/2geWse3At+I+8i2X7f4OrehUBs
EIIZbw96NAxIC4jR3L6qj6lGmhzLzaqwGv5Ilb0vbtEDzK7k3MS+vMF1Gi54F3PS
I7rT4PPq8ly16lufhF4PjO0actn5au25IOucQl1r7G/EFx4W3/vW5vb+qVHDYAxF
sQ4yrm7zSkKYyyRaFTo1H8l6WK7u03k2Sniwr480y68VNiML4jqxF0gjjQMTxr4V
jtG/MX3YPDpYCZVw/rHDCimQDYW6RvXZHMVUrpGuZD4xlN0Tzj6ABjE247MKI6CH
OrWCEUCPNXHGoVzcsCCcmqLpAMX2ryoTv0WRPuRNLE0Pphx4Go+CrszFQnp+tRHh
xNpip/z4gfnwpl0c75ShGoDPY8Fgx39mINDPK3sF2bIS1pDm3Ua6g+0zLCvM4WLI
3QPUvU7ipH4/Svr1JYvDjLkXAfMcO15RcQU/MXgsu+IW3107LStIZwcU01Js3U69
t203DwTbRl3oZ4PfEZNrTc4mbpwryeZI1FEAGKD94D8DbbCKDsO0pgbHWf42S54A
qMyln1stvIvqMZGJrM9vG2HoNchWOCparEt0McDXNbonhZcOj6G5YEcczI9dFmp0
/+iq/kXlYPZclH39njo0wl/r+AKL+sBjrPhFHGx6CV8hJVxDX26XlnDyz0A4CmDA
yZpotOw13Qab6iraVRn/UjhynChhuTaDdVJft46zH0eJ1OALSSZKQRWSLiHrvhx2
KgLvGy1UgVeVmx0u2xVHwBdVxT16Tp5nObarCQrpe3u4B1IJVl8HUEBa5xCygRpO
+8GvMKzye71vgVlJVnF0afrks30htG4AAjOUH0iZqivKtVYLTIUDoclcpIABW1bI
PYPDCUsxcpSa4tEVSj1u6DeA3Lt1xyUuPqghiwu7wmg4P5QKogymaRzJNe8GM5Yu
sVmiT9oK9FEsznfXGxZkOMAauhbtXpzIEOWhpD0X7mroODHN2F73ex/Qn+ey6HtB
zSLPZtYl+uSjJ1ia3Bles1LibSl0TjgpW6htnqa+cZkujvYeBW9mJj5fKENN1pu+
fdWUmWL9qWuAVXgt2GHGPVCtR6ujN/UxG/ytQs4oElHFcv+hWr/uK8QFbhW3qceE
XSSPlHSj0qiWwjPIJHMLLcsC/cSIeGI25Z+q2CgzoTteB715RUsYlLL62TlqnXd8
Qg5OYE/eNfXYyoYff3Fhmpsz1O5aF+b5Y91KN0bHTCcSC2JYDPlI8xwTi4u9E3aV
jkXvWgcWaBzdpNHomB3tdLl1qr77R3Fu/q3HTos7QezZrskznsj666vgcXQ0u1Bl
/Rt+zWZ7lcIqqRgXnU6waDezS+yeZ3lCrv6aApy2AtfZxeB5vUOdjcpWVRHdh4Nk
5P3PuCCoC0Mn+yGvneW16PGeagTKDAauRBr08DHE+ffcgb1y7YV+d0DX6C8JCl94
zrVS646ow/xYRkHjusuhB2lIp+KNPYCKCAWyu8CtWfn9brYCxfc+I3QkfCFg2PJA
RRejxpM/IGoZnaRqsnkfOETHo30+h0LX0OOvvHijqbcZAmC1f24okExPKC8G+cl/
OP4DNSvz3abLK/xIWKzCc3YKH12gO1NDGPWXCZQqIw3rTcccAxJQJ8DzIixQLgNa
0g3mXVbMsRr7ZydMUnT2EjIMbvcyHYIl/vWDxnq/EM7KulocYsqbK9JRJ+tIjmIa
x/9TvtZRtFaIFBb83Wk2aLa9h3ZUbA66btE6TZDHUcD+tQX0CEHIlnLLksRU4T6H
7nfzYTYkx3bKV4yGjGHk2/J1rptz0aD8Gzerg6j6ADuRj8VuyIpXAUxv7OeTZBhP
cFjCl3n29RoCOzQ/ZpvgRl1BuH1tatcUYbSL17fpbl9B7W53ugNUSk2we1rr4zF0
peBy0frCllaRg0DfKdbWaAbjzyfz2UviTUt6ZogQzC+CTsiFt3lSz43pn6oZlxLd
c4eUuljlt3f7R/fqzxJ/6MNxpCiwAUA02C6+2XcLGRFc21aP+SE9qu3gX/h7slhY
y2Terl4fG+QvQwBsxwgOgDFzdmRx7XajwNY+zEuGnX8W3sBtpQmhx7dqIncvn0R1
b2ghnGF57qBrQdTdJLH72OpjnNqoZ7HAaGpEUUReGbqMfCFfF1qRXrHhUsHNadbU
GxAXT2B8KguF7+xqDB4hu0Vu9PTK4HmZrVJoj6DpltrknuPv+bOTByPk0mF1FOSO
se0H1hF7j0RNfhiUGIzj9RHghvhYKb1W+ljy4LTNp3VjoPz3d+XRZGVI3szlT12S
Q0y2pRbXWfm2Dt4s1HkzOWfqJcHKUohgvdRHri6mdqMBNN2PZsMmc0fTshqfLK0+
ZhsSL9Z/IjTxwJIKHKxTK1wQh7QUDZ6LGIipzDWOEfaus5ywVabjX0i9uMyX1fCd
Ep67swr/ORx/JfcSK9A/lg0Q5Sv6QT36QjvQj5YemBioReEehdSlyYo9IymeOcZk
7Jqzh1BL7aGnr9t4khflnMMYyV9t9EFLYtmq99PlgtDpe1tt6Hig7NW/EVxQRAPv
7j82oRSKQ7LAUMj/jPcbhbfb1FSxnsA4+j8F5gpqGJn2N0IYFpWy00GghqZQk8s0
YWqq3BgDVTtK9ju7dotMlmvLELuIEZE2jZr4VoUXLkYUB9lFx4YmjsqcihfOAIh3
PKcAuqcj6jHCod29PDENjcmW0KL7VQV9PIY0rlWGNSf/dr/RkuYjRhOh73q/ZMXO
UL+A9PQohncr4wq/hy42nYY2xDt9OsFKCF1nKOOMnrBlZoPWVXx3hPNFJPzTZ+T5
BwCww9Zn1f4RkfZcWCn6shK3mVj5KHLCxbshsfYovhZmkJR5JYpJadtpw2w2a6hg
4D5B/35uZUOnZEKX4FOJeShDdL1nnGsblOZZO11u7YZBFZk+qHR8d0FbtxoYrHm7
7h7iWpGbxeUVl23+uo7xQ08vhjYkxbTHzQiBTGaGyI/3CgGvZ+ui5Z9ibcqtiK1b
dQFYbTBnBsnAN00gA8Uqc3OTXnQe/pa7n0E3arPWMRcp9teH8Pt3BveJZstOTOZb
kU3iW54uUxZfEbEWIw99QwfTPiEEvUF6F63L+pnWNj9cy8Y/JMqnLbb+xF11dSEl
goWWj0pjOjyCAwtfJOrU73DdgbPxFgK6qro8DIbLR/0zoVnIzCIF/8NncHIHNVcb
1R0fEEsdeVs5f/K4eO9Ttpc1JKjA2XD/tuj/TW38jJnGsWjxHsWZvTj5yliCvKMp
4saLmgochvjGv0GFIvyQYI6F4/lhbCQsasFNCeMELyCTTEeg130iY83BAxchnADo
gPSaooCsWkoWGui+4hSPWfxtCrDY0zS0P/AzwpENtEl6oWQyYrI3OSQI0/01GyQo
5YhwnB0NP6GLAFZRPjgFYHFUCoc+PYfkUUNxWqYuF5ZyKippZ0vu2XsVnNZ7rvqj
TF/6zTH/qJxQTvkGdjy3PG8jSowGPdn3zUhc+t7UdNfzkNUdwS3cfgqXxFB861dk
ViKxBLfOBQALHkkTtIPE4p2YrsST6Zi6wdrQHSQO1SKqQc2btR8RiSdxnW0udisK
aqe9K4ia083kfDgnQxtyLdsqiByphtSrDv1WGuwZr+rDNRj0WVaY92zXJljGNHhm
+gQZNZEh5kO0huzb8bpCr+TgzeZEK5Wadxs6ByQ3B9KFtfd3Rc8WjjtrEP9+DJdG
PG44r7kxBy+c89SynZtEXnMqCC54Mt4goStMMFVPVgLF5cNlSVBJioxIIOMap8vz
ci9nV9B3tPUECcUDWql4AvNo5crncUWH97EoXUvRFZv4AqJvHUan6vPes0DE8Uiz
62uvVFixaY9auW5iggzGHXOLl39T7HYSBDnbVXRzH0ycwCrpFhBoskYgHWRjheND
v/n1XcSWC92ETH9xV/na0dsdYQRA4DncM+a2OnDylJBPY5qxPFmQadHkCDSPBIYY
oVtGv44wFd8AbI+Y2H6MG5hz3caHHPsb2A1dcLAq/B8E8JJSSavO0WCgPmUxC9CG
mAPIX1vw6GEK6+o3vSp8Not1CExnWP9EtXRvBlXcFoQzJ1II5nmpAfF4hGFgUr6Q
dWIl1nUBkkKboC6WGsFf9Lnn0Z12Yvmm2P6CcqrMKAJtYmtxcqcwwR9wW7AaoQL7
0mq8id7SIQoGbVWNBhtAGZkWryJC/4XkOQYUijgzHqXypMqZMvhj5kM8L3UanqgI
qHXP2iogw+6oS/e3gZbpGraDqwG2kq833cD5avL1AtgfQZkdKKOJ7+2bPS5978SU
lOz52brG7gUnPSWGId6LRjD5ZO4CgeD3aAKHIcxC0m64Ogi5gUZHpzOogiUB8/XG
8hjGvNcSW+0l/XaVA9JolSD2sUBNGwUWRJmybkFYEjYhwQgtSJJXc/oSG1oFJMWJ
DlvezpNAWDTUZDtmo4yu21awg2zrOkhT6yoz2uzTRq55fzEEJZz9N+Rbsu4h32x+
/A8TBWdGk18gD/VctmJiMss75JTeYxsUIZWlA4fej7SSNhjd1W1k6spp9pUZkvR5
JjYijkgqryas4aLzwFPUFSUdQWIIXF458fxKV6tNklZPshH2hlpKr9lq7rzDQLSy
OO6NLF3XNu0zeFbuIIg1UVaKxA19jKq2LE5GX5cPHUvJO4JjSBs6C+c3mp/onEsT
8qt9MzvErobx6z51t+6Hc2RX3vTnLlZkGg5g84etZz0gEcooCuSDEYouYi0T96le
TZt8YWEEq9zV2fogQYz2ShbgDypz46pDjZJSNevyRihz1ez1QPkl0/Hcf6Xqle6K
5z1uLUFtxJ4SRhVo79cRMie1/FwCv6k/8UiIt/9Mbs7/GvO7wDI6O2+ymLWERRTC
QzfAuXc6fFT9wysnZ5F0pV7He1+xFRwfC7bDZ+G60nWg4ia53BPCSCo7YkW8MJuj
6Ia4oVoVrLRVmqutPXXIjwry8hQDJDXiIt6wQPGNrj/eYvuO58Bj2QWLIgeCWYrY
GQOK//sY7g8XFlufjnrzYOZvraVoQCtmhU4N0oat8vD9NSManY6dvAR8O8WOoK7j
IMJKPc3q1QmfB64WodCzf+Vf+9i0ZSlR/kJ3XAEIJPeDbupAJZ15QXZOtjR8zOtY
BydDiwbe0ci9VWL//V5kWINebQuaYe5oOr8dn16fiwGgmr+Nf5pckd3UTtckmhR8
w0/Jv9O51fO2s20USIewgo+t6cz0EnXJIGX/OeLQPg9YpwCEh5x0243lD5U6g4GO
+iYEq5vbYp5RDmWp6wkhhljD2uwGz9Ebv//kb3KbwZ1DmvJW0ntaPxaSNVk9p5kU
gsLkxraxaZELiB/QVbpEHEP+mIAXFJrMY+MZK9qRK2J4vISLslEsYySRf/nYw5Y2
wmRP7XD82VTiU1axo1xpVmxrKZGiqelopMaRt+coOPgyTckcnd85tmvqb+HESynL
wpVxGD/P3ws86kmYE40xqS4U99Thzhm5cPBcjP9jyMI+r/6NXRYkttstvQSPQeZG
pZlR08Mkr5u93XXSv5JyZqCGzOi44gA/rD1VVhoa6U3L3W6yHAUlaS5rm4NApJYh
E/+zu1STO4FoFm0B69dtSjQ5rfe1uxnJZpn2MWy1UH7R9L33xYI2RA2+ldKwP1/B
24er8RMH9EVPewCUl2A0+NHskrW8cS1bwnWBIlHBFOJHAg0mAQtPcTWT+5hCO9tK
pyjgGpFcgFYREV3KdiLoQmfToXfmQ8yE+TEzH1GOrJ2VPRikg6l0XfDVi3WwODO7
vG80LdZSmqhcIp8AuNDLB43enjpO/LocoKHuh0dVaTuajgsjVxUXNmIE5vsMDj0u
l8XK9HWjSttqnAq6WSOk65OL6cSHzI46N/ZcgsdvfZbCJsqEoEEHb8AL2xi42fWO
X8QDj2iExyUj4FD07siXAOMAIXIfQkLHgCJcGPSM3FOr+o8/a2GhR2pno5BBXMgZ
UrHfGellPvxzxFlNBBnzBSmp2y6+og4TV7YRlgeRYvpWgvf/LlwnPRl8Y9+1UJOH
JVvKgPHH1ysYwD7h8e7faCLAVyOFBxM43T8D+R8RgGYrM/3lxFKi6oYeEHn318ka
8EHOWY6hHnTglxNUQzaQP1l+2KvA/4FyPbBtpSwFq716iyi6NSjlMoYk+pqg3vD6
1ao2umHqy9Ry3hd6kRiYNW4lmNahwPbseg6F03BwTKqfGZncveirgBO/rOFr0DZg
hdYgmgCOax40ZISTCzgUFOYAouVtYsvwfrf9JJYqcjTjPgYwWSUhLUEgQbvCLJdZ
mya4seSsjzKiJgRZNiwU/CobBlGc35YRUXCosXmb3imRc/G2aAT9cfH9CLZRGdJs
nOYQROOP8RR26WplLY+xwYUS4amuzTT/pJzURpwI9/4yU+TSYlQXQrYw/c4Z+T/P
x9hXOXB4sEs5A6APReRiNR2+J7j41cC6N5rYWXdq/N4bN2YcaqLyMLwPgmXbGYFp
u9LJ3fFGDTfdGuCTMH08VXwXxx+ovss+ndUU24ktc/7x+MtyN2ZmZVNnLRLg1zOe
2E2DLu7QNfa5RnBgm94orAtJZLsaOLAUE0t/7aBILqCNVlJAqVUA8gA24D+vqAU8
x7yvXKGolDqS8PypN0bXTZFRrv5UnEJszfbmMuPryhudjz5yjEY4OdRqcaWfkP+U
FRBdkNcoom0IbH2k6c1EooG2cjUR7nvpvAUQww7xyWhIlKcvDpK6f7vEgCOI6amj
ZOOcayjlQZhzoidvACSxuA/5d/Iy66zrmOhFqF5zJhKpkzW+q6TaozNJWb+HdhII
tXunmEbzAKNIWQaCLoMveJ4Uy1arzbNKIUTbqpdkeJJuU6GMYt54Ia1QOqpTswTY
aZcIfbgoJzfmZ6HNpZw7zoSuS8i18+Lu2RSmQzdFAjsHjwZcdtYexW22fQj78swx
WMSxu5fckHALKYFa1nVTjd+6et3GLmCieyyVYCulsbEXWj+1wEkg
=B66i
-----END PGP MESSAGE-----
