DATE                      TIME                      FRAC_DAYS_SINCE_JAN1      FRAC_HRS_SINCE_JAN1       EPOCH_TIME                ALARM_STATUS              INST_STATUS               CH4                       CH4_dry                   CO2                       CO2_dry                   H2O                       CavityPressure            CavityTemp                Battery_Current           Battery_Temperature       Battery_Voltage           GPS_ABS_LAT               GPS_ABS_LONG              GPS_FIT                   GPS_TIME                  GPS_ALTITUDE              
2022-10-17                19:15:55.862              289.46939656              6947.265517               1666034155.863            0                         899                       1.9688762169E+00          1.9690960219E+00          4.5414961844E+02          4.5420371561E+02          1.0241041421E-02          7.3641244648E+02          3.6947545791E+01          -1.3187290525E+00         4.1371398926E+01          1.9095481064E+01          0.0000000000E+00          0.0000000000E+00          0.0000000000E+00          0.0000000000E+00          0.0000000000E+00          
2022-10-17                19:16:02.536              289.46947380              6947.267371               1666034162.536            0                         899                       1.9689169987E+00          1.9691368103E+00          4.5925819825E+02          4.5931290446E+02          1.0241139672E-02          7.3641996027E+02          3.6949994270E+01          -1.3171984052E+00         4.1328520061E+01          1.9083473041E+01          0.0000000000E+00          0.0000000000E+00          0.0000000000E+00          0.0000000000E+00          0.0000000000E+00          
2022-10-17                19:16:08.591              289.46954388              6947.269053               1666034168.591            0                         899                       1.9672173399E+00          1.9671955613E+00          4.5926537869E+02          4.5925995377E+02          -1.0156750466E-03         7.3641090888E+02          3.6951849173E+01          -1.3936119127E+00         4.1348310306E+01          1.9085827417E+01          0.0000000000E+00          0.0000000000E+00          0.0000000000E+00          0.0000000000E+00          0.0000000000E+00          
2022-10-17                19:16:14.690              289.46961447              6947.270747               1666034174.690            0                         899                       1.9672501580E+00          1.9672283789E+00          4.6400814729E+02          4.6400266631E+02          -1.0156828952E-03         7.3640017195E+02          3.6953821296E+01          -1.3287105442E+00         4.1371398926E+01          1.9082126125E+01          0.0000000000E+00          0.0000000000E+00          0.0000000000E+00          0.0000000000E+00          0.0000000000E+00          
2022-10-17                19:16:20.969              289.46968714              6947.272491               1666034180.969            0                         899                       1.9702599722E+00          1.9706700562E+00          4.6401572024E+02          4.6411876864E+02          1.9091164224E-02          7.3637344785E+02          3.6955758455E+01          -1.3112159470E+00         4.1371398926E+01          1.9093833304E+01          0.0000000000E+00          0.0000000000E+00          0.0000000000E+00          0.0000000000E+00          0.0000000000E+00          
2022-10-17                19:16:26.839              289.46975509              6947.274122               1666034186.840            0                         899                       1.9702930825E+00          1.9707031766E+00          4.6746985741E+02          4.6757367371E+02          1.9091312825E-02          7.3634430336E+02          3.6957744927E+01          -1.3039076549E+00         4.1371398926E+01          1.9096003463E+01          0.0000000000E+00          0.0000000000E+00          0.0000000000E+00          0.0000000000E+00          0.0000000000E+00          
2022-10-17                19:16:33.339              289.46983032              6947.275928               1666034193.340            0                         899                       1.9790726937E+00          1.9789788546E+00          4.6747866852E+02          4.6745501825E+02          -4.3502740271E-03         7.3634727832E+02          3.6959982815E+01          -1.3203351427E+00         4.1371398926E+01          1.9088660486E+01          0.0000000000E+00          0.0000000000E+00          0.0000000000E+00          0.0000000000E+00          0.0000000000E+00          
2022-10-17                19:16:39.848              289.46990566              6947.277736               1666034199.849            0                         899                       1.9791020230E+00          1.9790081818E+00          4.7208368492E+02          4.7205980151E+02          -4.3503038821E-03         7.3634943274E+02          3.6961734241E+01          -1.3124555641E+00         4.1371398926E+01          1.9094123878E+01          0.0000000000E+00          0.0000000000E+00          0.0000000000E+00          0.0000000000E+00          0.0000000000E+00          
2022-10-17                19:16:46.148              289.46997856              6947.279486               1666034206.148            0                         899                       1.9748689314E+00          1.9752549739E+00          4.7208778076E+02          4.7218624497E+02          1.7930209875E-02          7.3633148881E+02          3.6962764765E+01          -1.3282039094E+00         4.1371398926E+01          1.9092461921E+01          0.0000000000E+00          0.0000000000E+00          0.0000000000E+00          0.0000000000E+00          0.0000000000E+00          
2022-10-17                19:16:51.782              289.47004378              6947.281051               1666034211.783            0                         899                       1.9748689618E+00          1.9752550043E+00          4.7178571839E+02          4.7188411960E+02          1.7930210003E-02          7.3633249002E+02          3.6962766584E+01          -1.3169612877E+00         4.1371398926E+01          1.9095283193E+01          0.0000000000E+00          0.0000000000E+00          0.0000000000E+00          0.0000000000E+00          0.0000000000E+00          
2022-10-17                19:16:57.450              289.47010939              6947.282625               1666034217.451            0                         899                       2.0269426220E+00          2.0266703565E+00          4.7179453859E+02          4.7172692200E+02          -1.2324886168E-02         7.3632311082E+02          3.6964987294E+01          -1.3225017731E+00         4.1371398926E+01          1.9089709389E+01          0.0000000000E+00          0.0000000000E+00          0.0000000000E+00          0.0000000000E+00          0.0000000000E+00          
2022-10-17                19:17:04.302              289.47018869              6947.284529               1666034224.303            0                         899                       2.0269754298E+00          2.0267031579E+00          4.7352236803E+02          4.7345450330E+02          -1.2324978443E-02         7.3632370096E+02          3.6966897977E+01          -1.3273739286E+00         4.1371398926E+01          1.9085695671E+01          0.0000000000E+00          0.0000000000E+00          0.0000000000E+00          0.0000000000E+00          0.0000000000E+00          
2022-10-17                19:17:10.898              289.47026502              6947.286361               1666034230.898            0                         899                       1.9995647217E+00          1.9999916842E+00          4.7352802812E+02          4.7363591272E+02          1.9585520657E-02          7.3631221746E+02          3.6968317954E+01          -1.3194728237E+00         4.1371398926E+01          1.9094069475E+01          0.0000000000E+00          0.0000000000E+00          0.0000000000E+00          0.0000000000E+00          0.0000000000E+00          
2022-10-17                19:17:17.351              289.47033971              6947.288153               1666034237.351            0                         899                       1.9996020904E+00          2.0000290646E+00          4.7463583453E+02          4.7474397246E+02          1.9585690077E-02          7.3632162172E+02          3.6970525527E+01          -1.3217364360E+00         4.1371398926E+01          1.9094589398E+01          0.0000000000E+00          0.0000000000E+00          0.0000000000E+00          0.0000000000E+00          0.0000000000E+00          
2022-10-17                19:17:23.884              289.47041534              6947.289968               1666034243.885            0                         899                       1.9698818930E+00          1.9700223497E+00          4.7464268143E+02          4.7467879116E+02          6.5410075663E-03          7.3630729665E+02          3.6972239362E+01          -1.3119704944E+00         4.1371398926E+01          1.9093901918E+01          0.0000000000E+00          0.0000000000E+00          0.0000000000E+00          0.0000000000E+00          0.0000000000E+00          
2022-10-17                19:17:30.025              289.47048640              6947.291674               1666034250.025            0                         899                       1.9699037972E+00          1.9700442562E+00          4.7515745589E+02          4.7519360497E+02          6.5410412573E-03          7.3629949749E+02          3.6973553841E+01          -1.3108279223E+00         4.1371398926E+01          1.9094748756E+01          0.0000000000E+00          0.0000000000E+00          0.0000000000E+00          0.0000000000E+00          0.0000000000E+00          
2022-10-17                19:17:36.486              289.47056119              6947.293469               1666034256.487            0                         899                       2.0187713771E+00          2.0195945297E+00          4.7516518362E+02          4.7537191331E+02          3.7392941631E-02          7.3631632743E+02          3.6975485947E+01          -1.3067210597E+00         4.1371398926E+01          1.9094842507E+01          0.0000000000E+00          0.0000000000E+00          0.0000000000E+00          0.0000000000E+00          0.0000000000E+00          
2022-10-17                19:17:42.588              289.47063182              6947.295164               1666034262.589            0                         899                       2.0187823449E+00          2.0196055039E+00          4.7565788495E+02          4.7586482952E+02          3.7393035622E-02          7.3632373815E+02          3.6976127422E+01          -1.3155922913E+00         4.1371398926E+01          1.9092294794E+01          0.0000000000E+00          0.0000000000E+00          0.0000000000E+00          0.0000000000E+00          0.0000000000E+00          
2022-10-17                19:17:48.368              289.47069872              6947.296769               1666034268.369            0                         899                       2.4331031488E+00          2.4284625229E+00          4.7566311860E+02          4.7469525698E+02          -1.7531483253E-01         7.3633777947E+02          3.6977434626E+01          -1.3094697464E+00         4.1371398926E+01          1.9094572484E+01          0.0000000000E+00          0.0000000000E+00          0.0000000000E+00          0.0000000000E+00          0.0000000000E+00          
2022-10-17                19:17:54.184              289.47076603              6947.298385               1666034274.185            0                         899                       2.4331339474E+00          2.4284932358E+00          4.7517426045E+02          4.7420738794E+02          -1.7531585091E-01         7.3632062495E+02          3.6978917052E+01          -1.3305322382E+00         4.1371398926E+01          1.9092003904E+01          0.0000000000E+00          0.0000000000E+00          0.0000000000E+00          0.0000000000E+00          0.0000000000E+00          
2022-10-17                19:18:00.190              289.47083553              6947.300053               1666034280.190            0                         899                       2.3275503049E+00          2.3267002680E+00          4.7518440068E+02          4.7499924226E+02          -3.3517439936E-02         7.3631872801E+02          3.6981452437E+01          -1.3095775093E+00         4.1371398926E+01          1.9093335044E+01          0.0000000000E+00          0.0000000000E+00          0.0000000000E+00          0.0000000000E+00          0.0000000000E+00          
2022-10-17                19:18:06.092              289.47090384              6947.301692               1666034286.092            0                         899                       2.3275874524E+00          2.3267373957E+00          4.7371192641E+02          4.7352734040E+02          -3.3517685866E-02         7.3631235529E+02          3.6983324922E+01          -1.3250995314E+00         4.1371398926E+01          1.9093558899E+01          0.0000000000E+00          0.0000000000E+00          0.0000000000E+00          0.0000000000E+00          0.0000000000E+00          
2022-10-17                19:18:12.344              289.47097620              6947.303429               1666034292.344            0                         899                       2.1100751192E+00          2.1094148208E+00          4.7372273934E+02          4.7356457424E+02          -2.8717837188E-02         7.3630352743E+02          3.6986036743E+01          -1.3729266639E+00         4.1371398926E+01          1.9091836879E+01          0.0000000000E+00          0.0000000000E+00          0.0000000000E+00          0.0000000000E+00          0.0000000000E+00          
2022-10-17                19:18:18.752              289.47105037              6947.305209               1666034298.752            0                         899                       2.1101084341E+00          2.1094481205E+00          4.7225148913E+02          4.7209381410E+02          -2.8718046540E-02         7.3631345393E+02          3.6987897102E+01          -1.3785749611E+00         4.1371398926E+01          1.9085483993E+01          0.0000000000E+00          0.0000000000E+00          0.0000000000E+00          0.0000000000E+00          0.0000000000E+00          
2022-10-17                19:18:25.131              289.47112421              6947.306981               1666034305.132            0                         899                       2.0290878075E+00          2.0299851591E+00          4.7226039168E+02          4.7248324001E+02          4.0554893395E-02          7.3632201583E+02          3.6990136405E+01          -1.3295405329E+00         4.1371398926E+01          1.9090966698E+01          0.0000000000E+00          0.0000000000E+00          0.0000000000E+00          0.0000000000E+00          0.0000000000E+00          
2022-10-17                19:18:30.881              289.47119076              6947.308578               1666034310.882            0                         899                       2.0291181033E+00          2.0300154744E+00          4.7045643873E+02          4.7067843736E+02          4.0555173495E-02          7.3666819915E+02          3.6991898947E+01          -1.3133933513E+00         4.1371398926E+01          1.9094348667E+01          0.0000000000E+00          0.0000000000E+00          0.0000000000E+00          0.0000000000E+00          0.0000000000E+00          
2022-10-17                19:18:37.536              289.47126778              6947.310427               1666034317.536            0                         899                       2.0534343693E+00          2.0525419407E+00          4.7045944346E+02          4.7024129336E+02          -3.9889164477E-02         7.3637613461E+02          3.6992657440E+01          -1.3170474673E+00         4.1371398926E+01          1.9095778813E+01          0.0000000000E+00          0.0000000000E+00          0.0000000000E+00          0.0000000000E+00          0.0000000000E+00          
2022-10-17                19:18:43.707              289.47133921              6947.312141               1666034323.708            0                         899                       2.0534659498E+00          2.0525735012E+00          4.6979252013E+02          4.6957467773E+02          -3.9889448098E-02         7.3635373834E+02          3.6994471923E+01          -1.3338198575E+00         4.1371398926E+01          1.9095192562E+01          0.0000000000E+00          0.0000000000E+00          0.0000000000E+00          0.0000000000E+00          0.0000000000E+00          
2022-10-17                19:18:50.151              289.47141380              6947.313931               1666034330.152            0                         899                       2.4788486770E+00          2.4735179453E+00          4.6980255165E+02          4.6872474006E+02          -1.9771756764E-01         7.3707154412E+02          3.6997007913E+01          -1.3097176465E+00         4.1371398926E+01          1.9095468951E+01          0.0000000000E+00          0.0000000000E+00          0.0000000000E+00          0.0000000000E+00          0.0000000000E+00          
2022-10-17                19:18:56.227              289.47148412              6947.315619               1666034336.228            0                         899                       2.4788740574E+00          2.4735432461E+00          4.7015520735E+02          4.6907658165E+02          -1.9771849603E-01         7.3629020519E+02          3.6998206183E+01          -1.3925124186E+00         4.1371398926E+01          1.9079164000E+01          0.0000000000E+00          0.0000000000E+00          0.0000000000E+00          0.0000000000E+00          0.0000000000E+00          
2022-10-17                19:19:18.869              289.47174618              6947.321908               1666034358.870            2                         899                       5.5442738580E+01          5.7247084487E+01          4.7642848346E+02          4.9300806898E+02          2.8916113932E+00          7.3650862374E+02          3.7003245827E+01          -1.3113560842E+00         4.1371398926E+01          1.9094116792E+01          0.0000000000E+00          0.0000000000E+00          0.0000000000E+00          0.0000000000E+00          0.0000000000E+00          
2022-10-17                19:19:27.839              289.47185000              6947.324400               1666034367.840            2                         899                       5.5443732373E+01          5.7248125390E+01          4.8061411920E+02          4.9733950092E+02          2.8916343125E+00          7.3626027048E+02          3.7005268476E+01          -1.3472399183E+00         4.1371398926E+01          1.9088972837E+01          0.0000000000E+00          0.0000000000E+00          0.0000000000E+00          0.0000000000E+00          0.0000000000E+00          
2022-10-17                19:19:36.819              289.47195394              6947.326894               1666034376.820            2                         899                       3.2598834197E+01          3.4397179882E+01          4.8062702138E+02          5.0902190051E+02          4.7964932936E+00          7.3638761447E+02          3.7008459887E+01          -1.3189769604E+00         4.1371398926E+01          1.9093959632E+01          0.0000000000E+00          0.0000000000E+00          0.0000000000E+00          0.0000000000E+00          0.0000000000E+00          
2022-10-17                19:19:45.890              289.47205891              6947.329414               1666034385.890            2                         899                       3.2599772744E+01          3.4398194391E+01          4.9763971427E+02          5.2704008017E+02          4.7965544308E+00          7.3638473005E+02          3.7011712535E+01          -1.3898715341E+00         4.1371398926E+01          1.9084966318E+01          0.0000000000E+00          0.0000000000E+00          0.0000000000E+00          0.0000000000E+00          0.0000000000E+00          
2022-10-17                19:19:53.700              289.47214932              6947.331584               1666034393.701            0                         899                       2.6021332713E+01          2.6655887244E+01          4.9765504918E+02          5.1062477839E+02          2.1839832772E+00          7.3637807722E+02          3.7015380708E+01          -1.3144389273E+00         4.1371398926E+01          1.9094531546E+01          0.0000000000E+00          0.0000000000E+00          0.0000000000E+00          0.0000000000E+00          0.0000000000E+00          
2022-10-17                19:20:00.776              289.47223122              6947.333549               1666034400.777            0                         899                       2.6021806426E+01          2.6656377752E+01          5.1669909858E+02          5.3016525925E+02          2.1840008924E+00          7.3636945914E+02          3.7017438926E+01          -1.3172738592E+00         4.1371398926E+01          1.9092356524E+01          0.0000000000E+00          0.0000000000E+00          0.0000000000E+00          0.0000000000E+00          0.0000000000E+00          
2022-10-17                19:20:08.184              289.47231696              6947.335607               1666034408.185            0                         899                       4.2016106368E+01          4.1245522265E+01          5.1670761042E+02          5.0660882358E+02          -1.7140233766E+00         7.3637893374E+02          3.7019402561E+01          -1.3099655947E+00         4.1371398926E+01          1.9092645531E+01          0.0000000000E+00          0.0000000000E+00          0.0000000000E+00          0.0000000000E+00          0.0000000000E+00          
2022-10-17                19:20:15.444              289.47240097              6947.337623               1666034415.444            0                         899                       4.2016759257E+01          4.1246157979E+01          5.3681735045E+02          5.2632545827E+02          -1.7140351611E+00         7.3639704218E+02          3.7021157018E+01          -1.3128867252E+00         4.1371398926E+01          1.9094324428E+01          0.0000000000E+00          0.0000000000E+00          0.0000000000E+00          0.0000000000E+00          0.0000000000E+00          
2022-10-17                19:20:24.453              289.47250524              6947.340126               1666034424.453            0                         899                       6.1037453044E+01          6.1037452123E+01          5.3682916511E+02          5.3682915647E+02          -1.3838250653E-06         7.3635919755E+02          3.7023784157E+01          -1.3074324897E+00         4.1371398926E+01          1.9093792720E+01          0.0000000000E+00          0.0000000000E+00          0.0000000000E+00          0.0000000000E+00          0.0000000000E+00          
2022-10-17                19:20:33.961              289.47261530              6947.342767               1666034433.962            0                         899                       6.1038938316E+01          6.1038937395E+01          5.5353815883E+02          5.5353814992E+02          -1.3838399544E-06         7.3634279244E+02          3.7026529729E+01          -1.3099979154E+00         4.1371398926E+01          1.9093000905E+01          0.0000000000E+00          0.0000000000E+00          0.0000000000E+00          0.0000000000E+00          0.0000000000E+00          
2022-10-17                19:20:43.868              289.47272995              6947.345519               1666034443.868            0                         899                       7.9446184448E+01          7.9446187554E+01          5.5354709774E+02          5.5354712083E+02          3.5873967341E-06          7.3633302317E+02          3.7028459410E+01          -1.3249917354E+00         4.1371398926E+01          1.9093384875E+01          0.0000000000E+00          0.0000000000E+00          0.0000000000E+00          0.0000000000E+00          0.0000000000E+00          
2022-10-17                19:20:53.898              289.47284604              6947.348305               1666034453.898            0                         899                       7.9448016692E+01          7.9448019798E+01          5.6093270825E+02          5.6093273165E+02          3.5874333039E-06          7.3632766865E+02          3.7031060680E+01          -1.3101272899E+00         4.1371398926E+01          1.9093623029E+01          0.0000000000E+00          0.0000000000E+00          0.0000000000E+00          0.0000000000E+00          0.0000000000E+00          
2022-10-17                19:21:02.716              289.47294810              6947.350754               1666034462.716            0                         899                       7.3792667761E+01          6.8494436629E+01          5.6094373259E+02          5.1817691992E+02          -7.0965800221E+00         7.3633401348E+02          3.7033410331E+01          -1.3181793074E+00         4.1371398926E+01          1.9093439658E+01          0.0000000000E+00          0.0000000000E+00          0.0000000000E+00          0.0000000000E+00          0.0000000000E+00          
2022-10-17                19:21:12.088              289.47305657              6947.353358               1666034472.088            0                         899                       7.3794317222E+01          6.8495919066E+01          5.6275544517E+02          5.1985011442E+02          -7.0966501448E+00         7.3631951904E+02          3.7035931770E+01          -1.3757723775E+00         4.1371398926E+01          1.9084729757E+01          0.0000000000E+00          0.0000000000E+00          0.0000000000E+00          0.0000000000E+00          0.0000000000E+00          
2022-10-17                19:21:21.003              289.47315977              6947.355834               1666034481.004            0                         899                       6.5263116915E+01          6.5263117399E+01          5.6276979393E+02          5.6276979839E+02          6.8072026901E-07          7.3634461500E+02          3.7038980497E+01          -1.3137275146E+00         4.1371398926E+01          1.9094944518E+01          0.0000000000E+00          0.0000000000E+00          0.0000000000E+00          0.0000000000E+00          0.0000000000E+00          
2022-10-17                19:21:30.325              289.47326765              6947.358424               1666034490.325            0                         899                       6.5264662439E+01          6.5264662923E+01          5.5657707352E+02          5.5657707793E+02          6.8072739654E-07          7.3635152370E+02          3.7041652300E+01          -1.3061066376E+00         4.1371398926E+01          1.9092834031E+01          0.0000000000E+00          0.0000000000E+00          0.0000000000E+00          0.0000000000E+00          0.0000000000E+00          
2022-10-17                19:21:39.615              289.47337517              6947.361004               1666034499.615            0                         899                       6.2585252185E+01          5.5722787086E+01          5.5658950731E+02          4.9194691338E+02          -1.1298500791E+01         7.3636724934E+02          3.7044322488E+01          -1.3137490599E+00         4.1371398926E+01          1.9094858650E+01          0.0000000000E+00          0.0000000000E+00          0.0000000000E+00          0.0000000000E+00          0.0000000000E+00          
2022-10-17                19:21:48.243              289.47347503              6947.363401               1666034508.243            0                         899                       6.2587033388E+01          5.5724296087E+01          5.5763735430E+02          4.9287234251E+02          -1.1298642979E+01         7.3635058190E+02          3.7047533705E+01          -1.3814099056E+00         4.1371398926E+01          1.9081210345E+01          0.0000000000E+00          0.0000000000E+00          0.0000000000E+00          0.0000000000E+00          0.0000000000E+00          
2022-10-17                19:21:56.417              289.47356964              6947.365671               1666034516.417            0                         899                       5.4060968897E+01          5.5139987756E+01          5.5764826975E+02          5.6953985370E+02          1.7952952094E+00          7.3635015990E+02          3.7049873453E+01          -1.3317718380E+00         4.1371398926E+01          1.9093129720E+01          0.0000000000E+00          0.0000000000E+00          0.0000000000E+00          0.0000000000E+00          0.0000000000E+00          
2022-10-17                19:22:04.006              289.47365749              6947.367780               1666034524.007            0                         899                       5.4062144558E+01          5.5141197468E+01          5.4819033851E+02          5.5988035142E+02          1.7953124775E+00          7.3635097115E+02          3.7052327794E+01          -1.3104614327E+00         4.1371398926E+01          1.9095133194E+01          0.0000000000E+00          0.0000000000E+00          0.0000000000E+00          0.0000000000E+00          0.0000000000E+00          
2022-10-17                19:22:12.897              289.47376038              6947.370249               1666034532.897            0                         899                       4.4283599811E+01          4.4891414335E+01          5.4820232312E+02          5.5623798482E+02          1.2421707170E+00          7.3634882400E+02          3.7054939573E+01          -1.3200980038E+00         4.1371398926E+01          1.9094629730E+01          0.0000000000E+00          0.0000000000E+00          0.0000000000E+00          0.0000000000E+00          0.0000000000E+00          
2022-10-17                19:22:21.469              289.47385959              6947.372630               1666034541.469            0                         899                       4.4284582918E+01          4.4892416988E+01          5.4645750636E+02          5.5446767201E+02          1.2421829188E+00          7.3636328004E+02          3.7057446057E+01          -1.3072923398E+00         4.1371398926E+01          1.9095829591E+01          0.0000000000E+00          0.0000000000E+00          0.0000000000E+00          0.0000000000E+00          0.0000000000E+00          
2022-10-17                19:22:29.622              289.47395397              6947.374895               1666034549.623            0                         899                       4.0350444821E+01          4.0601185750E+01          5.4646413330E+02          5.5008883744E+02          5.6657840316E-01          7.3638135129E+02          3.7058894732E+01          -1.3140077686E+00         4.1371398926E+01          1.9094178812E+01          0.0000000000E+00          0.0000000000E+00          0.0000000000E+00          0.0000000000E+00          0.0000000000E+00          
2022-10-17                19:22:37.704              289.47404751              6947.377140               1666034557.705            0                         899                       4.0351337241E+01          4.0602086185E+01          5.4640201654E+02          5.5002634436E+02          5.6658394892E-01          7.3634729246E+02          3.7061392323E+01          -1.3280530268E+00         4.1371398926E+01          1.9095884146E+01          0.0000000000E+00          0.0000000000E+00          0.0000000000E+00          0.0000000000E+00          0.0000000000E+00          
2022-10-17                19:22:46.289              289.47414686              6947.379525               1666034566.289            0                         899                       3.5671086834E+01          3.5671087110E+01          5.4641232452E+02          5.4641232903E+02          7.0846778634E-07          7.3632088849E+02          3.7063645773E+01          -1.3090385806E+00         4.1371398926E+01          1.9095216587E+01          0.0000000000E+00          0.0000000000E+00          0.0000000000E+00          0.0000000000E+00          0.0000000000E+00          
2022-10-17                19:22:54.892              289.47424645              6947.381915               1666034574.893            0                         899                       3.5671767212E+01          3.5671767487E+01          5.4408042249E+02          5.4408042698E+02          7.0847376871E-07          7.3632969534E+02          3.7065800395E+01          -1.3120136356E+00         4.1371398926E+01          1.9094973141E+01          0.0000000000E+00          0.0000000000E+00          0.0000000000E+00          0.0000000000E+00          0.0000000000E+00          
2022-10-17                19:23:03.115              289.47434161              6947.384199               1666034583.115            0                         899                       3.8075891215E+01          3.8075892378E+01          5.4409177601E+02          5.4409179374E+02          2.8018758025E-06          7.3631991759E+02          3.7068292731E+01          -1.3615546676E+00         4.1371398926E+01          1.9090193995E+01          0.0000000000E+00          0.0000000000E+00          0.0000000000E+00          0.0000000000E+00          0.0000000000E+00          
2022-10-17                19:23:11.509              289.47443877              6947.386531               1666034591.510            0                         899                       3.8076711392E+01          3.8076712554E+01          5.4216702288E+02          5.4216704055E+02          2.8019025179E-06          7.3631286904E+02          3.7070725649E+01          -1.3397268625E+00         4.1371398926E+01          1.9091486482E+01          0.0000000000E+00          0.0000000000E+00          0.0000000000E+00          0.0000000000E+00          0.0000000000E+00          
2022-10-17                19:23:19.802              289.47453475              6947.388834               1666034599.802            2                         899                       3.9514855762E+01          4.0720424608E+01          5.4218008956E+02          5.5986556301E+02          2.7161466894E+00          7.3632631133E+02          3.7073603801E+01          -1.3421198374E+00         4.1371398926E+01          1.9096029471E+01          0.0000000000E+00          0.0000000000E+00          0.0000000000E+00          0.0000000000E+00          0.0000000000E+00          
2022-10-17                19:23:28.012              289.47462977              6947.391114               1666034608.012            2                         899                       3.9515913410E+01          4.0721529244E+01          5.3566511465E+02          5.5313828868E+02          2.7161788676E+00          7.3631355336E+02          3.7076626658E+01          -1.3155815372E+00         4.1371398926E+01          1.9095479270E+01          0.0000000000E+00          0.0000000000E+00          0.0000000000E+00          0.0000000000E+00          0.0000000000E+00          
2022-10-17                19:23:36.480              289.47472778              6947.393467               1666034616.480            2                         899                       3.9948894042E+01          4.1937756464E+01          5.3567622933E+02          5.6422622411E+02          4.3508393830E+00          7.3629142509E+02          3.7079103836E+01          -1.3054491116E+00         4.1371398926E+01          1.9093627930E+01          0.0000000000E+00          0.0000000000E+00          0.0000000000E+00          0.0000000000E+00          0.0000000000E+00          
2022-10-17                19:23:44.388              289.47481931              6947.395663               1666034624.388            2                         899                       3.9949730189E+01          4.1938653583E+01          5.3164644586E+02          5.5998194132E+02          4.3508796896E+00          7.3629057504E+02          3.7081467635E+01          -1.3588275420E+00         4.1371398926E+01          1.9089439721E+01          0.0000000000E+00          0.0000000000E+00          0.0000000000E+00          0.0000000000E+00          0.0000000000E+00          
2022-10-17                19:23:52.920              289.47491806              6947.398033               1666034632.920            0                         899                       4.1624243579E+01          4.0836323436E+01          5.3165613091E+02          5.2093181334E+02          -1.7701459294E+00         7.3630679948E+02          3.7083641659E+01          -1.3241940887E+00         4.1371398926E+01          1.9094546299E+01          0.0000000000E+00          0.0000000000E+00          0.0000000000E+00          0.0000000000E+00          0.0000000000E+00          
2022-10-17                19:24:01.611              289.47501866              6947.400448               1666034641.612            0                         899                       4.1625010050E+01          4.0837069098E+01          5.2733072883E+02          5.1669357630E+02          -1.7701603556E+00         7.3627746137E+02          3.7085721098E+01          -1.3159372270E+00         4.1371398926E+01          1.9095111329E+01          0.0000000000E+00          0.0000000000E+00          0.0000000000E+00          0.0000000000E+00          0.0000000000E+00          
2022-10-17                19:24:10.118              289.47511711              6947.402811               1666034650.118            0                         899                       4.1625394413E+01          4.0695801072E+01          5.2734022659E+02          5.1479352145E+02          -2.0956410853E+00         7.3626750496E+02          3.7087870061E+01          -1.3058048384E+00         4.1371398926E+01          1.9093783372E+01          0.0000000000E+00          0.0000000000E+00          0.0000000000E+00          0.0000000000E+00          0.0000000000E+00          
2022-10-17                19:24:18.088              289.47520935              6947.405024               1666034658.088            0                         899                       4.1626496801E+01          4.0696868188E+01          5.2562799642E+02          5.1312188629E+02          -2.0956656490E+00         7.3625770741E+02          3.7090860784E+01          -1.3362344069E+00         4.1427471287E+01          1.9094927643E+01          0.0000000000E+00          0.0000000000E+00          0.0000000000E+00          0.0000000000E+00          0.0000000000E+00          
2022-10-17                19:24:26.250              289.47530383              6947.407292               1666034666.251            0                         899                       4.2065189034E+01          4.1151017136E+01          5.2563949502E+02          5.1346882219E+02          -2.0380779710E+00         7.3625953280E+02          3.7093470138E+01          -1.3215531955E+00         4.1406031855E+01          1.9094272272E+01          0.0000000000E+00          0.0000000000E+00          0.0000000000E+00          0.0000000000E+00          0.0000000000E+00          
2022-10-17                19:24:34.187              289.47539568              6947.409496               1666034674.187            0                         899                       4.2066114870E+01          4.1151914139E+01          5.2128825162E+02          5.0921821275E+02          -2.0380978243E+00         7.3627268366E+02          3.7095955602E+01          -1.3206693045E+00         4.1371398926E+01          1.9094207461E+01          0.0000000000E+00          0.0000000000E+00          0.0000000000E+00          0.0000000000E+00          0.0000000000E+00          
2022-10-17                19:24:42.721              289.47549447              6947.411867               1666034682.722            0                         899                       4.1575657876E+01          4.2093274674E+01          5.2129959083E+02          5.2823021107E+02          1.1281559835E+00          7.3627831748E+02          3.7098549799E+01          -1.3153982952E+00         4.1371398926E+01          1.9094997103E+01          0.0000000000E+00          0.0000000000E+00          0.0000000000E+00          0.0000000000E+00          0.0000000000E+00          
2022-10-17                19:24:50.971              289.47558995              6947.414159               1666034690.972            0                         899                       4.1576498273E+01          4.2094130224E+01          5.1624969738E+02          5.2311324206E+02          1.1281660768E+00          7.3625405176E+02          3.7100832554E+01          -1.3320089776E+00         4.1371398926E+01          1.9092650294E+01          0.0000000000E+00          0.0000000000E+00          0.0000000000E+00          0.0000000000E+00          0.0000000000E+00          
2022-10-17                19:24:59.131              289.47568439              6947.416425               1666034699.131            0                         899                       4.1469599851E+01          4.1469601430E+01          5.1625805971E+02          5.1625808067E+02          3.4914993752E-06          7.3623949225E+02          3.7102763650E+01          -1.3268996532E+00         4.1371398926E+01          1.9091469733E+01          0.0000000000E+00          0.0000000000E+00          0.0000000000E+00          0.0000000000E+00          0.0000000000E+00          
2022-10-17                19:25:07.413              289.47578024              6947.418726               1666034707.413            0                         899                       4.1470509040E+01          4.1470510619E+01          5.1743749241E+02          5.1743751343E+02          3.4915332570E-06          7.3625663343E+02          3.7105239616E+01          -1.3238598937E+00         4.1371398926E+01          1.9091874988E+01          0.0000000000E+00          0.0000000000E+00          0.0000000000E+00          0.0000000000E+00          0.0000000000E+00          
2022-10-17                19:25:15.316              289.47587172              6947.420921               1666034715.317            0                         899                       4.2399371685E+01          4.1280118993E+01          5.1744875323E+02          5.0290012105E+02          -2.4874863667E+00         7.3623775699E+02          3.7107834418E+01          -1.4278680741E+00         4.1371398926E+01          1.9084431996E+01          0.0000000000E+00          0.0000000000E+00          0.0000000000E+00          0.0000000000E+00          0.0000000000E+00          
2022-10-17                19:25:23.467              289.47596605              6947.423185               1666034723.467            0                         899                       4.2400361997E+01          4.1281071897E+01          5.1591391168E+02          5.0140828749E+02          -2.4875120821E+00         7.3626071349E+02          3.7110472067E+01          -1.3092325855E+00         4.1371398926E+01          1.9086461427E+01          0.0000000000E+00          0.0000000000E+00          0.0000000000E+00          0.0000000000E+00          0.0000000000E+00          
2022-10-17                19:25:32.473              289.47607030              6947.425687               1666034732.474            2                         899                       3.8581496479E+01          3.9808679887E+01          5.1592375749E+02          5.3347045075E+02          2.8281679797E+00          7.3624173358E+02          3.7112747344E+01          -1.3252504385E+00         4.1371398926E+01          1.9086883595E+01          0.0000000000E+00          0.0000000000E+00          0.0000000000E+00          0.0000000000E+00          0.0000000000E+00          
2022-10-17                19:25:41.183              289.47617110              6947.428106               1666034741.183            2                         899                       3.8582280471E+01          3.9809500207E+01          5.1579647965E+02          5.3333900735E+02          2.8281934221E+00          7.3624166082E+02          3.7115042630E+01          -1.3055029894E+00         4.1371398926E+01          1.9092027614E+01          0.0000000000E+00          0.0000000000E+00          0.0000000000E+00          0.0000000000E+00          0.0000000000E+00          
2022-10-17                19:25:48.641              289.47625742              6947.430178               1666034748.641            0                         899                       3.7489919526E+01          3.7707890996E+01          5.1580511614E+02          5.1900617124E+02          5.3032355027E-01          7.3624277198E+02          3.7117038803E+01          -1.3070336312E+00         4.1371398926E+01          1.9093866462E+01          0.0000000000E+00          0.0000000000E+00          0.0000000000E+00          0.0000000000E+00          0.0000000000E+00          
2022-10-17                19:25:55.596              289.47633793              6947.432110               1666034755.597            0                         899                       3.7490382865E+01          3.7708358229E+01          5.1810660162E+02          5.2132195730E+02          5.3032645219E-01          7.3625391716E+02          3.7118434931E+01          -1.3027650978E+00         4.1371398926E+01          1.9094939794E+01          0.0000000000E+00          0.0000000000E+00          0.0000000000E+00          0.0000000000E+00          0.0000000000E+00          
2022-10-17                19:26:04.532              289.47644135              6947.434592               1666034764.533            0                         899                       4.1048631802E+01          4.1247338662E+01          5.1811732792E+02          5.2079425368E+02          4.4196759661E-01          7.3623625860E+02          3.7120903419E+01          -1.3258001575E+00         4.1371398926E+01          1.9092216151E+01          0.0000000000E+00          0.0000000000E+00          0.0000000000E+00          0.0000000000E+00          0.0000000000E+00          
2022-10-17                19:26:12.640              289.47653519              6947.436844               1666034772.640            0                         899                       4.1049598986E+01          4.1248312611E+01          5.1954085371E+02          5.2222516247E+02          4.4197220633E-01          7.3623234952E+02          3.7123564512E+01          -1.3036705508E+00         4.1371398926E+01          1.9088798220E+01          0.0000000000E+00          0.0000000000E+00          0.0000000000E+00          0.0000000000E+00          0.0000000000E+00          
2022-10-17                19:26:20.279              289.47662360              6947.438966               1666034780.279            0                         899                       3.9219628066E+01          3.8170803144E+01          5.1955238437E+02          5.0475431834E+02          -2.5208395439E+00         7.3622323588E+02          3.7126211255E+01          -1.3281931577E+00         4.1371398926E+01          1.9091083666E+01          0.0000000000E+00          0.0000000000E+00          0.0000000000E+00          0.0000000000E+00          0.0000000000E+00          
2022-10-17                19:26:28.914              289.47672355              6947.441365               1666034788.915            0                         899                       3.9220442855E+01          3.8171586754E+01          5.2300406886E+02          5.0810755768E+02          -2.5208627293E+00         7.3622240726E+02          3.7128557875E+01          -1.3167672434E+00         4.1371398926E+01          1.9092876801E+01          0.0000000000E+00          0.0000000000E+00          0.0000000000E+00          0.0000000000E+00          0.0000000000E+00          
2022-10-17                19:26:37.424              289.47682205              6947.443729               1666034797.425            0                         899                       2.8809039888E+01          2.8929122281E+01          5.2301218761E+02          5.2533886853E+02          3.8081809772E-01          7.3621156645E+02          3.7130409544E+01          -1.3054383377E+00         4.1371398926E+01          1.9093458643E+01          0.0000000000E+00          0.0000000000E+00          0.0000000000E+00          0.0000000000E+00          0.0000000000E+00          
2022-10-17                19:26:45.226              289.47691235              6947.445896               1666034805.227            0                         899                       2.8809266599E+01          2.8929350357E+01          5.2286064373E+02          5.2518665863E+02          3.8081942563E-01          7.3620280770E+02          3.7131299202E+01          -1.3378405121E+00         4.1371398926E+01          1.9092433159E+01          0.0000000000E+00          0.0000000000E+00          0.0000000000E+00          0.0000000000E+00          0.0000000000E+00          
2022-10-17                19:26:52.743              289.47699935              6947.447984               1666034812.744            0                         899                       2.3120073055E+01          2.3120073941E+01          5.2286503866E+02          5.2286506004E+02          3.5159533261E-06          7.3619121829E+02          3.7132301836E+01          -1.3132101329E+00         4.1371398926E+01          1.9093542503E+01          0.0000000000E+00          0.0000000000E+00          0.0000000000E+00          0.0000000000E+00          0.0000000000E+00          
2022-10-17                19:27:00.003              289.47708338              6947.450001               1666034820.004            0                         899                       2.3120406665E+01          2.3120407551E+01          5.2489631733E+02          5.2489633879E+02          3.5159758245E-06          7.3625398345E+02          3.7133934425E+01          -1.3108818263E+00         4.1371398926E+01          1.9094138000E+01          0.0000000000E+00          0.0000000000E+00          0.0000000000E+00          0.0000000000E+00          0.0000000000E+00          
2022-10-17                19:27:07.989              289.47717580              6947.452219               1666034827.989            0                         899                       2.1455025300E+01          2.1455026081E+01          5.2490303799E+02          5.2490305839E+02          3.3413626520E-06          7.3619908860E+02          3.7135461921E+01          -1.3048023664E+00         4.1371398926E+01          1.9095166781E+01          0.0000000000E+00          0.0000000000E+00          0.0000000000E+00          0.0000000000E+00          0.0000000000E+00          
2022-10-17                19:27:15.198              289.47725925              6947.454222               1666034835.199            0                         899                       2.1455392407E+01          2.1455393188E+01          5.2619598258E+02          5.2619600302E+02          3.3413880141E-06          7.3618918918E+02          3.7137398473E+01          -1.3278913427E+00         4.1371398926E+01          1.9090727977E+01          0.0000000000E+00          0.0000000000E+00          0.0000000000E+00          0.0000000000E+00          0.0000000000E+00          
2022-10-17                19:27:22.201              289.47734030              6947.456167               1666034842.202            0                         899                       2.0976077990E+01          2.0682706397E+01          5.2620535685E+02          5.1836030807E+02          -1.3013202686E+00         7.3619089857E+02          3.7139523992E+01          -1.3204321656E+00         4.1371398926E+01          1.9094715321E+01          0.0000000000E+00          0.0000000000E+00          0.0000000000E+00          0.0000000000E+00          0.0000000000E+00          
2022-10-17                19:27:29.216              289.47742148              6947.458116               1666034849.216            0                         899                       2.0976688585E+01          2.0683304717E+01          5.2738974532E+02          5.1952693880E+02          -1.3013370745E+00         7.3620434570E+02          3.7142818880E+01          -1.3039076991E+00         4.1371398926E+01          1.9094751409E+01          0.0000000000E+00          0.0000000000E+00          0.0000000000E+00          0.0000000000E+00          0.0000000000E+00          
2022-10-17                19:27:36.513              289.47750595              6947.460143               1666034856.514            0                         899                       1.8463895653E+01          1.8351030890E+01          5.2739723530E+02          5.2395889905E+02          -5.6424979470E-01         7.3619170981E+02          3.7144513515E+01          -1.3131238735E+00         4.1371398926E+01          1.9094458346E+01          0.0000000000E+00          0.0000000000E+00          0.0000000000E+00          0.0000000000E+00          0.0000000000E+00          
2022-10-17                19:27:43.490              289.47758670              6947.462081               1666034863.491            0                         899                       1.8464337704E+01          1.8351469046E+01          5.2672569082E+02          5.2329169641E+02          -5.6425579179E-01         7.3622337695E+02          3.7147225134E+01          -1.3273523691E+00         4.1371398926E+01          1.9092948067E+01          0.0000000000E+00          0.0000000000E+00          0.0000000000E+00          0.0000000000E+00          0.0000000000E+00          
2022-10-17                19:27:50.694              289.47767008              6947.464082               1666034870.695            0                         899                       1.4599428268E+01          1.4599428802E+01          5.2673077428E+02          5.2673079484E+02          3.3572424317E-06          7.3620406680E+02          3.7148376717E+01          -1.3472399088E+00         4.1371398926E+01          1.9084377428E+01          0.0000000000E+00          0.0000000000E+00          0.0000000000E+00          0.0000000000E+00          0.0000000000E+00          
2022-10-17                19:27:57.301              289.47774654              6947.465917               1666034877.301            0                         899                       1.4599554394E+01          1.4599554928E+01          5.2337924276E+02          5.2337926320E+02          3.3572553249E-06          7.3617944983E+02          3.7149356514E+01          -1.3216501830E+00         4.1371398926E+01          1.9092397778E+01          0.0000000000E+00          0.0000000000E+00          0.0000000000E+00          0.0000000000E+00          0.0000000000E+00          
2022-10-17                19:28:04.388              289.47782856              6947.467886               1666034884.388            0                         899                       1.5750193945E+01          1.6075102722E+01          5.2339369236E+02          5.3492975644E+02          1.8543050795E+00          7.3616305926E+02          3.7152649987E+01          -1.3132424433E+00         4.1401084294E+01          1.9094436671E+01          0.0000000000E+00          0.0000000000E+00          0.0000000000E+00          0.0000000000E+00          0.0000000000E+00          
2022-10-17                19:28:11.578              289.47791179              6947.469883               1666034891.579            0                         899                       1.5750493190E+01          1.6075410939E+01          5.2007966621E+02          5.3154278510E+02          1.8543207338E+00          7.3617413168E+02          3.7154803800E+01          -1.3648962051E+00         4.1371398926E+01          1.9084975401E+01          0.0000000000E+00          0.0000000000E+00          0.0000000000E+00          0.0000000000E+00          0.0000000000E+00          
2022-10-17                19:28:19.052              289.47799830              6947.471959               1666034899.053            0                         899                       1.5329241747E+01          1.5173177948E+01          5.2008919497E+02          5.1444351138E+02          -9.4362432193E-01         7.3617109690E+02          3.7156988940E+01          -1.3248192782E+00         4.1415926977E+01          1.9093809696E+01          0.0000000000E+00          0.0000000000E+00          0.0000000000E+00          0.0000000000E+00          0.0000000000E+00          
2022-10-17                19:28:26.694              289.47808674              6947.474082               1666034906.694            0                         899                       1.5329559394E+01          1.5173490938E+01          5.1633666211E+02          5.1073166203E+02          -9.4363301181E-01         7.3618081039E+02          3.7159338389E+01          -1.3600455846E+00         4.1508281455E+01          1.9086013402E+01          0.0000000000E+00          0.0000000000E+00          0.0000000000E+00          0.0000000000E+00          0.0000000000E+00          
2022-10-17                19:28:34.315              289.47817494              6947.476199               1666034914.315            0                         899                       1.5398717538E+01          1.5353901311E+01          5.1634902127E+02          5.1474591369E+02          -2.6778734163E-01         7.3617876712E+02          3.7162192288E+01          -1.3217041098E+00         4.1551160320E+01          1.9094250521E+01          0.0000000000E+00          0.0000000000E+00          0.0000000000E+00          0.0000000000E+00          0.0000000000E+00          
2022-10-17                19:28:42.371              289.47826819              6947.478437               1666034922.372            0                         899                       1.5399006682E+01          1.5354189241E+01          5.1033567620E+02          5.0875122506E+02          -2.6778957627E-01         7.3617013085E+02          3.7164321243E+01          -1.3073354754E+00         4.1620426178E+01          1.9094677338E+01          0.0000000000E+00          0.0000000000E+00          0.0000000000E+00          0.0000000000E+00          0.0000000000E+00          
2022-10-17                19:28:49.736              289.47835344              6947.480482               1666034929.737            0                         899                       1.5529887033E+01          1.5532205258E+01          5.1034532065E+02          5.1042660536E+02          1.3692912941E-02          7.3617366038E+02          3.7166573682E+01          -1.3084672729E+00         4.1620426178E+01          1.9093709352E+01          0.0000000000E+00          0.0000000000E+00          0.0000000000E+00          0.0000000000E+00          0.0000000000E+00          
2022-10-17                19:28:57.180              289.47843959              6947.482550               1666034937.181            0                         899                       1.5530177545E+01          1.5532495832E+01          5.0504708525E+02          5.0512752676E+02          1.3693026773E-02          7.3616448813E+02          3.7168694553E+01          -1.3123908888E+00         4.1620426178E+01          1.9094400772E+01          0.0000000000E+00          0.0000000000E+00          0.0000000000E+00          0.0000000000E+00          0.0000000000E+00          
2022-10-17                19:29:04.729              289.47852696              6947.484647               1666034944.729            0                         899                       1.4414819448E+01          1.4428315253E+01          5.0505492208E+02          5.0555947723E+02          8.5813709018E-02          7.3614736797E+02          3.7170543191E+01          -1.3579005224E+00         4.1620426178E+01          1.9089213757E+01          0.0000000000E+00          0.0000000000E+00          0.0000000000E+00          0.0000000000E+00          0.0000000000E+00          
2022-10-17                19:29:11.839              289.47860926              6947.486622               1666034951.840            0                         899                       1.4414949663E+01          1.4428445644E+01          5.0054915842E+02          5.0104921428E+02          8.5814053681E-02          7.3611762930E+02          3.7171567854E+01          -1.3217256227E+00         4.1620426178E+01          1.9093158242E+01          0.0000000000E+00          0.0000000000E+00          0.0000000000E+00          0.0000000000E+00          0.0000000000E+00          
2022-10-17                19:29:18.881              289.47869076              6947.488578               1666034958.882            0                         899                       1.4801113840E+01          1.4807053798E+01          5.0055770623E+02          5.0077204857E+02          3.6803418606E-02          7.3610622542E+02          3.7173601618E+01          -1.3308663716E+00         4.1620426178E+01          1.9092383113E+01          0.0000000000E+00          0.0000000000E+00          0.0000000000E+00          0.0000000000E+00          0.0000000000E+00          
2022-10-17                19:29:25.469              289.47876700              6947.490408               1666034965.469            0                         899                       1.4801330362E+01          1.4807270445E+01          4.9694287650E+02          4.9715567232E+02          3.6803657944E-02          7.3611068422E+02          3.7175260683E+01          -1.3021075694E+00         4.1620426178E+01          1.9094390920E+01          0.0000000000E+00          0.0000000000E+00          0.0000000000E+00          0.0000000000E+00          0.0000000000E+00          
2022-10-17                19:29:33.016              289.47885435              6947.492504               1666034973.016            0                         899                       1.4510892246E+01          1.4423142421E+01          4.9695380618E+02          4.9374867707E+02          -5.5816148971E-01         7.3609505114E+02          3.7177879333E+01          -1.3151934818E+00         4.1620426178E+01          1.9095230860E+01          0.0000000000E+00          0.0000000000E+00          0.0000000000E+00          0.0000000000E+00          0.0000000000E+00          
2022-10-17                19:29:39.908              289.47893413              6947.494419               1666034979.909            0                         899                       1.4511113672E+01          1.4423361916E+01          4.9461817986E+02          4.9142809299E+02          -5.5816527651E-01         7.3610331716E+02          3.7179610145E+01          -1.3055676909E+00         4.1620426178E+01          1.9094496190E+01          0.0000000000E+00          0.0000000000E+00          0.0000000000E+00          0.0000000000E+00          0.0000000000E+00          
2022-10-17                19:29:47.661              289.47902387              6947.496573               1666034987.662            0                         899                       1.4627237287E+01          1.4537685284E+01          4.9462665881E+02          4.9139693264E+02          -5.6513674636E-01         7.3610048812E+02          3.7181650781E+01          -1.3332701258E+00         4.1620426178E+01          1.9091816062E+01          0.0000000000E+00          0.0000000000E+00          0.0000000000E+00          0.0000000000E+00          0.0000000000E+00          
2022-10-17                19:29:54.785              289.47910631              6947.498551               1666034994.785            0                         899                       1.4627470611E+01          1.4537916547E+01          4.9372836173E+02          4.9050447839E+02          -5.6514075422E-01         7.3610767693E+02          3.7183460008E+01          -1.3201734657E+00         4.1620426178E+01          1.9093799629E+01          0.0000000000E+00          0.0000000000E+00          0.0000000000E+00          0.0000000000E+00          0.0000000000E+00          
2022-10-17                19:30:02.311              289.47919341              6947.500642               1666035002.311            0                         899                       1.4430374721E+01          1.4343356723E+01          4.9373787690E+02          4.9056242321E+02          -5.5658537591E-01         7.3615583448E+02          3.7185753879E+01          -1.3153875016E+00         4.1620426178E+01          1.9094121958E+01          0.0000000000E+00          0.0000000000E+00          0.0000000000E+00          0.0000000000E+00          0.0000000000E+00          
2022-10-17                19:30:09.362              289.47927503              6947.502601               1666035009.363            0                         899                       1.4430687465E+01          1.4343666748E+01          4.9156817985E+02          4.8840665019E+02          -5.5659073944E-01         7.3615337771E+02          3.7188212262E+01          -1.3195590176E+00         4.1620426178E+01          1.9091813410E+01          0.0000000000E+00          0.0000000000E+00          0.0000000000E+00          0.0000000000E+00          0.0000000000E+00          
2022-10-17                19:30:17.176              289.47936546              6947.504771               1666035017.176            0                         899                       1.2339868984E+01          1.2579438452E+01          4.9157914757E+02          5.0177521351E+02          1.7472044062E+00          7.3611560827E+02          3.7190867696E+01          -1.3839106370E+00         4.1620426178E+01          1.9087808975E+01          0.0000000000E+00          0.0000000000E+00          0.0000000000E+00          0.0000000000E+00          0.0000000000E+00          
2022-10-17                19:30:24.609              289.47945150              6947.506836               1666035024.610            0                         899                       1.2340113065E+01          1.2579689422E+01          4.8851056750E+02          4.9864307769E+02          1.7472197898E+00          7.3611504278E+02          3.7193113870E+01          -1.3574478026E+00         4.1620426178E+01          1.9084043503E+01          0.0000000000E+00          0.0000000000E+00          0.0000000000E+00          0.0000000000E+00          0.0000000000E+00          
2022-10-17                19:30:31.631              289.47953278              6947.508787               1666035031.632            0                         899                       1.1209928421E+01          1.1243647193E+01          4.8851859369E+02          4.9008675498E+02          2.7513006327E-01          7.3612758207E+02          3.7195068814E+01          -1.3086720658E+00         4.1620426178E+01          1.9094634808E+01          0.0000000000E+00          0.0000000000E+00          0.0000000000E+00          0.0000000000E+00          0.0000000000E+00          
2022-10-17                19:30:38.525              289.47961256              6947.510701               1666035038.525            0                         899                       1.1210135527E+01          1.1243855201E+01          4.9101969126E+02          4.9259589417E+02          2.7513232771E-01          7.3613042404E+02          3.7197168464E+01          -1.3190093056E+00         4.1620426178E+01          1.9094181389E+01          0.0000000000E+00          0.0000000000E+00          0.0000000000E+00          0.0000000000E+00          0.0000000000E+00          
2022-10-17                19:30:45.203              289.47968986              6947.512557               1666035045.204            0                         899                       1.1136125933E+01          1.1147235242E+01          4.9102673788E+02          4.9154942313E+02          9.1430973591E-02          7.3614126607E+02          3.7198876438E+01          -1.3116471357E+00         4.1620426178E+01          1.9094732082E+01          0.0000000000E+00          0.0000000000E+00          0.0000000000E+00          0.0000000000E+00          0.0000000000E+00          
2022-10-17                19:30:52.049              289.47976909              6947.514458               1666035052.049            0                         899                       1.1136329504E+01          1.1147439106E+01          4.9283572425E+02          4.9336033940E+02          9.1431718217E-02          7.3613062898E+02          3.7200954058E+01          -1.3186751399E+00         4.1620426178E+01          1.9093215361E+01          0.0000000000E+00          0.0000000000E+00          0.0000000000E+00          0.0000000000E+00          0.0000000000E+00          
2022-10-17                19:30:58.642              289.47984541              6947.516290               1666035058.643            0                         899                       1.0793738296E+01          1.0753890937E+01          4.9284426861E+02          4.9090345770E+02          -3.3994403119E-01         7.3610683901E+02          3.7203017532E+01          -1.3649824566E+00         4.1620426178E+01          1.9091605723E+01          0.0000000000E+00          0.0000000000E+00          0.0000000000E+00          0.0000000000E+00          0.0000000000E+00          
2022-10-17                19:31:05.059              289.47991968              6947.518072               1666035065.060            0                         899                       1.0793892552E+01          1.0754044370E+01          4.9179640375E+02          4.8985970702E+02          -3.3994619621E-01         7.3608819701E+02          3.7204642239E+01          -1.3749639522E+00         4.1620426178E+01          1.9083545003E+01          0.0000000000E+00          0.0000000000E+00          0.0000000000E+00          0.0000000000E+00          0.0000000000E+00          
2022-10-17                19:31:12.144              289.48000168              6947.520040               1666035072.145            0                         899                       1.0838405997E+01          1.0883892524E+01          4.9180541480E+02          4.9400827011E+02          3.8341759359E-01          7.3608934658E+02          3.7206823134E+01          -1.3300256263E+00         4.1620426178E+01          1.9092836317E+01          0.0000000000E+00          0.0000000000E+00          0.0000000000E+00          0.0000000000E+00          0.0000000000E+00          
2022-10-17                19:31:19.601              289.48008797              6947.522111               1666035079.601            0                         899                       1.0838619587E+01          1.0884107412E+01          4.9179656587E+02          4.9399940097E+02          3.8342096076E-01          7.3608190595E+02          3.7209063448E+01          -1.3658016486E+00         4.1620426178E+01          1.9084518041E+01          0.0000000000E+00          0.0000000000E+00          0.0000000000E+00          0.0000000000E+00          0.0000000000E+00          
2022-10-17                19:31:26.790              289.48017119              6947.524109               1666035086.791            0                         899                       9.7556042789E+00          9.7874119233E+00          4.9180530404E+02          4.9351657428E+02          2.9815159845E-01          7.3607963229E+02          3.7211178255E+01          -1.4080991200E+00         4.1620426178E+01          1.9074768370E+01          0.0000000000E+00          0.0000000000E+00          0.0000000000E+00          0.0000000000E+00          0.0000000000E+00          
2022-10-17                19:31:33.441              289.48024817              6947.525956               1666035093.442            0                         899                       9.7557617425E+00          9.7875701300E+00          4.9113549879E+02          4.9284445075E+02          2.9815374512E-01          7.3609425930E+02          3.7213014969E+01          -1.3323754570E+00         4.1620426178E+01          1.9093702127E+01          0.0000000000E+00          0.0000000000E+00          0.0000000000E+00          0.0000000000E+00          0.0000000000E+00          
2022-10-17                19:31:39.426              289.48031743              6947.527618               1666035099.426            0                         899                       8.8128238077E+00          8.7907478034E+00          4.9114196562E+02          4.8982948534E+02          -2.3039240052E-01         7.3608313756E+02          3.7214582077E+01          -1.3080792245E+00         4.1620426178E+01          1.9094513091E+01          0.0000000000E+00          0.0000000000E+00          0.0000000000E+00          0.0000000000E+00          0.0000000000E+00          
2022-10-17                19:31:46.431              289.48039852              6947.529564               1666035106.432            0                         899                       8.8129668292E+00          8.7908903071E+00          4.9233838622E+02          4.9102269923E+02          -2.3039407011E-01         7.3608722934E+02          3.7216430715E+01          -1.3243665466E+00         4.1620426178E+01          1.9092846258E+01          0.0000000000E+00          0.0000000000E+00          0.0000000000E+00          0.0000000000E+00          0.0000000000E+00          
2022-10-17                19:31:53.471              289.48048000              6947.531520               1666035113.472            0                         899                       7.7128688548E+00          7.6996725224E+00          4.9234730670E+02          4.9144861171E+02          -1.5723690701E-01         7.3607908459E+02          3.7218587357E+01          -1.3058695130E+00         4.1620426178E+01          1.9093534924E+01          0.0000000000E+00          0.0000000000E+00          0.0000000000E+00          0.0000000000E+00          0.0000000000E+00          
2022-10-17                19:32:00.204              289.48055793              6947.533390               1666035120.205            0                         899                       7.7129935062E+00          7.6997968654E+00          4.9107176551E+02          4.9017539234E+02          -1.5723804348E-01         7.3609058345E+02          3.7220431145E+01          -1.3738213683E+00         4.1620426178E+01          1.9090878367E+01          0.0000000000E+00          0.0000000000E+00          0.0000000000E+00          0.0000000000E+00          0.0000000000E+00          
2022-10-17                19:32:06.790              289.48063416              6947.535220               1666035126.791            0                         899                       6.2637184009E+00          6.2499389501E+00          4.9108028547E+02          4.8992778418E+02          -2.0226914379E-01         7.3606505337E+02          3.7222496235E+01          -1.3085211729E+00         4.1620426178E+01          1.9093365928E+01          0.0000000000E+00          0.0000000000E+00          0.0000000000E+00          0.0000000000E+00          0.0000000000E+00          
2022-10-17                19:32:13.408              289.48071075              6947.537058               1666035133.409            0                         899                       6.2638261728E+00          6.2500463788E+00          4.9084012929E+02          4.8968818275E+02          -2.0227070462E-01         7.3606724619E+02          3.7224464720E+01          -1.3200440786E+00         4.1620426178E+01          1.9091651133E+01          0.0000000000E+00          0.0000000000E+00          0.0000000000E+00          0.0000000000E+00          0.0000000000E+00          
2022-10-17                19:32:19.664              289.48078316              6947.538796               1666035139.665            0                         899                       6.0177794064E+00          6.0191794917E+00          4.9084717137E+02          4.9096902109E+02          2.1339818107E-02          7.3606435975E+02          3.7226172289E+01          -1.3101703789E+00         4.1620426178E+01          1.9095440808E+01          0.0000000000E+00          0.0000000000E+00          0.0000000000E+00          0.0000000000E+00          0.0000000000E+00          
2022-10-17                19:32:26.436              289.48086153              6947.540677               1666035146.436            0                         899                       6.0178694854E+00          6.0192696011E+00          4.8964528885E+02          4.8976684102E+02          2.1339961459E-02          7.3607803607E+02          3.7227885922E+01          -1.3303381947E+00         4.1620426178E+01          1.9093692300E+01          0.0000000000E+00          0.0000000000E+00          0.0000000000E+00          0.0000000000E+00          0.0000000000E+00          
2022-10-17                19:32:33.558              289.48094396              6947.542655               1666035153.558            0                         899                       6.0598098540E+00          6.0595684578E+00          4.8965395379E+02          4.8963314184E+02          -3.6547879276E-03         7.3606635168E+02          3.7229992039E+01          -1.3187290375E+00         4.1620426178E+01          1.9093880887E+01          0.0000000000E+00          0.0000000000E+00          0.0000000000E+00          0.0000000000E+00          0.0000000000E+00          
2022-10-17                19:32:40.207              289.48102091              6947.544502               1666035160.207            0                         899                       6.0599048294E+00          6.0596634278E+00          4.8947846435E+02          4.8945765972E+02          -3.6548136316E-03         7.3605304966E+02          3.7231786109E+01          -1.3543649422E+00         4.1620426178E+01          1.9085863139E+01          0.0000000000E+00          0.0000000000E+00          0.0000000000E+00          0.0000000000E+00          0.0000000000E+00          
2022-10-17                19:32:46.868              289.48109802              6947.546352               1666035166.869            0                         899                       5.9097903640E+00          5.8961503129E+00          4.8948678238E+02          4.8828154947E+02          -2.1223692885E-01         7.3600977816E+02          3.7233808353E+01          -1.3150533430E+00         4.1620426178E+01          1.9092581389E+01          0.0000000000E+00          0.0000000000E+00          0.0000000000E+00          0.0000000000E+00          0.0000000000E+00          
2022-10-17                19:32:53.157              289.48117080              6947.548099               1666035173.157            0                         899                       5.9098817409E+00          5.8962413844E+00          4.8676335611E+02          4.8556482063E+02          -2.1223840201E-01         7.3601355425E+02          3.7235578979E+01          -1.3052227355E+00         4.1620426178E+01          1.9091476718E+01          0.0000000000E+00          0.0000000000E+00          0.0000000000E+00          0.0000000000E+00          0.0000000000E+00          
2022-10-17                19:32:59.138              289.48124003              6947.549761               1666035179.139            0                         899                       5.4543367544E+00          5.4595683184E+00          4.8676883767E+02          4.8726702592E+02          8.7911712994E-02          7.3599769158E+02          3.7236918923E+01          -1.3076264929E+00         4.1620426178E+01          1.9093151093E+01          0.0000000000E+00          0.0000000000E+00          0.0000000000E+00          0.0000000000E+00          0.0000000000E+00          
2022-10-17                19:33:05.009              289.48130799              6947.551392               1666035185.010            0                         899                       5.4543973466E+00          5.4596289949E+00          4.8631813576E+02          4.8681586523E+02          8.7912152001E-02          7.3599061837E+02          3.7238192779E+01          -1.3040478230E+00         4.1620426178E+01          1.9093728299E+01          0.0000000000E+00          0.0000000000E+00          0.0000000000E+00          0.0000000000E+00          0.0000000000E+00          
2022-10-17                19:33:11.079              289.48137824              6947.553078               1666035191.080            0                         899                       5.1836086216E+00          5.1810771703E+00          4.8632564320E+02          4.8607224498E+02          -4.4825280530E-02         7.3599660790E+02          3.7240029493E+01          -1.3111836168E+00         4.1620426178E+01          1.9093768530E+01          0.0000000000E+00          0.0000000000E+00          0.0000000000E+00          0.0000000000E+00          0.0000000000E+00          
2022-10-17                19:33:17.240              289.48144955              6947.554789               1666035197.241            0                         899                       5.1836901143E+00          5.1811586053E+00          4.8442248322E+02          4.8417007485E+02          -4.4825597601E-02         7.3599844219E+02          3.7241833870E+01          -1.3059449535E+00         4.1620426178E+01          1.9093918819E+01          0.0000000000E+00          0.0000000000E+00          0.0000000000E+00          0.0000000000E+00          0.0000000000E+00          
2022-10-17                19:33:23.487              289.48152185              6947.556524               1666035203.488            0                         899                       4.8678874214E+00          4.8558359758E+00          4.8443138649E+02          4.8315196952E+02          -2.2769245399E-01         7.3598736330E+02          3.7244020222E+01          -1.3386812818E+00         4.1620426178E+01          1.9088531519E+01          0.0000000000E+00          0.0000000000E+00          0.0000000000E+00          0.0000000000E+00          0.0000000000E+00          
2022-10-17                19:33:30.072              289.48159806              6947.558353               1666035210.072            0                         899                       4.8679672240E+00          4.8559154921E+00          4.8169386365E+02          4.8042166729E+02          -2.2769413548E-01         7.3598680873E+02          3.7245904026E+01          -1.3325586958E+00         4.1620426178E+01          1.9091934684E+01          0.0000000000E+00          0.0000000000E+00          0.0000000000E+00          0.0000000000E+00          0.0000000000E+00          
2022-10-17                19:33:35.756              289.48166384              6947.559932               1666035215.756            0                         899                       4.7874742330E+00          4.7873501436E+00          4.8170174077E+02          4.8168841909E+02          -2.3780070354E-03         7.3600630036E+02          3.7247849067E+01          -1.3954443742E+00         4.1620426178E+01          1.9083163344E+01          0.0000000000E+00          0.0000000000E+00          0.0000000000E+00          0.0000000000E+00          0.0000000000E+00          
2022-10-17                19:33:41.937              289.48173539              6947.561649               1666035221.938            0                         899                       4.7875504857E+00          4.7874263934E+00          4.7959012882E+02          4.7957686544E+02          -2.3780241033E-03         7.3598875660E+02          3.7249679919E+01          -1.3224262946E+00         4.1663305043E+01          1.9089146785E+01          0.0000000000E+00          0.0000000000E+00          0.0000000000E+00          0.0000000000E+00          0.0000000000E+00          
2022-10-17                19:33:48.746              289.48181420              6947.563541               1666035228.747            0                         899                       4.7601459195E+00          4.7625869063E+00          4.7960068444E+02          4.7986310211E+02          4.7021449190E-02          7.3596725646E+02          3.7252297155E+01          -1.3357169976E+00         4.1620426178E+01          1.9091739187E+01          0.0000000000E+00          0.0000000000E+00          0.0000000000E+00          0.0000000000E+00          0.0000000000E+00          
2022-10-17                19:33:55.400              289.48189120              6947.565389               1666035235.400            0                         899                       4.7602102546E+00          4.7626512892E+00          4.7778342011E+02          4.7804484504E+02          4.7021735607E-02          7.3596541409E+02          3.7253850924E+01          -1.3632901023E+00         4.1620426178E+01          1.9086588613E+01          0.0000000000E+00          0.0000000000E+00          0.0000000000E+00          0.0000000000E+00          0.0000000000E+00          
