SN:3K60180500001583 BD:Jul 23 2018 VC:834b9c1 MD5:48f99e4865ed8b810be1bb0eaaabf929
SysTime,                      Time,         Batt_v,      Batt_v_sd,   BATT_PERCENT,BATT_PERCENT_sd,      [CH4]_ppm,   [CH4]_ppm_sd,      [H2O]_ppm,   [H2O]_ppm_sd,      [CO2]_ppm,   [CO2]_ppm_sd,     [CH4]d_ppm,  [CH4]d_ppm_sd,     [CO2]d_ppm,  [CO2]d_ppm_sd,      GasP_torr,   GasP_torr_sd,         GasT_C,      GasT_C_sd,         AmbT_C,      AmbT_C_sd,         RD0_us,      RD0_us_sd,         RD1_us,      RD1_us_sd, Temp_Status_mA,Temp_Status_mA_sd,Analyzer_Status_mA,Analyzer_Status_mA_sd,       Fit_Flag,      MIU_VALVE,       MIU_DESC
10/27/2022 18:36:02.198, 10/27/2022 18:36:02.030, 4.13562e+0, 0.00000e+0, -2.11237e+2, 0.00000e+0, 3.71493e-1, 0.00000e+0, -6.08456e+4, 0.00000e+0, -9.10506e+1, 0.00000e+0, 1.75093e-1, 0.00000e+0, -4.29141e+1, 0.00000e+0, 5.01985e+2, 0.00000e+0, 2.20242e+1, 0.00000e+0, 2.24474e+1, 0.00000e+0, 9.32433e-1, 0.00000e+0, 9.99214e-1, 0.00000e+0, 2.00000e+1, 0.00000e+0, 1.60000e+1, 0.00000e+0, 2, -1, Disabled
10/27/2022 18:36:03.116, 10/27/2022 18:36:03.024, 4.13990e+0, 0.00000e+0, 9.43809e+1, 0.00000e+0, 1.98049e+0, 0.00000e+0, 1.53669e+4, 0.00000e+0, -7.72476e+1, 0.00000e+0, 2.01140e+0, 0.00000e+0, -7.84532e+1, 0.00000e+0, 5.02350e+2, 0.00000e+0, 2.20841e+1, 0.00000e+0, 2.25740e+1, 0.00000e+0, 3.33180e+0, 0.00000e+0, 3.49068e+0, 0.00000e+0, 2.00000e+1, 0.00000e+0, 1.20000e+1, 0.00000e+0, 2, -1, Disabled
10/27/2022 18:36:04.104, 10/27/2022 18:36:04.018, 4.14080e+0, 0.00000e+0, 9.45132e+1, 0.00000e+0, 1.97875e+0, 0.00000e+0, 1.62360e+4, 0.00000e+0, -2.43290e+1, 0.00000e+0, 2.01141e+0, 0.00000e+0, -2.47305e+1, 0.00000e+0, 5.02407e+2, 0.00000e+0, 2.20058e+1, 0.00000e+0, 2.25957e+1, 0.00000e+0, 3.33223e+0, 0.00000e+0, 3.49250e+0, 0.00000e+0, 2.00000e+1, 0.00000e+0, 1.20000e+1, 0.00000e+0, 3, -1, Disabled
10/27/2022 18:36:05.085, 10/27/2022 18:36:05.014, 4.14109e+0, 0.00000e+0, 9.45565e+1, 0.00000e+0, 1.97919e+0, 0.00000e+0, 1.64232e+4, 0.00000e+0, 5.17866e+2, 0.00000e+0, 2.01224e+0, 0.00000e+0, 5.26513e+2, 0.00000e+0, 5.02496e+2, 0.00000e+0, 2.20018e+1, 0.00000e+0, 2.26064e+1, 0.00000e+0, 3.33215e+0, 0.00000e+0, 3.49508e+0, 0.00000e+0, 2.00000e+1, 0.00000e+0, 2.00000e+1, 0.00000e+0, 3, -1, Disabled
10/27/2022 18:36:06.063, 10/27/2022 18:36:06.007, 4.14103e+0, 0.00000e+0, 9.45472e+1, 0.00000e+0, 1.97886e+0, 0.00000e+0, 1.67833e+4, 0.00000e+0, 5.38039e+2, 0.00000e+0, 2.01264e+0, 0.00000e+0, 5.47224e+2, 0.00000e+0, 5.02490e+2, 0.00000e+0, 2.20495e+1, 0.00000e+0, 2.26086e+1, 0.00000e+0, 3.33236e+0, 0.00000e+0, 3.49496e+0, 0.00000e+0, 2.00000e+1, 0.00000e+0, 2.00000e+1, 0.00000e+0, 3, -1, Disabled
10/27/2022 18:36:07.079, 10/27/2022 18:36:07.002, 4.14139e+0, 0.00000e+0, 9.46006e+1, 0.00000e+0, 1.98196e+0, 0.00000e+0, 1.70055e+4, 0.00000e+0, 5.46790e+2, 0.00000e+0, 2.01625e+0, 0.00000e+0, 5.56250e+2, 0.00000e+0, 5.02475e+2, 0.00000e+0, 2.20161e+1, 0.00000e+0, 2.26107e+1, 0.00000e+0, 3.33228e+0, 0.00000e+0, 3.49523e+0, 0.00000e+0, 2.00000e+1, 0.00000e+0, 2.00000e+1, 0.00000e+0, 3, -1, Disabled
10/27/2022 18:36:08.064, 10/27/2022 18:36:07.997, 4.14162e+0, 0.00000e+0, 9.46341e+1, 0.00000e+0, 1.98305e+0, 0.00000e+0, 1.72519e+4, 0.00000e+0, 5.40897e+2, 0.00000e+0, 2.01786e+0, 0.00000e+0, 5.50393e+2, 0.00000e+0, 5.02409e+2, 0.00000e+0, 2.20160e+1, 0.00000e+0, 2.26122e+1, 0.00000e+0, 3.33233e+0, 0.00000e+0, 3.49455e+0, 0.00000e+0, 2.00000e+1, 0.00000e+0, 2.00000e+1, 0.00000e+0, 3, -1, Disabled
10/27/2022 18:36:09.045, 10/27/2022 18:36:08.991, 4.14133e+0, 0.00000e+0, 9.45909e+1, 0.00000e+0, 1.98230e+0, 0.00000e+0, 1.74410e+4, 0.00000e+0, 5.55492e+2, 0.00000e+0, 2.01749e+0, 0.00000e+0, 5.65353e+2, 0.00000e+0, 5.02353e+2, 0.00000e+0, 2.20805e+1, 0.00000e+0, 2.26389e+1, 0.00000e+0, 3.33242e+0, 0.00000e+0, 3.49397e+0, 0.00000e+0, 2.00000e+1, 0.00000e+0, 1.70000e+1, 0.00000e+0, 3, -1, Disabled
10/27/2022 18:36:10.043, 10/27/2022 18:36:09.986, 4.14085e+0, 0.00000e+0, 9.45208e+1, 0.00000e+0, 1.98089e+0, 0.00000e+0, 1.77857e+4, 0.00000e+0, 5.41745e+2, 0.00000e+0, 2.01676e+0, 0.00000e+0, 5.51554e+2, 0.00000e+0, 5.02338e+2, 0.00000e+0, 2.20395e+1, 0.00000e+0, 2.26523e+1, 0.00000e+0, 3.33203e+0, 0.00000e+0, 3.49540e+0, 0.00000e+0, 2.00000e+1, 0.00000e+0, 1.70000e+1, 0.00000e+0, 3, -1, Disabled
10/27/2022 18:36:11.034, 10/27/2022 18:36:10.980, 4.14131e+0, 0.00000e+0, 9.45883e+1, 0.00000e+0, 1.97852e+0, 0.00000e+0, 1.81374e+4, 0.00000e+0, 5.15284e+2, 0.00000e+0, 2.01507e+0, 0.00000e+0, 5.24802e+2, 0.00000e+0, 5.02401e+2, 0.00000e+0, 2.20294e+1, 0.00000e+0, 2.26702e+1, 0.00000e+0, 3.33258e+0, 0.00000e+0, 3.49504e+0, 0.00000e+0, 2.00000e+1, 0.00000e+0, 1.70000e+1, 0.00000e+0, 3, -1, Disabled
10/27/2022 18:36:12.030, 10/27/2022 18:36:11.976, 4.14052e+0, 0.00000e+0, 9.44715e+1, 0.00000e+0, 1.97949e+0, 0.00000e+0, 1.82569e+4, 0.00000e+0, 5.02798e+2, 0.00000e+0, 2.01631e+0, 0.00000e+0, 5.12148e+2, 0.00000e+0, 5.02482e+2, 0.00000e+0, 2.20476e+1, 0.00000e+0, 2.26752e+1, 0.00000e+0, 3.33270e+0, 0.00000e+0, 3.49491e+0, 0.00000e+0, 2.00000e+1, 0.00000e+0, 1.70000e+1, 0.00000e+0, 3, -1, Disabled
10/27/2022 18:36:13.047, 10/27/2022 18:36:12.971, 4.14173e+0, 0.00000e+0, 9.46499e+1, 0.00000e+0, 1.98304e+0, 0.00000e+0, 1.90241e+4, 0.00000e+0, 4.90946e+2, 0.00000e+0, 2.02150e+0, 0.00000e+0, 5.00467e+2, 0.00000e+0, 5.02529e+2, 0.00000e+0, 2.20265e+1, 0.00000e+0, 2.26842e+1, 0.00000e+0, 3.33233e+0, 0.00000e+0, 3.49559e+0, 0.00000e+0, 2.00000e+1, 0.00000e+0, 1.70000e+1, 0.00000e+0, 3, -1, Disabled
10/27/2022 18:36:14.030, 10/27/2022 18:36:13.964, 4.14179e+0, 0.00000e+0, 9.46591e+1, 0.00000e+0, 1.98824e+0, 0.00000e+0, 1.89312e+4, 0.00000e+0, 5.18779e+2, 0.00000e+0, 2.02661e+0, 0.00000e+0, 5.28790e+2, 0.00000e+0, 5.02493e+2, 0.00000e+0, 2.20623e+1, 0.00000e+0, 2.26833e+1, 0.00000e+0, 3.33250e+0, 0.00000e+0, 3.49441e+0, 0.00000e+0, 2.00000e+1, 0.00000e+0, 1.70000e+1, 0.00000e+0, 3, -1, Disabled
10/27/2022 18:36:15.023, 10/27/2022 18:36:14.958, 4.14194e+0, 0.00000e+0, 9.46812e+1, 0.00000e+0, 1.99224e+0, 0.00000e+0, 1.87465e+4, 0.00000e+0, 5.46852e+2, 0.00000e+0, 2.03030e+0, 0.00000e+0, 5.57299e+2, 0.00000e+0, 5.02452e+2, 0.00000e+0, 2.20230e+1, 0.00000e+0, 2.26935e+1, 0.00000e+0, 3.33171e+0, 0.00000e+0, 3.49519e+0, 0.00000e+0, 2.00000e+1, 0.00000e+0, 1.70000e+1, 0.00000e+0, 3, -1, Disabled
10/27/2022 18:36:16.014, 10/27/2022 18:36:15.953, 4.14170e+0, 0.00000e+0, 9.46454e+1, 0.00000e+0, 1.99307e+0, 0.00000e+0, 1.86455e+4, 0.00000e+0, 5.65150e+2, 0.00000e+0, 2.03093e+0, 0.00000e+0, 5.75887e+2, 0.00000e+0, 5.02379e+2, 0.00000e+0, 2.20563e+1, 0.00000e+0, 2.27081e+1, 0.00000e+0, 3.33245e+0, 0.00000e+0, 3.49511e+0, 0.00000e+0, 2.00000e+1, 0.00000e+0, 1.70000e+1, 0.00000e+0, 3, -1, Disabled
10/27/2022 18:36:17.016, 10/27/2022 18:36:16.947, 4.14152e+0, 0.00000e+0, 9.46194e+1, 0.00000e+0, 1.99683e+0, 0.00000e+0, 1.84798e+4, 0.00000e+0, 5.73966e+2, 0.00000e+0, 2.03442e+0, 0.00000e+0, 5.84773e+2, 0.00000e+0, 5.02457e+2, 0.00000e+0, 2.20823e+1, 0.00000e+0, 2.27163e+1, 0.00000e+0, 3.33256e+0, 0.00000e+0, 3.49516e+0, 0.00000e+0, 2.00000e+1, 0.00000e+0, 1.70000e+1, 0.00000e+0, 3, -1, Disabled
10/27/2022 18:36:18.002, 10/27/2022 18:36:17.943, 4.14106e+0, 0.00000e+0, 9.45523e+1, 0.00000e+0, 1.99712e+0, 0.00000e+0, 1.82627e+4, 0.00000e+0, 5.72836e+2, 0.00000e+0, 2.03428e+0, 0.00000e+0, 5.83492e+2, 0.00000e+0, 5.02351e+2, 0.00000e+0, 2.21180e+1, 0.00000e+0, 2.27176e+1, 0.00000e+0, 3.33285e+0, 0.00000e+0, 3.49443e+0, 0.00000e+0, 2.00000e+1, 0.00000e+0, 1.70000e+1, 0.00000e+0, 3, -1, Disabled
10/27/2022 18:36:18.993, 10/27/2022 18:36:18.936, 4.14217e+0, 0.00000e+0, 9.47155e+1, 0.00000e+0, 1.99687e+0, 0.00000e+0, 1.85538e+4, 0.00000e+0, 5.73396e+2, 0.00000e+0, 2.03462e+0, 0.00000e+0, 5.84235e+2, 0.00000e+0, 5.02363e+2, 0.00000e+0, 2.20925e+1, 0.00000e+0, 2.27414e+1, 0.00000e+0, 3.33273e+0, 0.00000e+0, 3.49585e+0, 0.00000e+0, 2.00000e+1, 0.00000e+0, 1.70000e+1, 0.00000e+0, 3, -1, Disabled
10/27/2022 18:36:20.008, 10/27/2022 18:36:19.957, 4.14020e+0, 0.00000e+0, 9.44247e+1, 0.00000e+0, 1.99662e+0, 0.00000e+0, 1.83223e+4, 0.00000e+0, 5.68051e+2, 0.00000e+0, 2.03388e+0, 0.00000e+0, 5.78653e+2, 0.00000e+0, 5.02305e+2, 0.00000e+0, 2.21299e+1, 0.00000e+0, 2.27257e+1, 0.00000e+0, 3.33255e+0, 0.00000e+0, 3.49442e+0, 0.00000e+0, 2.00000e+1, 0.00000e+0, 1.70000e+1, 0.00000e+0, 3, -1, Disabled
10/27/2022 18:36:21.107, 10/27/2022 18:36:21.053, 4.13980e+0, 0.00000e+0, 9.43661e+1, 0.00000e+0, 1.99687e+0, 0.00000e+0, 1.82439e+4, 0.00000e+0, 5.56982e+2, 0.00000e+0, 2.03397e+0, 0.00000e+0, 5.67332e+2, 0.00000e+0, 5.02340e+2, 0.00000e+0, 2.21390e+1, 0.00000e+0, 2.27181e+1, 0.00000e+0, 3.33206e+0, 0.00000e+0, 3.49494e+0, 0.00000e+0, 2.00000e+1, 0.00000e+0, 1.70000e+1, 0.00000e+0, 3, -1, Disabled
10/27/2022 18:36:21.975, 10/27/2022 18:36:21.920, 4.14101e+0, 0.00000e+0, 9.45441e+1, 0.00000e+0, 1.99512e+0, 0.00000e+0, 1.82473e+4, 0.00000e+0, 5.56782e+2, 0.00000e+0, 2.03221e+0, 0.00000e+0, 5.67131e+2, 0.00000e+0, 5.02526e+2, 0.00000e+0, 2.21882e+1, 0.00000e+0, 2.27592e+1, 0.00000e+0, 3.33267e+0, 0.00000e+0, 3.49424e+0, 0.00000e+0, 2.00000e+1, 0.00000e+0, 1.70000e+1, 0.00000e+0, 3, -1, Disabled
10/27/2022 18:36:22.984, 10/27/2022 18:36:22.915, 4.14145e+0, 0.00000e+0, 9.46090e+1, 0.00000e+0, 1.99856e+0, 0.00000e+0, 1.80451e+4, 0.00000e+0, 5.60619e+2, 0.00000e+0, 2.03529e+0, 0.00000e+0, 5.70922e+2, 0.00000e+0, 5.02482e+2, 0.00000e+0, 2.22998e+1, 0.00000e+0, 2.27448e+1, 0.00000e+0, 3.33240e+0, 0.00000e+0, 3.49485e+0, 0.00000e+0, 2.00000e+1, 0.00000e+0, 1.70000e+1, 0.00000e+0, 3, -1, Disabled
10/27/2022 18:36:23.974, 10/27/2022 18:36:23.910, 4.13928e+0, 0.00000e+0, 9.42884e+1, 0.00000e+0, 2.00750e+0, 0.00000e+0, 1.77985e+4, 0.00000e+0, 5.59942e+2, 0.00000e+0, 2.04388e+0, 0.00000e+0, 5.70089e+2, 0.00000e+0, 5.02380e+2, 0.00000e+0, 2.30092e+1, 0.00000e+0, 2.26854e+1, 0.00000e+0, 3.33215e+0, 0.00000e+0, 3.49376e+0, 0.00000e+0, 2.00000e+1, 0.00000e+0, 1.70000e+1, 0.00000e+0, 3, -1, Disabled
10/27/2022 18:36:24.966, 10/27/2022 18:36:24.904, 4.14126e+0, 0.00000e+0, 9.45807e+1, 0.00000e+0, 1.99803e+0, 0.00000e+0, 1.80384e+4, 0.00000e+0, 5.54481e+2, 0.00000e+0, 2.03474e+0, 0.00000e+0, 5.64666e+2, 0.00000e+0, 5.02121e+2, 0.00000e+0, 2.23198e+1, 0.00000e+0, 2.27769e+1, 0.00000e+0, 3.33370e+0, 0.00000e+0, 3.49374e+0, 0.00000e+0, 2.00000e+1, 0.00000e+0, 1.70000e+1, 0.00000e+0, 3, -1, Disabled
10/27/2022 18:36:25.955, 10/27/2022 18:36:25.899, 4.14174e+0, 0.00000e+0, 9.46519e+1, 0.00000e+0, 1.99979e+0, 0.00000e+0, 1.80708e+4, 0.00000e+0, 5.52572e+2, 0.00000e+0, 2.03659e+0, 0.00000e+0, 5.62742e+2, 0.00000e+0, 5.02346e+2, 0.00000e+0, 2.22620e+1, 0.00000e+0, 2.28056e+1, 0.00000e+0, 3.33132e+0, 0.00000e+0, 3.49611e+0, 0.00000e+0, 2.00000e+1, 0.00000e+0, 2.00000e+1, 0.00000e+0, 3, -1, Disabled
10/27/2022 18:36:26.950, 10/27/2022 18:36:26.893, 4.14062e+0, 0.00000e+0, 9.44863e+1, 0.00000e+0, 1.99686e+0, 0.00000e+0, 1.81485e+4, 0.00000e+0, 5.50615e+2, 0.00000e+0, 2.03377e+0, 0.00000e+0, 5.60793e+2, 0.00000e+0, 5.02423e+2, 0.00000e+0, 2.23331e+1, 0.00000e+0, 2.27881e+1, 0.00000e+0, 3.33215e+0, 0.00000e+0, 3.49542e+0, 0.00000e+0, 2.00000e+1, 0.00000e+0, 2.00000e+1, 0.00000e+0, 3, -1, Disabled
10/27/2022 18:36:27.952, 10/27/2022 18:36:27.887, 4.14200e+0, 0.00000e+0, 9.46909e+1, 0.00000e+0, 1.99219e+0, 0.00000e+0, 1.82766e+4, 0.00000e+0, 5.48558e+2, 0.00000e+0, 2.02928e+0, 0.00000e+0, 5.58771e+2, 0.00000e+0, 5.02416e+2, 0.00000e+0, 2.21891e+1, 0.00000e+0, 2.28286e+1, 0.00000e+0, 3.33201e+0, 0.00000e+0, 3.49455e+0, 0.00000e+0, 2.00000e+1, 0.00000e+0, 2.00000e+1, 0.00000e+0, 3, -1, Disabled
10/27/2022 18:36:28.945, 10/27/2022 18:36:28.882, 4.14144e+0, 0.00000e+0, 9.46077e+1, 0.00000e+0, 1.99444e+0, 0.00000e+0, 1.83051e+4, 0.00000e+0, 5.42855e+2, 0.00000e+0, 2.03163e+0, 0.00000e+0, 5.52977e+2, 0.00000e+0, 5.02504e+2, 0.00000e+0, 2.22064e+1, 0.00000e+0, 2.28111e+1, 0.00000e+0, 3.33267e+0, 0.00000e+0, 3.49503e+0, 0.00000e+0, 2.00000e+1, 0.00000e+0, 2.00000e+1, 0.00000e+0, 3, -1, Disabled
10/27/2022 18:36:29.928, 10/27/2022 18:36:29.876, 4.14168e+0, 0.00000e+0, 9.46432e+1, 0.00000e+0, 1.99567e+0, 0.00000e+0, 1.83580e+4, 0.00000e+0, 5.38015e+2, 0.00000e+0, 2.03299e+0, 0.00000e+0, 5.48077e+2, 0.00000e+0, 5.02370e+2, 0.00000e+0, 2.21103e+1, 0.00000e+0, 2.27941e+1, 0.00000e+0, 3.33234e+0, 0.00000e+0, 3.49523e+0, 0.00000e+0, 2.00000e+1, 0.00000e+0, 2.00000e+1, 0.00000e+0, 3, -1, Disabled
10/27/2022 18:36:30.931, 10/27/2022 18:36:30.872, 4.14209e+0, 0.00000e+0, 9.47037e+1, 0.00000e+0, 1.99595e+0, 0.00000e+0, 1.86398e+4, 0.00000e+0, 5.47359e+2, 0.00000e+0, 2.03386e+0, 0.00000e+0, 5.57755e+2, 0.00000e+0, 5.02348e+2, 0.00000e+0, 2.21296e+1, 0.00000e+0, 2.28387e+1, 0.00000e+0, 3.33222e+0, 0.00000e+0, 3.49455e+0, 0.00000e+0, 2.00000e+1, 0.00000e+0, 2.00000e+1, 0.00000e+0, 3, -1, Disabled
10/27/2022 18:36:34.558, 10/27/2022 18:36:34.502, 4.14071e+0, 0.00000e+0, 9.45003e+1, 0.00000e+0, 1.99314e+0, 0.00000e+0, 1.82804e+4, 0.00000e+0, 5.52855e+2, 0.00000e+0, 2.03025e+0, 0.00000e+0, 5.63150e+2, 0.00000e+0, 5.02277e+2, 0.00000e+0, 2.20650e+1, 0.00000e+0, 2.28428e+1, 0.00000e+0, 3.33229e+0, 0.00000e+0, 3.49363e+0, 0.00000e+0, 2.00000e+1, 0.00000e+0, 2.00000e+1, 0.00000e+0, 3, -1, Disabled
10/27/2022 18:36:34.618, 10/27/2022 18:36:34.567, 4.14074e+0, 0.00000e+0, 9.45038e+1, 0.00000e+0, 1.99021e+0, 0.00000e+0, 1.86918e+4, 0.00000e+0, 5.25924e+2, 0.00000e+0, 2.02811e+0, 0.00000e+0, 5.35942e+2, 0.00000e+0, 5.02274e+2, 0.00000e+0, 2.20692e+1, 0.00000e+0, 2.28426e+1, 0.00000e+0, 3.33262e+0, 0.00000e+0, 3.49433e+0, 0.00000e+0, 2.00000e+1, 0.00000e+0, 2.00000e+1, 0.00000e+0, 3, -1, Disabled
10/27/2022 18:36:34.672, 10/27/2022 18:36:34.621, 4.14226e+0, 0.00000e+0, 9.47281e+1, 0.00000e+0, 1.99237e+0, 0.00000e+0, 1.88122e+4, 0.00000e+0, 5.28832e+2, 0.00000e+0, 2.03057e+0, 0.00000e+0, 5.38971e+2, 0.00000e+0, 5.02174e+2, 0.00000e+0, 2.20049e+1, 0.00000e+0, 2.28177e+1, 0.00000e+0, 3.33221e+0, 0.00000e+0, 3.49511e+0, 0.00000e+0, 2.00000e+1, 0.00000e+0, 2.00000e+1, 0.00000e+0, 3, -1, Disabled
10/27/2022 18:36:34.913, 10/27/2022 18:36:34.850, 4.14135e+0, 0.00000e+0, 9.45946e+1, 0.00000e+0, 1.99481e+0, 0.00000e+0, 1.85461e+4, 0.00000e+0, 5.57374e+2, 0.00000e+0, 2.03250e+0, 0.00000e+0, 5.67906e+2, 0.00000e+0, 5.02687e+2, 0.00000e+0, 2.20047e+1, 0.00000e+0, 2.28183e+1, 0.00000e+0, 3.33214e+0, 0.00000e+0, 3.49500e+0, 0.00000e+0, 2.00000e+1, 0.00000e+0, 2.00000e+1, 0.00000e+0, 3, -1, Disabled
10/27/2022 18:36:35.899, 10/27/2022 18:36:35.845, 4.14246e+0, 0.00000e+0, 9.47583e+1, 0.00000e+0, 1.99317e+0, 0.00000e+0, 1.87513e+4, 0.00000e+0, 5.30006e+2, 0.00000e+0, 2.03126e+0, 0.00000e+0, 5.40134e+2, 0.00000e+0, 5.02438e+2, 0.00000e+0, 2.21307e+1, 0.00000e+0, 2.28969e+1, 0.00000e+0, 3.33204e+0, 0.00000e+0, 3.49493e+0, 0.00000e+0, 2.00000e+1, 0.00000e+0, 2.00000e+1, 0.00000e+0, 3, -1, Disabled
10/27/2022 18:36:36.893, 10/27/2022 18:36:36.839, 4.14206e+0, 0.00000e+0, 9.46992e+1, 0.00000e+0, 1.99058e+0, 0.00000e+0, 1.87929e+4, 0.00000e+0, 4.97025e+2, 0.00000e+0, 2.02871e+0, 0.00000e+0, 5.06545e+2, 0.00000e+0, 5.02372e+2, 0.00000e+0, 2.22589e+1, 0.00000e+0, 2.29086e+1, 0.00000e+0, 3.33229e+0, 0.00000e+0, 3.49468e+0, 0.00000e+0, 2.00000e+1, 0.00000e+0, 2.00000e+1, 0.00000e+0, 3, -1, Disabled
10/27/2022 18:36:37.890, 10/27/2022 18:36:37.833, 4.14235e+0, 0.00000e+0, 9.47423e+1, 0.00000e+0, 1.99162e+0, 0.00000e+0, 1.88726e+4, 0.00000e+0, 5.15452e+2, 0.00000e+0, 2.02993e+0, 0.00000e+0, 5.25367e+2, 0.00000e+0, 5.02448e+2, 0.00000e+0, 2.21946e+1, 0.00000e+0, 2.29164e+1, 0.00000e+0, 3.33264e+0, 0.00000e+0, 3.49397e+0, 0.00000e+0, 2.00000e+1, 0.00000e+0, 2.00000e+1, 0.00000e+0, 3, -1, Disabled
10/27/2022 18:36:38.926, 10/27/2022 18:36:38.874, 4.14071e+0, 0.00000e+0, 9.44999e+1, 0.00000e+0, 2.00089e+0, 0.00000e+0, 1.87276e+4, 0.00000e+0, 5.53976e+2, 0.00000e+0, 2.03908e+0, 0.00000e+0, 5.64548e+2, 0.00000e+0, 5.02319e+2, 0.00000e+0, 2.23660e+1, 0.00000e+0, 2.28896e+1, 0.00000e+0, 3.33242e+0, 0.00000e+0, 3.49486e+0, 0.00000e+0, 2.00000e+1, 0.00000e+0, 2.00000e+1, 0.00000e+0, 3, -1, Disabled
10/27/2022 18:36:39.879, 10/27/2022 18:36:39.822, 4.13973e+0, 0.00000e+0, 9.43552e+1, 0.00000e+0, 1.99985e+0, 0.00000e+0, 1.82609e+4, 0.00000e+0, 5.72116e+2, 0.00000e+0, 2.03704e+0, 0.00000e+0, 5.82758e+2, 0.00000e+0, 5.02287e+2, 0.00000e+0, 2.24319e+1, 0.00000e+0, 2.28740e+1, 0.00000e+0, 3.33249e+0, 0.00000e+0, 3.49371e+0, 0.00000e+0, 2.00000e+1, 0.00000e+0, 2.00000e+1, 0.00000e+0, 3, -1, Disabled
10/27/2022 18:36:40.898, 10/27/2022 18:36:40.847, 4.13905e+0, 0.00000e+0, 9.42552e+1, 0.00000e+0, 2.00180e+0, 0.00000e+0, 1.82354e+4, 0.00000e+0, 5.63618e+2, 0.00000e+0, 2.03898e+0, 0.00000e+0, 5.74087e+2, 0.00000e+0, 5.02185e+2, 0.00000e+0, 2.25870e+1, 0.00000e+0, 2.28652e+1, 0.00000e+0, 3.33221e+0, 0.00000e+0, 3.49382e+0, 0.00000e+0, 2.00000e+1, 0.00000e+0, 2.00000e+1, 0.00000e+0, 3, -1, Disabled
10/27/2022 18:36:41.872, 10/27/2022 18:36:41.823, 4.13972e+0, 0.00000e+0, 9.43537e+1, 0.00000e+0, 2.00074e+0, 0.00000e+0, 1.81395e+4, 0.00000e+0, 5.56773e+2, 0.00000e+0, 2.03770e+0, 0.00000e+0, 5.67059e+2, 0.00000e+0, 5.02326e+2, 0.00000e+0, 2.24894e+1, 0.00000e+0, 2.28927e+1, 0.00000e+0, 3.33223e+0, 0.00000e+0, 3.49348e+0, 0.00000e+0, 2.00000e+1, 0.00000e+0, 2.00000e+1, 0.00000e+0, 3, -1, Disabled
10/27/2022 18:36:42.855, 10/27/2022 18:36:42.805, 4.13974e+0, 0.00000e+0, 9.43566e+1, 0.00000e+0, 2.00014e+0, 0.00000e+0, 1.80586e+4, 0.00000e+0, 5.53241e+2, 0.00000e+0, 2.03692e+0, 0.00000e+0, 5.63415e+2, 0.00000e+0, 5.02373e+2, 0.00000e+0, 2.25572e+1, 0.00000e+0, 2.29019e+1, 0.00000e+0, 3.33192e+0, 0.00000e+0, 3.49425e+0, 0.00000e+0, 2.00000e+1, 0.00000e+0, 2.00000e+1, 0.00000e+0, 3, -1, Disabled
10/27/2022 18:36:43.858, 10/27/2022 18:36:43.800, 4.14252e+0, 0.00000e+0, 9.47674e+1, 0.00000e+0, 1.99653e+0, 0.00000e+0, 1.82970e+4, 0.00000e+0, 5.52807e+2, 0.00000e+0, 2.03375e+0, 0.00000e+0, 5.63110e+2, 0.00000e+0, 5.02481e+2, 0.00000e+0, 2.22236e+1, 0.00000e+0, 2.29548e+1, 0.00000e+0, 3.33195e+0, 0.00000e+0, 3.49369e+0, 0.00000e+0, 2.00000e+1, 0.00000e+0, 2.00000e+1, 0.00000e+0, 3, -1, Disabled
10/27/2022 18:36:44.853, 10/27/2022 18:36:44.794, 4.14253e+0, 0.00000e+0, 9.47685e+1, 0.00000e+0, 1.99543e+0, 0.00000e+0, 1.82735e+4, 0.00000e+0, 5.38074e+2, 0.00000e+0, 2.03258e+0, 0.00000e+0, 5.48089e+2, 0.00000e+0, 5.02365e+2, 0.00000e+0, 2.21907e+1, 0.00000e+0, 2.29481e+1, 0.00000e+0, 3.33332e+0, 0.00000e+0, 3.49423e+0, 0.00000e+0, 2.00000e+1, 0.00000e+0, 2.00000e+1, 0.00000e+0, 3, -1, Disabled
10/27/2022 18:36:45.887, 10/27/2022 18:36:45.835, 4.14186e+0, 0.00000e+0, 9.46695e+1, 0.00000e+0, 1.99175e+0, 0.00000e+0, 1.87894e+4, 0.00000e+0, 5.01631e+2, 0.00000e+0, 2.02989e+0, 0.00000e+0, 5.11237e+2, 0.00000e+0, 5.02263e+2, 0.00000e+0, 2.22077e+1, 0.00000e+0, 2.29799e+1, 0.00000e+0, 3.33217e+0, 0.00000e+0, 3.49431e+0, 0.00000e+0, 2.00000e+1, 0.00000e+0, 2.00000e+1, 0.00000e+0, 3, -1, Disabled
10/27/2022 18:36:46.837, 10/27/2022 18:36:46.783, 4.14131e+0, 0.00000e+0, 9.45891e+1, 0.00000e+0, 1.99279e+0, 0.00000e+0, 1.86711e+4, 0.00000e+0, 5.11316e+2, 0.00000e+0, 2.03070e+0, 0.00000e+0, 5.21045e+2, 0.00000e+0, 5.02430e+2, 0.00000e+0, 2.23228e+1, 0.00000e+0, 2.29951e+1, 0.00000e+0, 3.33173e+0, 0.00000e+0, 3.49387e+0, 0.00000e+0, 2.00000e+1, 0.00000e+0, 2.00000e+1, 0.00000e+0, 3, -1, Disabled
10/27/2022 18:36:47.838, 10/27/2022 18:36:47.778, 4.14143e+0, 0.00000e+0, 9.46063e+1, 0.00000e+0, 1.99314e+0, 0.00000e+0, 1.86872e+4, 0.00000e+0, 5.21243e+2, 0.00000e+0, 2.03110e+0, 0.00000e+0, 5.31169e+2, 0.00000e+0, 5.02509e+2, 0.00000e+0, 2.25464e+1, 0.00000e+0, 2.29559e+1, 0.00000e+0, 3.33220e+0, 0.00000e+0, 3.49342e+0, 0.00000e+0, 2.00000e+1, 0.00000e+0, 2.00000e+1, 0.00000e+0, 3, -1, Disabled
10/27/2022 18:36:48.827, 10/27/2022 18:36:48.773, 4.14196e+0, 0.00000e+0, 9.46839e+1, 0.00000e+0, 1.99361e+0, 0.00000e+0, 1.86818e+4, 0.00000e+0, 5.39226e+2, 0.00000e+0, 2.03156e+0, 0.00000e+0, 5.49491e+2, 0.00000e+0, 5.02287e+2, 0.00000e+0, 2.23035e+1, 0.00000e+0, 2.29724e+1, 0.00000e+0, 3.33105e+0, 0.00000e+0, 3.49444e+0, 0.00000e+0, 2.00000e+1, 0.00000e+0, 2.00000e+1, 0.00000e+0, 3, -1, Disabled
10/27/2022 18:36:49.920, 10/27/2022 18:36:49.851, 4.14003e+0, 0.00000e+0, 9.43994e+1, 0.00000e+0, 1.99570e+0, 0.00000e+0, 1.83950e+4, 0.00000e+0, 5.51130e+2, 0.00000e+0, 2.03310e+0, 0.00000e+0, 5.61458e+2, 0.00000e+0, 5.02241e+2, 0.00000e+0, 2.23548e+1, 0.00000e+0, 2.29662e+1, 0.00000e+0, 3.33179e+0, 0.00000e+0, 3.49373e+0, 0.00000e+0, 2.00000e+1, 0.00000e+0, 2.00000e+1, 0.00000e+0, 3, -1, Disabled
