SN:3K60180500001585 BD:Jul 23 2018 VC:834b9c1 MD5:48f99e4865ed8b810be1bb0eaaabf929
SysTime,                      Time,         Batt_v,      Batt_v_sd,   BATT_PERCENT,BATT_PERCENT_sd,      [CH4]_ppm,   [CH4]_ppm_sd,      [H2O]_ppm,   [H2O]_ppm_sd,     [H2Oa]_ppm,  [H2Oa]_ppm_sd,      [CO2]_ppm,   [CO2]_ppm_sd,     [CH4]d_ppm,  [CH4]d_ppm_sd,     [CO2]d_ppm,  [CO2]d_ppm_sd,      GasP_torr,   GasP_torr_sd,         GasT_C,      GasT_C_sd,         AmbT_C,      AmbT_C_sd,         RD0_us,      RD0_us_sd,         RD1_us,      RD1_us_sd, Temp_Status_mA,Temp_Status_mA_sd,Analyzer_Status_mA,Analyzer_Status_mA_sd,       Fit_Flag,      MIU_VALVE,       MIU_DESC
10/18/2022 23:49:36.073, 10/18/2022 23:49:36.003, 3.75970e+0, 1.99971e-3, 8.99450e+1, 4.78400e-2, 2.00803e+0, 1.32741e-3, 7.20538e+3, 2.24487e+2, 1.40478e+4, 3.92817e+2, 1.41884e+3, 1.32121e+1, 2.02260e+0, 1.51102e-3, 1.42914e+3, 1.35389e+1, 5.07898e+2, 1.39869e-1, 2.21761e+1, 2.68558e-3, 2.45603e+1, 1.01434e-1, 3.22304e+0, 6.58174e-4, 2.72338e+0, 7.34058e-4, 2.00000e+1, 0.00000e+0, 1.50000e+1, 0.00000e+0, 2, -1, Disabled
10/18/2022 23:49:41.026, 10/18/2022 23:49:40.977, 3.76586e+0, 1.98427e-3, 9.00922e+1, 4.74707e-2, 2.01004e+0, 1.59117e-3, 8.25780e+3, 4.56557e+2, 1.40419e+4, 1.50171e+2, 1.42107e+3, 8.50884e+0, 2.02678e+0, 2.27244e-3, 1.43290e+3, 8.20043e+0, 5.07932e+2, 1.00023e-1, 2.21766e+1, 2.70167e-3, 2.45556e+1, 6.25746e-2, 3.22270e+0, 9.41630e-4, 2.72318e+0, 6.79703e-4, 2.00000e+1, 0.00000e+0, 1.50000e+1, 0.00000e+0, 2, -1, Disabled
10/18/2022 23:49:46.016, 10/18/2022 23:49:45.950, 3.77218e+0, 1.35869e-3, 9.02437e+1, 3.25046e-2, 2.01175e+0, 6.21557e-3, 8.84793e+3, 3.12666e+2, 1.38954e+4, 3.68632e+2, 1.42684e+3, 1.43412e+1, 2.02970e+0, 6.32590e-3, 1.43958e+3, 1.47842e+1, 5.07967e+2, 1.56654e-1, 2.21776e+1, 1.96622e-3, 2.46201e+1, 9.84351e-2, 3.22171e+0, 6.78947e-4, 2.72336e+0, 3.47504e-4, 2.00000e+1, 0.00000e+0, 1.50000e+1, 0.00000e+0, 3, -1, Disabled
10/18/2022 23:49:50.976, 10/18/2022 23:49:50.921, 3.77713e+0, 1.42785e-3, 9.03619e+1, 3.41590e-2, 2.01151e+0, 5.04097e-3, 9.26129e+3, 1.98885e+2, 1.37363e+4, 3.10520e+2, 1.45033e+3, 4.05525e+1, 2.03031e+0, 5.41595e-3, 1.46389e+3, 4.10490e+1, 5.07882e+2, 1.59903e-1, 2.21779e+1, 2.52164e-3, 2.45890e+1, 8.30644e-2, 3.22245e+0, 8.82112e-4, 2.72285e+0, 7.89358e-4, 2.00000e+1, 0.00000e+0, 1.50000e+1, 0.00000e+0, 3, -1, Disabled
10/18/2022 23:49:55.953, 10/18/2022 23:49:55.895, 3.78027e+0, 2.80104e-3, 9.04371e+1, 6.70104e-2, 2.01157e+0, 4.10121e-3, 1.03957e+4, 5.09566e+2, 1.39674e+4, 1.64823e+2, 1.45984e+3, 3.03691e+1, 2.03270e+0, 5.11823e-3, 1.47517e+3, 3.02379e+1, 5.07862e+2, 1.81142e-1, 2.21851e+1, 4.99492e-3, 2.46025e+1, 8.04718e-2, 3.22170e+0, 6.90979e-4, 2.72346e+0, 3.34567e-4, 2.00000e+1, 0.00000e+0, 1.50000e+1, 0.00000e+0, 3, -1, Disabled
10/18/2022 23:50:00.955, 10/18/2022 23:50:00.873, 3.78737e+0, 2.13098e-3, 9.06069e+1, 5.09804e-2, 2.01658e+0, 3.58150e-3, 1.02590e+4, 2.21684e+2, 1.37557e+4, 2.10411e+2, 1.41110e+3, 1.80159e+1, 2.03748e+0, 3.67542e-3, 1.42573e+3, 1.82830e+1, 5.07900e+2, 1.67243e-1, 2.21790e+1, 2.61396e-3, 2.46737e+1, 1.06587e-1, 3.22042e+0, 5.58228e-4, 2.72280e+0, 1.70257e-4, 2.00000e+1, 0.00000e+0, 1.50000e+1, 0.00000e+0, 3, -1, Disabled
10/18/2022 23:50:05.904, 10/18/2022 23:50:05.846, 3.79241e+0, 2.10260e-3, 9.07274e+1, 5.03015e-2, 2.01634e+0, 6.97678e-4, 1.06055e+4, 1.96571e+2, 1.39577e+4, 1.73638e+2, 1.41682e+3, 4.81445e+0, 2.03795e+0, 1.09438e-3, 1.43201e+3, 4.87423e+0, 5.07889e+2, 1.76002e-1, 2.21814e+1, 2.85777e-3, 2.46938e+1, 1.01441e-1, 3.22030e+0, 9.04386e-4, 2.72282e+0, 6.58388e-4, 2.00000e+1, 0.00000e+0, 1.50000e+1, 0.00000e+0, 3, -1, Disabled
10/18/2022 23:50:10.896, 10/18/2022 23:50:10.819, 3.79702e+0, 1.82819e-3, 9.08377e+1, 4.37367e-2, 2.01689e+0, 2.24589e-3, 1.09380e+4, 3.21076e+2, 1.37788e+4, 3.63910e+2, 1.40023e+3, 2.77751e+0, 2.03919e+0, 2.82498e-3, 1.41572e+3, 2.91775e+0, 5.07884e+2, 1.50886e-1, 2.21852e+1, 2.82403e-3, 2.47423e+1, 9.95870e-2, 3.22147e+0, 7.79218e-4, 2.72280e+0, 7.71505e-4, 2.00000e+1, 0.00000e+0, 1.50000e+1, 0.00000e+0, 3, -1, Disabled
10/18/2022 23:50:15.870, 10/18/2022 23:50:15.792, 3.80164e+0, 1.40148e-3, 9.09483e+1, 3.35282e-2, 2.01453e+0, 3.39290e-3, 1.11038e+4, 4.12406e+2, 1.38047e+4, 2.00479e+2, 1.40435e+3, 7.01322e+0, 2.03715e+0, 3.40093e-3, 1.42012e+3, 7.13614e+0, 5.07920e+2, 1.77391e-1, 2.21902e+1, 2.94676e-3, 2.47941e+1, 1.32609e-1, 3.22139e+0, 6.81929e-4, 2.72195e+0, 5.13628e-4, 2.00000e+1, 0.00000e+0, 1.50000e+1, 0.00000e+0, 3, -1, Disabled
10/18/2022 23:50:20.823, 10/18/2022 23:50:20.764, 3.80656e+0, 1.71883e-3, 9.10660e+1, 4.11204e-2, 2.01800e+0, 2.09740e-3, 1.13689e+4, 2.78534e+2, 1.35701e+4, 2.59361e+2, 1.40147e+3, 2.73416e+0, 2.04120e+0, 2.64232e-3, 1.41759e+3, 2.99423e+0, 5.07858e+2, 1.13737e-1, 2.21941e+1, 1.94802e-3, 2.47749e+1, 1.08302e-1, 3.22078e+0, 5.66991e-4, 2.72227e+0, 5.68411e-4, 2.00000e+1, 0.00000e+0, 1.50000e+1, 0.00000e+0, 3, -1, Disabled
10/18/2022 23:50:25.786, 10/18/2022 23:50:25.738, 3.81086e+0, 1.74449e-3, 9.11690e+1, 4.17343e-2, 2.01669e+0, 4.11301e-3, 1.11638e+4, 3.36166e+2, 1.35744e+4, 9.26346e+1, 1.39916e+3, 2.64188e+0, 2.03945e+0, 3.55717e-3, 1.41495e+3, 3.04192e+0, 5.07811e+2, 2.28684e-1, 2.22017e+1, 3.50596e-3, 2.48260e+1, 2.36494e-2, 3.22121e+0, 8.63173e-4, 2.72299e+0, 2.06864e-4, 2.00000e+1, 0.00000e+0, 1.14000e+1, 3.28634e+0, 3, -1, Disabled
10/18/2022 23:50:30.763, 10/18/2022 23:50:30.710, 3.81528e+0, 1.68776e-3, 9.12746e+1, 4.03771e-2, 2.01585e+0, 2.81502e-3, 1.15544e+4, 4.06168e+2, 1.36943e+4, 8.59252e+1, 1.40179e+3, 2.46764e+0, 2.03941e+0, 3.01856e-3, 1.41818e+3, 2.90607e+0, 5.07878e+2, 2.31096e-1, 2.22031e+1, 1.86049e-3, 2.48498e+1, 4.37840e-2, 3.22050e+0, 8.09808e-4, 2.72242e+0, 2.63886e-4, 2.00000e+1, 0.00000e+0, 9.00000e+0, 0.00000e+0, 3, -1, Disabled
10/18/2022 23:50:35.768, 10/18/2022 23:50:35.683, 3.81945e+0, 1.35429e-3, 9.13745e+1, 3.23993e-2, 2.01398e+0, 5.08463e-3, 1.16883e+4, 2.67298e+2, 1.37793e+4, 1.40851e+2, 1.41535e+3, 7.53966e+0, 2.03780e+0, 5.20369e-3, 1.43209e+3, 7.35304e+0, 5.07780e+2, 2.38506e-1, 2.22068e+1, 2.28479e-3, 2.48778e+1, 3.48403e-2, 3.22053e+0, 3.08764e-4, 2.72240e+0, 3.86533e-4, 2.00000e+1, 0.00000e+0, 9.00000e+0, 0.00000e+0, 3, -1, Disabled
10/18/2022 23:50:40.707, 10/18/2022 23:50:40.656, 3.82363e+0, 1.28438e-3, 9.14743e+1, 3.07267e-2, 2.01681e+0, 2.03012e-3, 1.18189e+4, 3.72607e+2, 1.36501e+4, 1.58373e+2, 1.40705e+3, 3.90446e+0, 2.04093e+0, 1.63112e-3, 1.42388e+3, 4.12219e+0, 5.07888e+2, 2.38353e-1, 2.22111e+1, 2.53589e-3, 2.49336e+1, 1.46451e-2, 3.22041e+0, 3.52759e-4, 2.72146e+0, 3.69412e-4, 2.00000e+1, 0.00000e+0, 9.00000e+0, 0.00000e+0, 3, -1, Disabled
10/18/2022 23:50:45.685, 10/18/2022 23:50:45.628, 3.82788e+0, 1.59853e-3, 9.15762e+1, 3.82423e-2, 2.01680e+0, 3.05375e-3, 1.16977e+4, 2.96021e+2, 1.35295e+4, 8.77510e+1, 1.42655e+3, 1.81257e+1, 2.04067e+0, 2.48449e-3, 1.44344e+3, 1.85668e+1, 5.07785e+2, 1.76414e-1, 2.22169e+1, 4.11208e-3, 2.50076e+1, 7.73996e-2, 3.21996e+0, 7.63310e-4, 2.72206e+0, 4.43954e-4, 2.00000e+1, 0.00000e+0, 9.00000e+0, 0.00000e+0, 3, -1, Disabled
10/18/2022 23:50:50.659, 10/18/2022 23:50:50.600, 3.83223e+0, 1.48584e-3, 9.16802e+1, 3.55465e-2, 2.01813e+0, 4.83299e-3, 1.19926e+4, 3.87215e+2, 1.36837e+4, 4.12140e+2, 1.47504e+3, 5.66074e+1, 2.04263e+0, 5.07589e-3, 1.49296e+3, 5.76869e+1, 5.07790e+2, 1.23302e-1, 2.22213e+1, 1.90614e-3, 2.50071e+1, 1.37480e-1, 3.22012e+0, 4.19502e-4, 2.72167e+0, 3.52979e-4, 2.00000e+1, 0.00000e+0, 9.00000e+0, 0.00000e+0, 3, -1, Disabled
10/18/2022 23:50:55.637, 10/18/2022 23:50:55.581, 3.83599e+0, 1.48928e-3, 9.17702e+1, 3.56286e-2, 2.01612e+0, 4.50403e-3, 1.21643e+4, 1.65937e+2, 1.37475e+4, 1.95869e+2, 1.44371e+3, 1.52887e+1, 2.04095e+0, 4.77080e-3, 1.46149e+3, 1.52707e+1, 5.07820e+2, 2.38101e-1, 2.22265e+1, 1.60831e-3, 2.50626e+1, 5.31366e-2, 3.22054e+0, 6.75771e-4, 2.72204e+0, 3.66899e-4, 2.00000e+1, 0.00000e+0, 9.00000e+0, 0.00000e+0, 3, -1, Disabled
10/18/2022 23:51:00.609, 10/18/2022 23:51:00.553, 3.83961e+0, 1.69689e-3, 9.18567e+1, 4.05956e-2, 2.02036e+0, 1.70462e-3, 1.19249e+4, 2.40595e+2, 1.37546e+4, 1.38417e+2, 1.44515e+3, 1.91114e+1, 2.04474e+0, 1.99805e-3, 1.46259e+3, 1.92313e+1, 5.07816e+2, 1.39331e-1, 2.22295e+1, 2.49509e-3, 2.51149e+1, 1.23316e-1, 3.22027e+0, 9.17038e-4, 2.72197e+0, 2.75495e-4, 2.00000e+1, 0.00000e+0, 9.00000e+0, 0.00000e+0, 3, -1, Disabled
10/18/2022 23:51:05.581, 10/18/2022 23:51:05.525, 3.84361e+0, 1.23148e-3, 9.19523e+1, 2.94612e-2, 2.01599e+0, 3.65022e-3, 1.24607e+4, 2.67702e+2, 1.39590e+4, 3.14103e+2, 1.46723e+3, 2.40502e+1, 2.04143e+0, 3.62110e-3, 1.48574e+3, 2.40965e+1, 5.07777e+2, 1.72441e-1, 2.22369e+1, 1.71178e-3, 2.51393e+1, 1.07345e-1, 3.22020e+0, 3.69197e-4, 2.72185e+0, 6.23314e-4, 2.00000e+1, 0.00000e+0, 9.00000e+0, 0.00000e+0, 3, -1, Disabled
10/18/2022 23:51:10.551, 10/18/2022 23:51:10.498, 3.84728e+0, 9.50836e-4, 9.20402e+1, 2.27473e-2, 2.01562e+0, 4.84916e-3, 1.20802e+4, 5.46935e+1, 1.35998e+4, 1.55044e+2, 1.43968e+3, 3.20444e+0, 2.04027e+0, 4.88331e-3, 1.45728e+3, 3.19893e+0, 5.07785e+2, 1.96164e-1, 2.22417e+1, 2.05096e-3, 2.51611e+1, 1.03887e-1, 3.22101e+0, 7.60812e-4, 2.72164e+0, 3.27240e-4, 2.00000e+1, 0.00000e+0, 9.00000e+0, 0.00000e+0, 3, -1, Disabled
10/18/2022 23:51:15.530, 10/18/2022 23:51:15.471, 3.85087e+0, 1.07339e-3, 9.21261e+1, 2.56793e-2, 2.01731e+0, 4.45557e-3, 1.20510e+4, 2.80865e+2, 1.37859e+4, 1.22652e+2, 1.44930e+3, 9.16471e+0, 2.04192e+0, 4.08263e-3, 1.46698e+3, 9.51074e+0, 5.07771e+2, 1.84688e-1, 2.22475e+1, 3.48675e-3, 2.51948e+1, 1.08116e-1, 3.22002e+0, 9.61142e-4, 2.72147e+0, 4.06905e-4, 2.00000e+1, 0.00000e+0, 9.00000e+0, 0.00000e+0, 3, -1, Disabled
10/18/2022 23:51:20.498, 10/18/2022 23:51:20.444, 3.85439e+0, 9.40534e-4, 9.22102e+1, 2.25008e-2, 2.01956e+0, 6.23833e-3, 1.22888e+4, 2.69467e+2, 1.39178e+4, 1.96437e+2, 1.43277e+3, 7.33052e+0, 2.04468e+0, 6.58171e-3, 1.45059e+3, 7.17193e+0, 5.07782e+2, 1.54873e-1, 2.22531e+1, 3.61936e-3, 2.52274e+1, 1.02897e-1, 3.21946e+0, 9.87263e-4, 2.72108e+0, 7.74613e-4, 2.00000e+1, 0.00000e+0, 9.00000e+0, 0.00000e+0, 3, -1, Disabled
10/18/2022 23:51:25.469, 10/18/2022 23:51:25.417, 3.85790e+0, 1.14073e-3, 9.22943e+1, 2.72901e-2, 2.01376e+0, 5.90473e-3, 1.24497e+4, 2.56590e+2, 1.42670e+4, 3.05066e+2, 1.46552e+3, 5.68139e+1, 2.03915e+0, 6.29829e-3, 1.48400e+3, 5.77361e+1, 5.07724e+2, 1.55336e-1, 2.22605e+1, 2.17152e-3, 2.52251e+1, 1.10342e-1, 3.21954e+0, 8.53839e-4, 2.72119e+0, 5.84072e-4, 2.00000e+1, 0.00000e+0, 9.00000e+0, 0.00000e+0, 3, -1, Disabled
10/18/2022 23:51:30.469, 10/18/2022 23:51:30.389, 3.86104e+0, 1.32013e-3, 9.23695e+1, 3.15821e-2, 2.01831e+0, 4.77510e-3, 1.25369e+4, 1.31601e+2, 1.39527e+4, 3.05432e+2, 1.48233e+3, 4.66051e+1, 2.04393e+0, 4.90359e-3, 1.50116e+3, 4.72906e+1, 5.07653e+2, 1.40869e-1, 2.22657e+1, 3.13859e-3, 2.52566e+1, 8.76742e-2, 3.21952e+0, 1.45710e-3, 2.72147e+0, 8.03884e-4, 2.00000e+1, 0.00000e+0, 9.00000e+0, 0.00000e+0, 3, -1, Disabled
10/18/2022 23:51:35.411, 10/18/2022 23:51:35.362, 3.86362e+0, 1.12561e-3, 9.24312e+1, 2.69284e-2, 2.01703e+0, 7.09134e-3, 1.21780e+4, 3.24234e+2, 1.40436e+4, 2.69162e+2, 1.43762e+3, 3.14750e+0, 2.04189e+0, 7.04788e-3, 1.45534e+3, 3.28598e+0, 5.07742e+2, 1.75202e-1, 2.22717e+1, 2.96332e-3, 2.53387e+1, 7.78342e-2, 3.22031e+0, 9.65437e-4, 2.72185e+0, 1.00178e-3, 2.00000e+1, 0.00000e+0, 9.00000e+0, 0.00000e+0, 3, -1, Disabled
10/18/2022 23:51:40.387, 10/18/2022 23:51:40.335, 3.86705e+0, 1.13237e-3, 9.25131e+1, 2.70901e-2, 2.01393e+0, 4.90248e-3, 1.21436e+4, 7.85756e+1, 1.39871e+4, 1.04749e+2, 1.45913e+3, 2.38618e+1, 2.03869e+0, 4.92704e-3, 1.47707e+3, 2.41616e+1, 5.07796e+2, 1.25011e-1, 2.22783e+1, 2.48326e-3, 2.53820e+1, 9.13995e-2, 3.22024e+0, 1.88718e-3, 2.72133e+0, 9.10494e-4, 2.00000e+1, 0.00000e+0, 9.00000e+0, 0.00000e+0, 3, -1, Disabled
10/18/2022 23:51:45.368, 10/18/2022 23:51:45.307, 3.87020e+0, 1.26538e-3, 9.25884e+1, 3.02722e-2, 2.02024e+0, 4.87399e-3, 1.23497e+4, 4.37659e+2, 1.41539e+4, 3.37398e+2, 1.47602e+3, 1.20987e+1, 2.04550e+0, 5.02437e-3, 1.49447e+3, 1.21762e+1, 5.07727e+2, 1.62250e-1, 2.22812e+1, 1.41298e-3, 2.53632e+1, 7.75259e-2, 3.22004e+0, 1.32214e-3, 2.72054e+0, 6.93495e-4, 2.00000e+1, 0.00000e+0, 9.00000e+0, 0.00000e+0, 3, -1, Disabled
10/18/2022 23:51:50.359, 10/18/2022 23:51:50.280, 3.87291e+0, 1.17285e-3, 9.26534e+1, 2.80587e-2, 2.01431e+0, 5.09311e-3, 1.21175e+4, 3.70395e+2, 1.35794e+4, 2.13933e+2, 1.48740e+3, 1.74735e+1, 2.03902e+0, 5.78351e-3, 1.50565e+3, 1.73484e+1, 5.07766e+2, 1.44920e-1, 2.22894e+1, 4.13978e-3, 2.54473e+1, 7.46431e-2, 3.22111e+0, 8.76689e-4, 2.72147e+0, 1.08168e-3, 2.00000e+1, 0.00000e+0, 9.00000e+0, 0.00000e+0, 3, -1, Disabled
10/18/2022 23:51:55.311, 10/18/2022 23:51:55.252, 3.87593e+0, 1.10255e-3, 9.27257e+1, 2.63769e-2, 2.01489e+0, 5.35920e-3, 1.23390e+4, 2.15976e+2, 1.35605e+4, 2.87688e+2, 1.51410e+3, 7.41817e+1, 2.04006e+0, 5.12902e-3, 1.53302e+3, 7.52497e+1, 5.07744e+2, 1.48924e-1, 2.22967e+1, 1.68308e-3, 2.54468e+1, 9.49047e-2, 3.22006e+0, 2.51166e-3, 2.72058e+0, 6.40989e-4, 2.00000e+1, 0.00000e+0, 9.00000e+0, 0.00000e+0, 3, -1, Disabled
10/18/2022 23:52:00.281, 10/18/2022 23:52:00.225, 3.87843e+0, 1.08269e-3, 9.27854e+1, 2.59016e-2, 2.01414e+0, 6.55845e-3, 1.21874e+4, 2.02818e+2, 1.43378e+4, 3.78388e+2, 1.52846e+3, 2.45029e+1, 2.03899e+0, 6.59941e-3, 1.54732e+3, 2.45643e+1, 5.07756e+2, 1.58079e-1, 2.23080e+1, 4.26278e-3, 2.55343e+1, 8.38450e-2, 3.21956e+0, 1.85007e-3, 2.72200e+0, 1.37982e-3, 2.00000e+1, 0.00000e+0, 9.00000e+0, 0.00000e+0, 3, -1, Disabled
10/18/2022 23:52:05.257, 10/18/2022 23:52:05.198, 3.88133e+0, 1.25986e-3, 9.28549e+1, 3.01401e-2, 2.01506e+0, 7.22180e-3, 1.24394e+4, 2.79917e+2, 1.42010e+4, 3.39588e+2, 1.50642e+3, 3.57025e+1, 2.04044e+0, 7.43679e-3, 1.52539e+3, 3.59087e+1, 5.07725e+2, 1.35581e-1, 2.23188e+1, 4.16104e-3, 2.55320e+1, 8.64745e-2, 3.21985e+0, 7.86394e-4, 2.72149e+0, 9.30288e-4, 2.00000e+1, 0.00000e+0, 9.00000e+0, 0.00000e+0, 3, -1, Disabled
10/18/2022 23:52:10.229, 10/18/2022 23:52:10.171, 3.88401e+0, 1.15597e-3, 9.29189e+1, 2.76547e-2, 2.01237e+0, 6.72869e-3, 1.24398e+4, 1.98665e+2, 1.41720e+4, 3.64075e+2, 1.52016e+3, 7.52953e+1, 2.03772e+0, 6.65237e-3, 1.53931e+3, 7.62241e+1, 5.07805e+2, 1.40778e-1, 2.23331e+1, 6.63473e-3, 2.56062e+1, 6.18408e-2, 3.21989e+0, 1.97574e-3, 2.72060e+0, 1.33559e-3, 2.00000e+1, 0.00000e+0, 9.00000e+0, 0.00000e+0, 3, -1, Disabled
10/18/2022 23:52:15.206, 10/18/2022 23:52:15.150, 3.88642e+0, 9.50595e-4, 9.29764e+1, 2.27415e-2, 2.01841e+0, 7.76171e-3, 1.22795e+4, 2.72072e+2, 1.38440e+4, 2.15705e+2, 1.45257e+3, 1.08989e+1, 2.04350e+0, 7.96444e-3, 1.47063e+3, 1.10227e+1, 5.07761e+2, 1.36358e-1, 2.23351e+1, 2.21731e-3, 2.56588e+1, 9.00963e-2, 3.21960e+0, 1.17141e-3, 2.72047e+0, 1.51077e-3, 2.00000e+1, 0.00000e+0, 9.00000e+0, 0.00000e+0, 3, -1, Disabled
10/18/2022 23:52:20.180, 10/18/2022 23:52:20.129, 3.88901e+0, 6.54008e-4, 9.30385e+1, 1.56461e-2, 2.01332e+0, 6.63991e-3, 1.22471e+4, 3.04085e+2, 1.38105e+4, 1.83025e+2, 1.44490e+3, 1.02042e+1, 2.03828e+0, 6.93514e-3, 1.46281e+3, 1.02243e+1, 5.07730e+2, 1.57471e-1, 2.23433e+1, 1.77095e-3, 2.56704e+1, 7.67721e-2, 3.21933e+0, 7.37009e-4, 2.72019e+0, 1.29357e-3, 2.00000e+1, 0.00000e+0, 9.00000e+0, 0.00000e+0, 3, -1, Disabled
10/18/2022 23:52:25.152, 10/18/2022 23:52:25.102, 3.89146e+0, 9.86194e-4, 9.30971e+1, 2.35932e-2, 2.02083e+0, 3.15392e-3, 1.23554e+4, 2.55489e+2, 1.39035e+4, 1.28908e+2, 1.47638e+3, 3.56132e+1, 2.04611e+0, 3.53950e-3, 1.49485e+3, 3.63553e+1, 5.07761e+2, 1.29750e-1, 2.23508e+1, 3.46105e-3, 2.57022e+1, 7.13482e-2, 3.21898e+0, 5.63384e-4, 2.72110e+0, 1.04362e-3, 2.00000e+1, 0.00000e+0, 9.00000e+0, 0.00000e+0, 3, -1, Disabled
10/18/2022 23:52:30.160, 10/18/2022 23:52:30.075, 3.89305e+0, 1.39581e-3, 9.31352e+1, 3.33926e-2, 2.01769e+0, 4.07962e-3, 1.23661e+4, 2.90093e+2, 1.40363e+4, 1.71364e+2, 1.45297e+3, 6.11927e+0, 2.04295e+0, 4.31791e-3, 1.47116e+3, 6.14696e+0, 5.07770e+2, 1.98391e-1, 2.23627e+1, 6.11235e-3, 2.57488e+1, 7.72085e-2, 3.21917e+0, 6.86230e-4, 2.72107e+0, 7.04399e-4, 2.00000e+1, 0.00000e+0, 9.00000e+0, 0.00000e+0, 3, -1, Disabled
10/18/2022 23:52:35.102, 10/18/2022 23:52:35.048, 3.89559e+0, 1.19124e-3, 9.31960e+1, 2.84986e-2, 2.01473e+0, 5.88579e-3, 1.20109e+4, 3.08897e+2, 1.40449e+4, 2.98694e+2, 1.45378e+3, 1.42606e+1, 2.03923e+0, 5.89070e-3, 1.47145e+3, 1.42964e+1, 5.07719e+2, 1.09156e-1, 2.23694e+1, 2.31072e-3, 2.57956e+1, 8.01327e-2, 3.22004e+0, 6.82189e-4, 2.72071e+0, 5.12430e-4, 2.00000e+1, 0.00000e+0, 9.00000e+0, 0.00000e+0, 3, -1, Disabled
10/18/2022 23:52:40.121, 10/18/2022 23:52:40.021, 3.89784e+0, 7.03561e-4, 9.32498e+1, 1.68316e-2, 2.01745e+0, 3.06009e-3, 1.23145e+4, 3.09433e+2, 1.39480e+4, 2.42971e+2, 1.46037e+3, 7.30177e+0, 2.04260e+0, 3.04073e-3, 1.47858e+3, 7.02916e+0, 5.07708e+2, 1.19811e-1, 2.23768e+1, 5.03484e-3, 2.58264e+1, 7.26324e-2, 3.22037e+0, 9.63585e-4, 2.72021e+0, 9.59854e-4, 2.00000e+1, 0.00000e+0, 9.00000e+0, 0.00000e+0, 3, -1, Disabled
10/18/2022 23:52:45.091, 10/18/2022 23:52:44.993, 3.89967e+0, 6.01577e-4, 9.32936e+1, 1.43918e-2, 2.01677e+0, 3.92643e-3, 1.24369e+4, 1.60311e+2, 1.41148e+4, 2.06412e+2, 1.46513e+3, 3.73969e+1, 2.04217e+0, 4.13710e-3, 1.48358e+3, 3.79561e+1, 5.07712e+2, 1.34632e-1, 2.23890e+1, 4.18960e-3, 2.58602e+1, 7.50736e-2, 3.22007e+0, 1.39725e-3, 2.72150e+0, 4.28421e-4, 2.00000e+1, 0.00000e+0, 9.00000e+0, 0.00000e+0, 3, -1, Disabled
10/18/2022 23:52:50.019, 10/18/2022 23:52:49.966, 3.90176e+0, 5.23608e-4, 9.33435e+1, 1.25265e-2, 2.01703e+0, 1.62923e-3, 1.22822e+4, 2.05661e+2, 1.38944e+4, 3.66904e+2, 1.46076e+3, 1.29988e+1, 2.04211e+0, 1.64519e-3, 1.47892e+3, 1.33261e+1, 5.07692e+2, 1.39856e-1, 2.23980e+1, 3.75307e-3, 2.58924e+1, 8.68488e-2, 3.22193e+0, 1.51563e-3, 2.72270e+0, 5.27890e-4, 2.00000e+1, 0.00000e+0, 9.00000e+0, 0.00000e+0, 3, -1, Disabled
10/18/2022 23:52:54.995, 10/18/2022 23:52:54.947, 3.90390e+0, 5.40147e-4, 9.33947e+1, 1.29222e-2, 2.01767e+0, 3.62147e-3, 1.23017e+4, 1.66001e+2, 1.41771e+4, 2.20982e+2, 1.47364e+3, 3.50910e+1, 2.04280e+0, 3.83620e-3, 1.49200e+3, 3.55659e+1, 5.07711e+2, 1.50017e-1, 2.24055e+1, 2.88447e-3, 2.59314e+1, 8.51189e-2, 3.22270e+0, 6.28839e-4, 2.72119e+0, 5.74970e-4, 2.00000e+1, 0.00000e+0, 9.00000e+0, 0.00000e+0, 3, -1, Disabled
10/18/2022 23:52:59.974, 10/18/2022 23:52:59.918, 3.90542e+0, 4.80400e-4, 9.34310e+1, 1.14928e-2, 2.01443e+0, 4.23589e-3, 1.24939e+4, 3.24247e+2, 1.40386e+4, 2.58312e+2, 1.44698e+3, 7.29971e+0, 2.03992e+0, 4.12487e-3, 1.46529e+3, 7.53564e+0, 5.07716e+2, 1.09968e-1, 2.24185e+1, 4.24881e-3, 2.59748e+1, 8.02540e-2, 3.22185e+0, 7.99594e-4, 2.72174e+0, 8.58109e-4, 2.00000e+1, 0.00000e+0, 9.00000e+0, 0.00000e+0, 3, -1, Disabled
10/18/2022 23:53:04.958, 10/18/2022 23:53:04.897, 3.90708e+0, 4.64114e-4, 9.34709e+1, 1.11032e-2, 2.01655e+0, 1.82953e-3, 1.26471e+4, 3.18759e+2, 1.42302e+4, 3.35858e+2, 1.45200e+3, 9.55432e+0, 2.04238e+0, 1.29981e-3, 1.47060e+3, 9.41537e+0, 5.07696e+2, 1.13876e-1, 2.24279e+1, 5.30503e-3, 2.60142e+1, 6.69984e-2, 3.22267e+0, 5.98348e-4, 2.72269e+0, 1.11980e-3, 2.00000e+1, 0.00000e+0, 9.00000e+0, 0.00000e+0, 3, -1, Disabled
10/18/2022 23:53:09.931, 10/18/2022 23:53:09.869, 3.90860e+0, 6.17233e-4, 9.35073e+1, 1.47663e-2, 2.01706e+0, 4.20712e-3, 1.23494e+4, 5.54832e+2, 1.41035e+4, 1.75971e+2, 1.47815e+3, 4.19636e+1, 2.04228e+0, 3.56816e-3, 1.49664e+3, 4.31823e+1, 5.07709e+2, 1.21062e-1, 2.24398e+1, 4.82502e-3, 2.60623e+1, 7.86943e-2, 3.22202e+0, 5.07849e-4, 2.72301e+0, 7.09973e-4, 2.00000e+1, 0.00000e+0, 9.00000e+0, 0.00000e+0, 3, -1, Disabled
10/18/2022 23:53:14.896, 10/18/2022 23:53:14.843, 3.91024e+0, 7.98903e-4, 9.35464e+1, 1.91125e-2, 2.01253e+0, 3.91198e-3, 1.19428e+4, 3.45095e+2, 1.38604e+4, 2.54643e+2, 1.45134e+3, 1.15993e+1, 2.03686e+0, 4.22875e-3, 1.46889e+3, 1.18344e+1, 5.07701e+2, 1.23463e-1, 2.24478e+1, 2.83682e-3, 2.60901e+1, 6.30418e-2, 3.22356e+0, 6.57032e-4, 2.72178e+0, 6.50925e-4, 2.00000e+1, 0.00000e+0, 9.00000e+0, 0.00000e+0, 3, -1, Disabled
10/18/2022 23:53:19.871, 10/18/2022 23:53:19.815, 3.91156e+0, 7.33023e-4, 9.35779e+1, 1.75364e-2, 2.01312e+0, 3.59675e-3, 1.24462e+4, 2.06385e+2, 1.41045e+4, 2.79883e+2, 1.47470e+3, 3.71100e+1, 2.03849e+0, 3.45745e-3, 1.49329e+3, 3.77879e+1, 5.07686e+2, 9.50021e-2, 2.24578e+1, 4.27236e-3, 2.61297e+1, 4.81517e-2, 3.22286e+0, 6.70185e-4, 2.72179e+0, 4.38097e-4, 2.00000e+1, 0.00000e+0, 9.00000e+0, 0.00000e+0, 3, -1, Disabled
10/18/2022 23:53:24.838, 10/18/2022 23:53:24.789, 3.91284e+0, 9.47907e-4, 9.36087e+1, 2.26772e-2, 2.01076e+0, 3.88006e-3, 1.24620e+4, 5.57950e+2, 1.43462e+4, 3.33813e+2, 1.50941e+3, 4.59542e+1, 2.03614e+0, 3.02997e-3, 1.52848e+3, 4.73491e+1, 5.07685e+2, 1.07962e-1, 2.24685e+1, 1.79900e-3, 2.61789e+1, 6.87858e-2, 3.22232e+0, 2.51812e-4, 2.72295e+0, 5.68479e-4, 2.00000e+1, 0.00000e+0, 9.00000e+0, 0.00000e+0, 3, -1, Disabled
10/18/2022 23:53:29.812, 10/18/2022 23:53:29.761, 3.91422e+0, 5.68001e-4, 9.36416e+1, 1.35885e-2, 2.01255e+0, 3.31164e-3, 1.26482e+4, 4.21514e+2, 1.43358e+4, 2.62296e+2, 1.49211e+3, 1.40544e+1, 2.03833e+0, 3.46592e-3, 1.51123e+3, 1.45307e+1, 5.07733e+2, 9.16802e-2, 2.24784e+1, 4.93964e-3, 2.62460e+1, 3.93205e-2, 3.22349e+0, 1.07559e-3, 2.72311e+0, 6.93351e-4, 2.00000e+1, 0.00000e+0, 9.00000e+0, 0.00000e+0, 3, -1, Disabled
10/18/2022 23:53:34.783, 10/18/2022 23:53:34.734, 3.91583e+0, 2.95775e-4, 9.36800e+1, 7.07597e-3, 2.00822e+0, 5.57534e-3, 1.23912e+4, 3.70849e+2, 1.44597e+4, 1.66464e+2, 1.50880e+3, 5.16949e+0, 2.03342e+0, 5.64212e-3, 1.52773e+3, 5.53855e+0, 5.07741e+2, 9.31656e-2, 2.24918e+1, 4.10481e-3, 2.62624e+1, 7.54059e-2, 3.22314e+0, 9.85875e-4, 2.72318e+0, 4.63446e-4, 2.00000e+1, 0.00000e+0, 9.00000e+0, 0.00000e+0, 3, -1, Disabled
10/18/2022 23:53:39.757, 10/18/2022 23:53:39.706, 3.91766e+0, 7.14959e-4, 9.37239e+1, 1.71043e-2, 2.01713e+0, 5.39489e-3, 1.28010e+4, 2.60524e+2, 1.45054e+4, 1.84549e+2, 1.50053e+3, 2.22195e+1, 2.04328e+0, 5.58791e-3, 1.51999e+3, 2.26710e+1, 5.07700e+2, 1.18056e-1, 2.24993e+1, 3.34246e-3, 2.62694e+1, 8.38253e-2, 3.22525e+0, 7.70728e-4, 2.72312e+0, 3.36853e-4, 2.00000e+1, 0.00000e+0, 9.00000e+0, 0.00000e+0, 3, -1, Disabled
10/18/2022 23:53:44.731, 10/18/2022 23:53:44.678, 3.91713e+0, 7.10753e-4, 9.37113e+1, 1.70037e-2, 2.01181e+0, 5.31566e-3, 1.28938e+4, 3.51501e+2, 1.46994e+4, 1.84384e+2, 1.65185e+3, 3.86330e+1, 2.03809e+0, 5.60579e-3, 1.67342e+3, 3.88656e+1, 5.07635e+2, 1.15103e-1, 2.25108e+1, 4.60346e-3, 2.62983e+1, 6.38948e-2, 3.22484e+0, 4.85245e-4, 2.72325e+0, 3.69048e-4, 2.00000e+1, 0.00000e+0, 9.00000e+0, 0.00000e+0, 3, -1, Disabled
10/18/2022 23:53:49.703, 10/18/2022 23:53:49.651, 3.92018e+0, 7.69477e-4, 9.37841e+1, 1.84085e-2, 2.00886e+0, 5.20614e-3, 1.41868e+4, 4.20051e+2, 1.60069e+4, 7.78969e+2, 1.55142e+3, 7.97490e+1, 2.03776e+0, 4.82954e-3, 1.57375e+3, 8.10339e+1, 5.07708e+2, 1.30416e-1, 2.25254e+1, 3.22954e-3, 2.63799e+1, 5.65319e-2, 3.22374e+0, 6.45005e-4, 2.72326e+0, 3.73198e-4, 2.00000e+1, 0.00000e+0, 9.00000e+0, 0.00000e+0, 3, -1, Disabled
10/18/2022 23:53:54.679, 10/18/2022 23:53:54.625, 3.92115e+0, 3.91919e-4, 9.38073e+1, 9.37606e-3, 2.01155e+0, 3.56419e-3, 1.35409e+4, 7.13635e+2, 1.53051e+4, 4.87372e+2, 1.57583e+3, 5.74719e+1, 2.03916e+0, 3.27705e-3, 1.59749e+3, 5.91112e+1, 5.07735e+2, 9.60930e-2, 2.25390e+1, 4.86024e-3, 2.63791e+1, 5.92047e-2, 3.22385e+0, 1.01873e-3, 2.72350e+0, 5.93548e-4, 2.00000e+1, 0.00000e+0, 9.00000e+0, 0.00000e+0, 3, -1, Disabled
10/18/2022 23:53:59.648, 10/18/2022 23:53:59.597, 3.92224e+0, 3.41226e-4, 9.38336e+1, 8.16330e-3, 2.01480e+0, 4.35960e-3, 1.30646e+4, 6.39846e+2, 1.48123e+4, 1.89668e+2, 1.52375e+3, 6.66432e+1, 2.04147e+0, 4.71399e-3, 1.54394e+3, 6.79614e+1, 5.07723e+2, 1.11889e-1, 2.25489e+1, 6.97494e-3, 2.63912e+1, 6.82358e-2, 3.22635e+0, 6.89043e-4, 2.72359e+0, 1.45827e-4, 2.00000e+1, 0.00000e+0, 9.00000e+0, 0.00000e+0, 3, -1, Disabled
10/18/2022 23:54:04.653, 10/18/2022 23:54:04.570, 3.92313e+0, 7.65019e-4, 9.38547e+1, 1.83019e-2, 2.01631e+0, 2.97469e-3, 1.28799e+4, 4.74123e+2, 1.44729e+4, 3.94239e+2, 1.48656e+3, 1.37052e+1, 2.04262e+0, 3.66077e-3, 1.50595e+3, 1.35604e+1, 5.07654e+2, 5.84503e-2, 2.25645e+1, 3.99877e-3, 2.64411e+1, 4.14866e-2, 3.22561e+0, 6.31274e-4, 2.72399e+0, 4.28879e-4, 2.00000e+1, 0.00000e+0, 9.00000e+0, 0.00000e+0, 3, -1, Disabled
10/18/2022 23:54:09.603, 10/18/2022 23:54:09.542, 3.92382e+0, 3.89506e-4, 9.38712e+1, 9.31832e-3, 2.01124e+0, 4.10404e-3, 1.33595e+4, 7.98465e+2, 1.52520e+4, 7.05184e+2, 1.53881e+3, 1.46638e+1, 2.03847e+0, 2.53449e-3, 1.55964e+3, 1.45855e+1, 5.07733e+2, 1.19741e-1, 2.25754e+1, 2.83094e-3, 2.65251e+1, 3.40479e-2, 3.22559e+0, 1.01974e-3, 2.72387e+0, 2.58140e-4, 2.00000e+1, 0.00000e+0, 9.00000e+0, 0.00000e+0, 3, -1, Disabled
10/18/2022 23:54:14.575, 10/18/2022 23:54:14.515, 3.92508e+0, 3.05517e-4, 9.39014e+1, 7.30901e-3, 2.01414e+0, 4.10270e-3, 1.31632e+4, 3.96669e+2, 1.51788e+4, 3.32762e+2, 1.54410e+3, 2.05073e+1, 2.04101e+0, 4.53606e-3, 1.56470e+3, 2.08764e+1, 5.07723e+2, 7.92945e-2, 2.25891e+1, 6.96976e-3, 2.64804e+1, 7.06377e-2, 3.22571e+0, 8.25409e-4, 2.72351e+0, 5.20445e-4, 2.00000e+1, 0.00000e+0, 9.00000e+0, 0.00000e+0, 3, -1, Disabled
10/18/2022 23:54:19.572, 10/18/2022 23:54:19.488, 3.92596e+0, 1.04424e-3, 9.39225e+1, 2.49818e-2, 2.01416e+0, 3.49073e-3, 1.34648e+4, 1.67297e+2, 1.53848e+4, 3.85263e+2, 1.65559e+3, 1.35617e+2, 2.04165e+0, 3.56055e-3, 1.67819e+3, 1.37534e+2, 5.07626e+2, 7.98303e-2, 2.26035e+1, 3.64677e-3, 2.65540e+1, 4.56269e-2, 3.22451e+0, 1.05468e-3, 2.72355e+0, 6.08072e-4, 2.00000e+1, 0.00000e+0, 9.00000e+0, 0.00000e+0, 3, -1, Disabled
10/18/2022 23:54:24.559, 10/18/2022 23:54:24.460, 3.92691e+0, 4.37846e-4, 9.39451e+1, 1.04748e-2, 2.01763e+0, 3.24376e-3, 1.31569e+4, 4.14375e+2, 1.51002e+4, 3.00261e+2, 1.51512e+3, 2.78587e+1, 2.04453e+0, 3.47599e-3, 1.53533e+3, 2.88152e+1, 5.07744e+2, 1.05267e-1, 2.26130e+1, 3.34728e-3, 2.66751e+1, 2.13672e-2, 3.22352e+0, 7.60879e-4, 2.72305e+0, 5.17548e-4, 2.00000e+1, 0.00000e+0, 9.00000e+0, 0.00000e+0, 3, -1, Disabled
10/18/2022 23:54:29.514, 10/18/2022 23:54:29.434, 3.92819e+0, 3.29809e-4, 9.39758e+1, 7.89017e-3, 2.01410e+0, 6.81080e-3, 1.30341e+4, 3.49704e+2, 1.52407e+4, 5.34129e+2, 1.51605e+3, 2.51247e+1, 2.04069e+0, 6.34901e-3, 1.53608e+3, 2.58686e+1, 5.07756e+2, 1.15012e-1, 2.26226e+1, 4.34726e-3, 2.66399e+1, 9.68980e-2, 3.22213e+0, 9.31614e-4, 2.72227e+0, 7.84063e-4, 2.00000e+1, 0.00000e+0, 9.00000e+0, 0.00000e+0, 3, -1, Disabled
10/18/2022 23:54:34.485, 10/18/2022 23:54:34.406, 3.92870e+0, 5.03276e-4, 9.39881e+1, 1.20401e-2, 2.01189e+0, 1.75802e-3, 1.33346e+4, 4.73000e+2, 1.57352e+4, 5.03118e+2, 1.52650e+3, 1.08823e+1, 2.03908e+0, 1.73167e-3, 1.54713e+3, 1.15409e+1, 5.07674e+2, 7.60967e-2, 2.26388e+1, 5.06015e-3, 2.67147e+1, 4.10417e-2, 3.22177e+0, 8.42562e-4, 2.72264e+0, 5.21501e-4, 2.00000e+1, 0.00000e+0, 9.00000e+0, 0.00000e+0, 3, -1, Disabled
10/18/2022 23:54:39.442, 10/18/2022 23:54:39.378, 3.92978e+0, 5.60821e-4, 9.40139e+1, 1.34168e-2, 2.01437e+0, 5.19588e-3, 1.27151e+4, 4.34248e+2, 1.49077e+4, 5.31169e+2, 1.51672e+3, 9.47048e+0, 2.04031e+0, 5.27099e-3, 1.53626e+3, 1.02081e+1, 5.07770e+2, 5.92592e-2, 2.26528e+1, 6.58934e-3, 2.67559e+1, 6.86056e-2, 3.22068e+0, 6.16281e-4, 2.72247e+0, 5.36500e-4, 2.00000e+1, 0.00000e+0, 9.00000e+0, 0.00000e+0, 3, -1, Disabled
10/18/2022 23:54:44.410, 10/18/2022 23:54:44.352, 3.93018e+0, 7.21894e-4, 9.40234e+1, 1.72702e-2, 2.01818e+0, 6.88873e-3, 1.31501e+4, 9.87384e+2, 1.54112e+4, 1.07778e+3, 1.50529e+3, 1.58135e+1, 2.04508e+0, 6.44590e-3, 1.52536e+3, 1.75452e+1, 5.07650e+2, 5.19447e-2, 2.26658e+1, 2.49923e-3, 2.68023e+1, 3.87481e-2, 3.21931e+0, 5.69207e-4, 2.72168e+0, 8.22239e-4, 2.00000e+1, 0.00000e+0, 9.00000e+0, 0.00000e+0, 3, -1, Disabled
10/18/2022 23:54:49.407, 10/18/2022 23:54:49.331, 3.93116e+0, 2.48740e-4, 9.40469e+1, 5.95071e-3, 2.01890e+0, 3.29928e-3, 1.28972e+4, 3.05430e+2, 1.50996e+4, 2.50371e+2, 1.52127e+3, 1.03050e+1, 2.04528e+0, 3.77234e-3, 1.54115e+3, 1.08614e+1, 5.07765e+2, 6.98381e-2, 2.26760e+1, 4.69894e-3, 2.68347e+1, 4.57254e-2, 3.22017e+0, 6.53293e-4, 2.72133e+0, 3.04381e-4, 2.00000e+1, 0.00000e+0, 9.00000e+0, 0.00000e+0, 3, -1, Disabled
10/18/2022 23:54:54.413, 10/18/2022 23:54:54.303, 3.93162e+0, 5.68642e-4, 9.40579e+1, 1.36039e-2, 2.01815e+0, 5.19721e-3, 1.29604e+4, 2.92234e+2, 1.49734e+4, 4.51884e+2, 1.53510e+3, 7.78446e+0, 2.04465e+0, 5.44379e-3, 1.55526e+3, 7.84466e+0, 5.07645e+2, 5.20485e-2, 2.26910e+1, 5.65079e-3, 2.68331e+1, 3.78103e-2, 3.21956e+0, 1.06655e-3, 2.72138e+0, 5.27679e-4, 2.00000e+1, 0.00000e+0, 9.00000e+0, 0.00000e+0, 3, -1, Disabled
10/18/2022 23:54:59.330, 10/18/2022 23:54:59.277, 3.93241e+0, 4.03693e-4, 9.40767e+1, 9.65773e-3, 2.01901e+0, 2.55454e-3, 1.27657e+4, 3.52253e+2, 1.46806e+4, 2.93908e+2, 1.50539e+3, 2.75962e+0, 2.04512e+0, 2.34949e-3, 1.52485e+3, 2.45213e+0, 5.07724e+2, 3.62978e-2, 2.27031e+1, 4.90320e-3, 2.68281e+1, 1.97873e-2, 3.22045e+0, 1.26729e-3, 2.72312e+0, 1.20811e-3, 2.00000e+1, 0.00000e+0, 9.00000e+0, 0.00000e+0, 3, -1, Disabled
10/18/2022 23:55:04.297, 10/18/2022 23:55:04.248, 3.93258e+0, 4.99435e-4, 9.40809e+1, 1.19482e-2, 2.01555e+0, 7.40879e-3, 1.49247e+4, 1.60417e+3, 1.72559e+4, 2.15665e+3, 1.50760e+3, 4.21145e+0, 2.04609e+0, 6.93034e-3, 1.53045e+3, 4.03164e+0, 5.07528e+2, 5.97508e-2, 2.27148e+1, 3.25362e-3, 2.68572e+1, 3.76282e-2, 3.22323e+0, 2.18448e-3, 2.72504e+0, 9.26668e-4, 2.00000e+1, 0.00000e+0, 9.00000e+0, 0.00000e+0, 3, -1, Disabled
10/18/2022 23:55:09.278, 10/18/2022 23:55:09.222, 3.93365e+0, 3.18336e-4, 9.41065e+1, 7.61569e-3, 2.01521e+0, 1.58513e-3, 1.44558e+4, 4.08739e+2, 1.71220e+4, 5.43861e+2, 1.53407e+3, 1.02521e+1, 2.04477e+0, 2.10392e-3, 1.55657e+3, 1.01434e+1, 5.07614e+2, 4.23976e-2, 2.27264e+1, 2.85113e-3, 2.68412e+1, 3.46452e-2, 3.22373e+0, 7.55127e-4, 2.72497e+0, 2.24052e-4, 2.00000e+1, 0.00000e+0, 9.00000e+0, 0.00000e+0, 3, -1, Disabled
10/18/2022 23:55:14.273, 10/18/2022 23:55:14.194, 3.93364e+0, 5.27770e-4, 9.41062e+1, 1.26261e-2, 2.01847e+0, 6.46447e-3, 1.35213e+4, 1.37531e+3, 1.60393e+4, 1.18844e+3, 1.53063e+3, 7.11867e+0, 2.04614e+0, 4.75527e-3, 1.55162e+3, 7.82864e+0, 5.07547e+2, 7.40469e-2, 2.27362e+1, 3.84984e-3, 2.69150e+1, 2.29940e-2, 3.22528e+0, 6.87179e-4, 2.72634e+0, 7.00496e-4, 2.00000e+1, 0.00000e+0, 9.00000e+0, 0.00000e+0, 3, -1, Disabled
10/18/2022 23:55:19.225, 10/18/2022 23:55:19.167, 3.93454e+0, 6.03642e-4, 9.41278e+1, 1.44412e-2, 2.02663e+0, 4.80518e-3, 1.27008e+4, 3.92385e+2, 1.50023e+4, 2.37914e+2, 1.56145e+3, 1.49553e+1, 2.05271e+0, 5.65422e-3, 1.58153e+3, 1.46370e+1, 5.07520e+2, 5.30342e-2, 2.27497e+1, 4.99346e-3, 2.68691e+1, 1.63456e-2, 3.22666e+0, 9.90351e-4, 2.72814e+0, 1.08463e-3, 2.00000e+1, 0.00000e+0, 9.00000e+0, 0.00000e+0, 3, -1, Disabled
10/18/2022 23:55:24.221, 10/18/2022 23:55:24.140, 3.93458e+0, 3.49922e-4, 9.41288e+1, 8.37134e-3, 2.02674e+0, 4.97624e-3, 1.19991e+4, 4.33481e+2, 1.44515e+4, 4.26293e+2, 1.54418e+3, 1.10726e+1, 2.05135e+0, 4.74378e-3, 1.56293e+3, 1.10459e+1, 5.07609e+2, 6.47731e-2, 2.27646e+1, 4.59847e-3, 2.69799e+1, 2.57655e-2, 3.23024e+0, 1.61029e-3, 2.73031e+0, 6.39104e-4, 2.00000e+1, 0.00000e+0, 9.00000e+0, 0.00000e+0, 3, -1, Disabled
10/18/2022 23:55:29.188, 10/18/2022 23:55:29.113, 3.93508e+0, 2.27925e-4, 9.41406e+1, 5.45276e-3, 2.02246e+0, 3.50174e-3, 1.23475e+4, 4.24937e+2, 1.45453e+4, 2.56542e+2, 1.57824e+3, 2.51015e+1, 2.04775e+0, 3.99892e-3, 1.59797e+3, 2.51280e+1, 5.07479e+2, 2.74015e-2, 2.27783e+1, 4.07748e-3, 2.69843e+1, 3.50144e-2, 3.23383e+0, 1.45063e-3, 2.73379e+0, 1.69058e-3, 2.00000e+1, 0.00000e+0, 9.00000e+0, 0.00000e+0, 3, -1, Disabled
10/18/2022 23:55:34.166, 10/18/2022 23:55:34.084, 3.93592e+0, 2.13126e-4, 9.41607e+1, 5.09870e-3, 2.02906e+0, 3.82740e-3, 1.18334e+4, 3.16792e+2, 1.44084e+4, 4.53956e+2, 1.55663e+3, 8.05811e+0, 2.05336e+0, 3.79905e-3, 1.57527e+3, 8.40489e+0, 5.07606e+2, 4.53035e-2, 2.27922e+1, 4.78125e-3, 2.70068e+1, 4.93504e-2, 3.23765e+0, 2.19795e-3, 2.73670e+0, 6.72074e-4, 2.00000e+1, 0.00000e+0, 9.00000e+0, 0.00000e+0, 3, -1, Disabled
10/18/2022 23:55:39.110, 10/18/2022 23:55:39.057, 3.93582e+0, 1.89218e-4, 9.41584e+1, 4.52675e-3, 2.02922e+0, 2.78384e-3, 1.17411e+4, 1.89888e+2, 1.41632e+4, 2.76265e+2, 1.53311e+3, 1.38651e+1, 2.05333e+0, 3.18261e-3, 1.55133e+3, 1.42885e+1, 5.07578e+2, 6.00152e-2, 2.28072e+1, 4.47424e-3, 2.70882e+1, 1.07656e-2, 3.24347e+0, 2.11792e-3, 2.74103e+0, 1.68464e-3, 2.00000e+1, 0.00000e+0, 9.00000e+0, 0.00000e+0, 3, -1, Disabled
10/18/2022 23:55:44.088, 10/18/2022 23:55:44.030, 3.93659e+0, 2.46545e-4, 9.41769e+1, 5.89820e-3, 2.02945e+0, 4.79135e-3, 1.15225e+4, 4.08485e+2, 1.40404e+4, 2.96976e+2, 1.52658e+3, 5.48106e+0, 2.05311e+0, 4.83300e-3, 1.54438e+3, 5.94108e+0, 5.07506e+2, 6.77113e-2, 2.28201e+1, 4.05164e-3, 2.70417e+1, 3.85809e-2, 3.24884e+0, 2.44182e-3, 2.74457e+0, 1.45338e-3, 2.00000e+1, 0.00000e+0, 9.00000e+0, 0.00000e+0, 3, -1, Disabled
10/18/2022 23:55:49.062, 10/18/2022 23:55:49.002, 3.93691e+0, 2.83721e-4, 9.41846e+1, 6.78758e-3, 2.02982e+0, 7.91817e-3, 1.17680e+4, 4.90360e+2, 1.45037e+4, 2.29070e+2, 1.52621e+3, 5.28960e+0, 2.05399e+0, 7.59711e-3, 1.54439e+3, 5.95804e+0, 5.07614e+2, 4.84759e-2, 2.28350e+1, 3.94556e-3, 2.71109e+1, 2.64837e-2, 3.25350e+0, 1.70474e-3, 2.74741e+0, 1.40964e-3, 2.00000e+1, 0.00000e+0, 9.00000e+0, 0.00000e+0, 3, -1, Disabled
10/18/2022 23:55:54.033, 10/18/2022 23:55:53.976, 3.93685e+0, 3.33963e-4, 9.41831e+1, 7.98956e-3, 2.03049e+0, 3.64301e-3, 1.17000e+4, 2.61610e+2, 1.43804e+4, 2.10751e+2, 1.51442e+3, 3.15006e+0, 2.05453e+0, 3.97010e-3, 1.53235e+3, 3.14325e+0, 5.07515e+2, 7.51259e-2, 2.28486e+1, 4.30770e-3, 2.71327e+1, 9.07970e-3, 3.25781e+0, 1.90381e-3, 2.75011e+0, 7.11779e-4, 2.00000e+1, 0.00000e+0, 9.00000e+0, 0.00000e+0, 3, -1, Disabled
10/18/2022 23:55:59.023, 10/18/2022 23:55:58.948, 3.93782e+0, 2.33536e-4, 9.42061e+1, 5.58698e-3, 2.02968e+0, 5.52869e-3, 1.15882e+4, 3.44165e+2, 1.42374e+4, 2.51435e+2, 1.51611e+3, 3.85849e+0, 2.05348e+0, 5.96140e-3, 1.53388e+3, 4.00885e+0, 5.07530e+2, 3.78343e-2, 2.28625e+1, 4.57593e-3, 2.71044e+1, 8.18267e-3, 3.26148e+0, 2.34082e-3, 2.75259e+0, 8.00784e-4, 2.00000e+1, 0.00000e+0, 9.00000e+0, 0.00000e+0, 3, -1, Disabled
10/18/2022 23:56:03.984, 10/18/2022 23:56:03.928, 3.93833e+0, 8.75387e-5, 9.42183e+1, 2.09423e-3, 2.03443e+0, 3.12200e-3, 1.18531e+4, 1.75568e+2, 1.44081e+4, 2.05362e+2, 1.51587e+3, 2.86162e+0, 2.05883e+0, 3.27052e-3, 1.53406e+3, 2.76449e+0, 5.07602e+2, 2.96165e-2, 2.28775e+1, 4.94619e-3, 2.71543e+1, 3.59672e-2, 3.26523e+0, 1.61137e-3, 2.75459e+0, 7.23057e-4, 2.00000e+1, 0.00000e+0, 9.00000e+0, 0.00000e+0, 3, -1, Disabled
10/18/2022 23:56:08.968, 10/18/2022 23:56:08.901, 3.93825e+0, 3.77142e-4, 9.42166e+1, 9.02253e-3, 2.03141e+0, 4.00314e-3, 1.17890e+4, 3.32259e+2, 1.43215e+4, 9.97782e+1, 1.51713e+3, 6.43172e+0, 2.05565e+0, 3.54290e-3, 1.53523e+3, 6.67759e+0, 5.07587e+2, 5.71464e-2, 2.28928e+1, 4.77005e-3, 2.72155e+1, 1.62585e-2, 3.26756e+0, 9.59055e-4, 2.75627e+0, 6.02731e-4, 2.00000e+1, 0.00000e+0, 9.00000e+0, 0.00000e+0, 3, -1, Disabled
10/18/2022 23:56:13.951, 10/18/2022 23:56:13.873, 3.93870e+0, 1.59439e-4, 9.42273e+1, 3.81433e-3, 2.02939e+0, 4.28407e-3, 1.21064e+4, 3.28277e+2, 1.45139e+4, 3.12660e+2, 1.52924e+3, 1.38780e+1, 2.05426e+0, 4.38042e-3, 1.54798e+3, 1.44035e+1, 5.07490e+2, 2.33500e-2, 2.29074e+1, 4.52435e-3, 2.72130e+1, 1.44669e-2, 3.26727e+0, 8.21125e-4, 2.75554e+0, 5.24200e-4, 2.00000e+1, 0.00000e+0, 9.00000e+0, 0.00000e+0, 3, -1, Disabled
10/18/2022 23:56:18.906, 10/18/2022 23:56:18.846, 3.93948e+0, 4.70732e-4, 9.42460e+1, 1.12615e-2, 2.03044e+0, 2.48101e-3, 1.20470e+4, 2.80485e+2, 1.45056e+4, 2.33130e+2, 1.53376e+3, 2.17885e+1, 2.05520e+0, 2.10106e-3, 1.55246e+3, 2.21656e+1, 5.07534e+2, 1.83775e-2, 2.29223e+1, 4.96421e-3, 2.72014e+1, 2.96807e-2, 3.26580e+0, 2.03030e-3, 2.75463e+0, 6.01473e-4, 2.00000e+1, 0.00000e+0, 9.00000e+0, 0.00000e+0, 3, -1, Disabled
10/18/2022 23:56:23.888, 10/18/2022 23:56:23.820, 3.93969e+0, 2.39287e-4, 9.42509e+1, 5.72456e-3, 2.03040e+0, 3.91814e-3, 1.19663e+4, 2.74593e+2, 1.42918e+4, 1.93368e+2, 1.52664e+3, 2.60819e+0, 2.05499e+0, 3.93349e-3, 1.54513e+3, 2.43993e+0, 5.07606e+2, 5.08988e-2, 2.29392e+1, 5.88867e-3, 2.73122e+1, 3.34718e-2, 3.26365e+0, 8.71203e-4, 2.75393e+0, 8.40709e-4, 2.00000e+1, 0.00000e+0, 9.00000e+0, 0.00000e+0, 3, -1, Disabled
10/18/2022 23:56:28.856, 10/18/2022 23:56:28.791, 3.94007e+0, 1.85554e-4, 9.42600e+1, 4.43908e-3, 2.02236e+0, 1.81597e-3, 1.23920e+4, 3.97948e+2, 1.44250e+4, 1.98016e+2, 1.54719e+3, 5.91114e+0, 2.04774e+0, 2.08645e-3, 1.56660e+3, 6.11542e+0, 5.07539e+2, 1.36797e-2, 2.29529e+1, 3.97385e-3, 2.73394e+1, 1.13306e-2, 3.25993e+0, 1.42903e-3, 2.75197e+0, 1.02829e-3, 2.00000e+1, 0.00000e+0, 9.00000e+0, 0.00000e+0, 3, -1, Disabled
10/18/2022 23:56:33.826, 10/18/2022 23:56:33.765, 3.94021e+0, 2.62787e-4, 9.42634e+1, 6.28677e-3, 2.02566e+0, 2.69095e-3, 1.25908e+4, 2.96789e+2, 1.44180e+4, 3.70270e+2, 1.58467e+3, 1.80697e+1, 2.05149e+0, 3.27050e-3, 1.60488e+3, 1.84423e+1, 5.07511e+2, 2.67930e-2, 2.29667e+1, 4.54556e-3, 2.73607e+1, 5.30236e-3, 3.25532e+0, 2.41551e-3, 2.74897e+0, 8.31548e-4, 2.00000e+1, 0.00000e+0, 9.00000e+0, 0.00000e+0, 3, -1, Disabled
10/18/2022 23:56:38.795, 10/18/2022 23:56:38.737, 3.94062e+0, 1.79804e-4, 9.42733e+1, 4.30154e-3, 2.02587e+0, 4.13899e-3, 1.24907e+4, 2.98678e+2, 1.47855e+4, 7.68412e+1, 1.55088e+3, 2.46312e+0, 2.05149e+0, 4.23215e-3, 1.57050e+3, 2.34609e+0, 5.07471e+2, 2.03782e-2, 2.29822e+1, 5.50969e-3, 2.73825e+1, 1.18034e-2, 3.24958e+0, 1.66607e-3, 2.74631e+0, 1.68941e-3, 2.00000e+1, 0.00000e+0, 9.00000e+0, 0.00000e+0, 3, -1, Disabled
10/18/2022 23:56:43.786, 10/18/2022 23:56:43.709, 3.94113e+0, 1.36957e-4, 9.42853e+1, 3.27648e-3, 2.02388e+0, 1.90410e-3, 1.24775e+4, 3.75704e+2, 1.48380e+4, 1.95423e+2, 1.59942e+3, 2.20885e+1, 2.04945e+0, 2.01019e-3, 1.61962e+3, 2.22170e+1, 5.07461e+2, 2.69603e-2, 2.29998e+1, 4.24122e-3, 2.74029e+1, 1.05191e-2, 3.24618e+0, 7.99892e-4, 2.74314e+0, 7.93205e-4, 2.00000e+1, 0.00000e+0, 9.00000e+0, 0.00000e+0, 3, -1, Disabled
10/18/2022 23:56:48.747, 10/18/2022 23:56:48.690, 3.94140e+0, 2.94082e-4, 9.42918e+1, 7.03546e-3, 2.02416e+0, 3.76090e-3, 1.26869e+4, 1.89713e+2, 1.48938e+4, 1.58195e+2, 1.60088e+3, 1.71763e+1, 2.05017e+0, 4.14956e-3, 1.62145e+3, 1.76164e+1, 5.07492e+2, 3.90691e-2, 2.30127e+1, 4.17769e-3, 2.74095e+1, 2.20538e-2, 3.24446e+0, 1.34080e-3, 2.74090e+0, 1.18859e-3, 2.00000e+1, 0.00000e+0, 9.00000e+0, 0.00000e+0, 3, -1, Disabled
10/18/2022 23:56:53.717, 10/18/2022 23:56:53.661, 3.94186e+0, 3.28405e-4, 9.43029e+1, 7.85657e-3, 2.02960e+0, 4.34054e-3, 1.28437e+4, 2.33800e+2, 1.49211e+4, 2.45535e+2, 1.60026e+3, 1.08184e+1, 2.05600e+0, 4.57211e-3, 1.62108e+3, 1.10128e+1, 5.07533e+2, 1.74673e-2, 2.30273e+1, 4.83001e-3, 2.74221e+1, 1.79045e-2, 3.23832e+0, 1.79338e-3, 2.73734e+0, 1.09519e-3, 2.00000e+1, 0.00000e+0, 9.00000e+0, 0.00000e+0, 3, -1, Disabled
10/18/2022 23:56:58.699, 10/18/2022 23:56:58.634, 3.94231e+0, 2.04622e-4, 9.43136e+1, 4.89527e-3, 2.03050e+0, 3.84458e-3, 1.23725e+4, 1.86724e+2, 1.45183e+4, 1.15007e+2, 1.55703e+3, 1.48499e+1, 2.05594e+0, 3.97599e-3, 1.57654e+3, 1.51987e+1, 5.07518e+2, 1.47381e-2, 2.30422e+1, 4.94754e-3, 2.74569e+1, 1.35648e-2, 3.23702e+0, 4.96853e-4, 2.73529e+0, 3.97378e-4, 2.00000e+1, 0.00000e+0, 9.00000e+0, 0.00000e+0, 3, -1, Disabled
10/18/2022 23:57:03.671, 10/18/2022 23:57:03.613, 3.94269e+0, 4.86893e-4, 9.43226e+1, 1.16481e-2, 2.02977e+0, 3.73269e-3, 1.22891e+4, 2.95105e+2, 1.44277e+4, 2.10033e+2, 1.55388e+3, 4.45828e+0, 2.05502e+0, 3.49966e-3, 1.57322e+3, 4.85682e+0, 5.07537e+2, 4.05870e-2, 2.30592e+1, 5.38320e-3, 2.74763e+1, 2.56542e-2, 3.23874e+0, 8.83079e-4, 2.73662e+0, 9.64349e-4, 2.00000e+1, 0.00000e+0, 9.00000e+0, 0.00000e+0, 3, -1, Disabled
10/18/2022 23:57:08.661, 10/18/2022 23:57:08.586, 3.94297e+0, 1.81581e-4, 9.43293e+1, 4.34405e-3, 2.02875e+0, 3.87722e-3, 1.21166e+4, 3.60122e+2, 1.43626e+4, 2.63891e+2, 1.55146e+3, 3.12131e+0, 2.05364e+0, 4.01247e-3, 1.57049e+3, 2.70323e+0, 5.07532e+2, 1.15860e-2, 2.30722e+1, 4.43738e-3, 2.74928e+1, 1.42785e-2, 3.23675e+0, 1.44338e-3, 2.73508e+0, 7.68797e-4, 2.00000e+1, 0.00000e+0, 9.00000e+0, 0.00000e+0, 3, -1, Disabled
10/18/2022 23:57:13.612, 10/18/2022 23:57:13.560, 3.94334e+0, 1.07662e-4, 9.43382e+1, 2.57564e-3, 2.02624e+0, 1.49075e-3, 1.22438e+4, 2.12512e+2, 1.45328e+4, 8.76599e+1, 1.56922e+3, 1.25822e+1, 2.05135e+0, 1.61421e-3, 1.58867e+3, 1.27801e+1, 5.07558e+2, 3.99079e-2, 2.30878e+1, 5.04948e-3, 2.75180e+1, 1.44892e-2, 3.23575e+0, 3.06694e-4, 2.73326e+0, 7.45583e-4, 2.00000e+1, 0.00000e+0, 9.00000e+0, 0.00000e+0, 3, -1, Disabled
10/18/2022 23:57:18.589, 10/18/2022 23:57:18.533, 3.94376e+0, 2.81836e-4, 9.43483e+1, 6.74249e-3, 2.02710e+0, 1.53745e-3, 1.18936e+4, 2.99212e+2, 1.42295e+4, 3.36000e+2, 1.58637e+3, 9.38160e+0, 2.05150e+0, 1.34032e-3, 1.60547e+3, 9.70818e+0, 5.07528e+2, 2.68235e-2, 2.31039e+1, 5.19788e-3, 2.75448e+1, 9.41856e-3, 3.23741e+0, 5.87040e-4, 2.73243e+0, 3.19430e-4, 2.00000e+1, 0.00000e+0, 9.00000e+0, 0.00000e+0, 3, -1, Disabled
10/18/2022 23:57:23.584, 10/18/2022 23:57:23.505, 3.94392e+0, 1.43958e-4, 9.43522e+1, 3.44397e-3, 2.02504e+0, 3.14730e-3, 1.19452e+4, 1.16073e+2, 1.43557e+4, 7.27587e+1, 1.55141e+3, 5.90824e+0, 2.04952e+0, 3.21897e-3, 1.57017e+3, 6.08053e+0, 5.07532e+2, 1.18095e-2, 2.31196e+1, 4.74367e-3, 2.75392e+1, 9.39085e-3, 3.23576e+0, 1.20288e-3, 2.73214e+0, 1.05527e-3, 2.00000e+1, 0.00000e+0, 9.00000e+0, 0.00000e+0, 3, -1, Disabled
10/18/2022 23:57:28.561, 10/18/2022 23:57:28.484, 3.94434e+0, 2.11689e-4, 9.43622e+1, 5.06433e-3, 2.02283e+0, 4.33180e-3, 1.21013e+4, 4.02616e+2, 1.44765e+4, 1.92127e+2, 1.61798e+3, 4.23954e+1, 2.04761e+0, 5.09369e-3, 1.63779e+3, 4.24144e+1, 5.07542e+2, 3.10338e-2, 2.31350e+1, 4.93387e-3, 2.75778e+1, 1.38457e-2, 3.23584e+0, 7.41892e-4, 2.73103e+0, 2.37154e-4, 2.00000e+1, 0.00000e+0, 9.00000e+0, 0.00000e+0, 3, -1, Disabled
10/18/2022 23:57:33.516, 10/18/2022 23:57:33.456, 3.94477e+0, 1.08499e-4, 9.43724e+1, 2.59567e-3, 2.02643e+0, 6.34990e-3, 1.23534e+4, 2.21633e+2, 1.43027e+4, 1.14413e+2, 1.64220e+3, 1.74391e+1, 2.05178e+0, 6.13934e-3, 1.66274e+3, 1.74386e+1, 5.07511e+2, 1.33602e-2, 2.31504e+1, 4.79678e-3, 2.75938e+1, 9.61151e-3, 3.23631e+0, 1.32787e-3, 2.73307e+0, 1.16344e-3, 2.00000e+1, 0.00000e+0, 9.00000e+0, 0.00000e+0, 3, -1, Disabled
                                                                                                                                                                                                                                                                                                                                                                                                                                                                                                                                                                                                                                                                                                                                                                                                                                                                                                                                                                                                                                                                                                                                                                                                                                                                                                                                                                                                                                                                                                                                                                                                                                                                                                                                                                        