SN:3K60180500001585 BD:Jul 23 2018 VC:834b9c1 MD5:48f99e4865ed8b810be1bb0eaaabf929
SysTime,                      Time,         Batt_v,      Batt_v_sd,   BATT_PERCENT,BATT_PERCENT_sd,      [CH4]_ppm,   [CH4]_ppm_sd,      [H2O]_ppm,   [H2O]_ppm_sd,     [H2Oa]_ppm,  [H2Oa]_ppm_sd,      [CO2]_ppm,   [CO2]_ppm_sd,     [CH4]d_ppm,  [CH4]d_ppm_sd,     [CO2]d_ppm,  [CO2]d_ppm_sd,      GasP_torr,   GasP_torr_sd,         GasT_C,      GasT_C_sd,         AmbT_C,      AmbT_C_sd,         RD0_us,      RD0_us_sd,         RD1_us,      RD1_us_sd, Temp_Status_mA,Temp_Status_mA_sd,Analyzer_Status_mA,Analyzer_Status_mA_sd,       Fit_Flag,      MIU_VALVE,       MIU_DESC
03/19/2023 13:57:35.619, 03/19/2023 13:57:35.561, 4.07871e+0, 0.00000e+0, 4.87884e+1, 0.00000e+0, 2.08218e+0, 0.00000e+0, -1.55374e+3, 0.00000e+0, -1.11370e+1, 0.00000e+0, -4.52281e+1, 0.00000e+0, 1.03948e+0, 0.00000e+0, -2.25789e+1, 0.00000e+0, 5.04005e+2, 0.00000e+0, 3.46831e+1, 0.00000e+0, 3.50948e+1, 0.00000e+0, 3.39505e+0, 0.00000e+0, 2.82019e+0, 0.00000e+0, 2.00000e+1, 0.00000e+0, 1.20000e+1, 0.00000e+0, 2, -1, Disabled
03/19/2023 13:57:36.604, 03/19/2023 13:57:36.554, 4.07847e+0, 0.00000e+0, 9.75709e+1, 0.00000e+0, 2.08602e+0, 0.00000e+0, -1.39409e+3, 0.00000e+0, 1.78431e+1, 0.00000e+0, -4.47936e+1, 0.00000e+0, 2.08312e+0, 0.00000e+0, -4.47312e+1, 0.00000e+0, 5.03976e+2, 0.00000e+0, 3.46800e+1, 0.00000e+0, 3.50775e+1, 0.00000e+0, 3.39498e+0, 0.00000e+0, 2.82026e+0, 0.00000e+0, 2.00000e+1, 0.00000e+0, 1.20000e+1, 0.00000e+0, 2, -1, Disabled
03/19/2023 13:57:37.600, 03/19/2023 13:57:37.550, 4.07965e+0, 0.00000e+0, 9.75993e+1, 0.00000e+0, 2.08030e+0, 0.00000e+0, -1.55564e+3, 0.00000e+0, 9.50400e+1, 0.00000e+0, -4.60167e+1, 0.00000e+0, 2.07707e+0, 0.00000e+0, -4.59452e+1, 0.00000e+0, 5.04027e+2, 0.00000e+0, 3.46809e+1, 0.00000e+0, 3.50892e+1, 0.00000e+0, 3.39548e+0, 0.00000e+0, 2.82016e+0, 0.00000e+0, 2.00000e+1, 0.00000e+0, 1.20000e+1, 0.00000e+0, 2, -1, Disabled
03/19/2023 13:57:38.594, 03/19/2023 13:57:38.545, 4.07966e+0, 0.00000e+0, 9.75995e+1, 0.00000e+0, 2.08260e+0, 0.00000e+0, -1.67081e+3, 0.00000e+0, 1.03343e+2, 0.00000e+0, 1.78543e-1, 0.00000e+0, 2.07912e+0, 0.00000e+0, 1.78246e-1, 0.00000e+0, 5.04092e+2, 0.00000e+0, 3.46868e+1, 0.00000e+0, 3.50950e+1, 0.00000e+0, 3.39492e+0, 0.00000e+0, 2.82033e+0, 0.00000e+0, 2.00000e+1, 0.00000e+0, 1.20000e+1, 0.00000e+0, 2, -1, Disabled
03/19/2023 13:57:39.587, 03/19/2023 13:57:39.539, 4.07970e+0, 0.00000e+0, 9.76005e+1, 0.00000e+0, 2.08336e+0, 0.00000e+0, -6.61122e+2, 0.00000e+0, 1.61774e+2, 0.00000e+0, -4.18250e+0, 0.00000e+0, 2.08199e+0, 0.00000e+0, -4.17973e+0, 0.00000e+0, 5.04009e+2, 0.00000e+0, 3.46831e+1, 0.00000e+0, 3.51041e+1, 0.00000e+0, 3.39569e+0, 0.00000e+0, 2.81962e+0, 0.00000e+0, 2.00000e+1, 0.00000e+0, 1.20000e+1, 0.00000e+0, 2, -1, Disabled
03/19/2023 13:57:40.591, 03/19/2023 13:57:40.534, 4.07954e+0, 0.00000e+0, 9.75968e+1, 0.00000e+0, 2.08719e+0, 0.00000e+0, -1.54300e+3, 0.00000e+0, 2.79838e+1, 0.00000e+0, -5.40697e-1, 0.00000e+0, 2.08397e+0, 0.00000e+0, -5.39864e-1, 0.00000e+0, 5.04061e+2, 0.00000e+0, 3.46868e+1, 0.00000e+0, 3.51168e+1, 0.00000e+0, 3.39589e+0, 0.00000e+0, 2.81941e+0, 0.00000e+0, 2.00000e+1, 0.00000e+0, 1.20000e+1, 0.00000e+0, 2, -1, Disabled
03/19/2023 13:57:41.585, 03/19/2023 13:57:41.528, 4.07909e+0, 0.00000e+0, 9.75858e+1, 0.00000e+0, 2.08510e+0, 0.00000e+0, -1.35938e+3, 0.00000e+0, 2.25718e+2, 0.00000e+0, -3.99665e+0, 0.00000e+0, 2.08227e+0, 0.00000e+0, -3.99123e+0, 0.00000e+0, 5.04052e+2, 0.00000e+0, 3.46819e+1, 0.00000e+0, 3.50554e+1, 0.00000e+0, 3.39611e+0, 0.00000e+0, 2.81957e+0, 0.00000e+0, 2.00000e+1, 0.00000e+0, 1.20000e+1, 0.00000e+0, 2, -1, Disabled
03/19/2023 13:57:42.576, 03/19/2023 13:57:42.523, 4.07996e+0, 0.00000e+0, 9.76067e+1, 0.00000e+0, 2.08252e+0, 0.00000e+0, -7.74980e+2, 0.00000e+0, 5.32302e+1, 0.00000e+0, -4.32222e+1, 0.00000e+0, 2.08090e+0, 0.00000e+0, -4.31887e+1, 0.00000e+0, 5.04063e+2, 0.00000e+0, 3.46837e+1, 0.00000e+0, 3.50384e+1, 0.00000e+0, 3.39455e+0, 0.00000e+0, 2.81990e+0, 0.00000e+0, 2.00000e+1, 0.00000e+0, 1.20000e+1, 0.00000e+0, 2, -1, Disabled
03/19/2023 13:57:43.567, 03/19/2023 13:57:43.518, 4.07967e+0, 0.00000e+0, 9.75998e+1, 0.00000e+0, 2.08221e+0, 0.00000e+0, -6.31429e+2, 0.00000e+0, 4.38351e+1, 0.00000e+0, -5.53377e+0, 0.00000e+0, 2.08090e+0, 0.00000e+0, -5.53028e+0, 0.00000e+0, 5.04001e+2, 0.00000e+0, 3.46846e+1, 0.00000e+0, 3.50349e+1, 0.00000e+0, 3.39497e+0, 0.00000e+0, 2.81948e+0, 0.00000e+0, 2.00000e+1, 0.00000e+0, 1.20000e+1, 0.00000e+0, 2, -1, Disabled
03/19/2023 13:57:44.563, 03/19/2023 13:57:44.511, 4.08028e+0, 0.00000e+0, 9.76144e+1, 0.00000e+0, 2.08343e+0, 0.00000e+0, -1.41132e+3, 0.00000e+0, 1.85130e+2, 0.00000e+0, -4.00674e+1, 0.00000e+0, 2.08049e+0, 0.00000e+0, -4.00109e+1, 0.00000e+0, 5.04074e+2, 0.00000e+0, 3.46824e+1, 0.00000e+0, 3.50959e+1, 0.00000e+0, 3.39554e+0, 0.00000e+0, 2.81941e+0, 0.00000e+0, 2.00000e+1, 0.00000e+0, 1.20000e+1, 0.00000e+0, 2, -1, Disabled
03/19/2023 13:57:45.553, 03/19/2023 13:57:45.506, 4.08008e+0, 0.00000e+0, 9.76095e+1, 0.00000e+0, 2.08292e+0, 0.00000e+0, -1.40091e+3, 0.00000e+0, 2.78438e+2, 0.00000e+0, -4.19328e+1, 0.00000e+0, 2.08001e+0, 0.00000e+0, -4.18742e+1, 0.00000e+0, 5.04062e+2, 0.00000e+0, 3.46829e+1, 0.00000e+0, 3.50916e+1, 0.00000e+0, 3.39551e+0, 0.00000e+0, 2.81966e+0, 0.00000e+0, 2.00000e+1, 0.00000e+0, 1.20000e+1, 0.00000e+0, 2, -1, Disabled
03/19/2023 13:57:46.557, 03/19/2023 13:57:46.501, 4.08082e+0, 0.00000e+0, 9.76272e+1, 0.00000e+0, 2.07656e+0, 0.00000e+0, -1.60344e+3, 0.00000e+0, 5.53487e+1, 0.00000e+0, -2.31180e+2, 0.00000e+0, 2.07324e+0, 0.00000e+0, -2.30810e+2, 0.00000e+0, 5.04059e+2, 0.00000e+0, 3.46840e+1, 0.00000e+0, 3.50921e+1, 0.00000e+0, 3.39555e+0, 0.00000e+0, 2.82032e+0, 0.00000e+0, 2.00000e+1, 0.00000e+0, 1.20000e+1, 0.00000e+0, 2, -1, Disabled
03/19/2023 13:57:47.549, 03/19/2023 13:57:47.495, 4.08072e+0, 0.00000e+0, 9.76250e+1, 0.00000e+0, 2.08240e+0, 0.00000e+0, -1.65388e+3, 0.00000e+0, 1.02205e+1, 0.00000e+0, -4.94141e+1, 0.00000e+0, 2.07896e+0, 0.00000e+0, -4.93325e+1, 0.00000e+0, 5.04023e+2, 0.00000e+0, 3.46835e+1, 0.00000e+0, 3.50854e+1, 0.00000e+0, 3.39579e+0, 0.00000e+0, 2.81951e+0, 0.00000e+0, 2.00000e+1, 0.00000e+0, 1.20000e+1, 0.00000e+0, 3, -1, Disabled
03/19/2023 13:57:48.566, 03/19/2023 13:57:48.489, 4.08023e+0, 0.00000e+0, 9.76132e+1, 0.00000e+0, 2.08182e+0, 0.00000e+0, -7.35846e+2, 0.00000e+0, -3.74661e+1, 0.00000e+0, -9.73580e+0, 0.00000e+0, 2.08029e+0, 0.00000e+0, -9.72864e+0, 0.00000e+0, 5.04149e+2, 0.00000e+0, 3.46817e+1, 0.00000e+0, 3.51252e+1, 0.00000e+0, 3.39487e+0, 0.00000e+0, 2.81914e+0, 0.00000e+0, 2.00000e+1, 0.00000e+0, 1.20000e+1, 0.00000e+0, 3, -1, Disabled
03/19/2023 13:57:49.537, 03/19/2023 13:57:49.485, 4.08018e+0, 0.00000e+0, 9.76120e+1, 0.00000e+0, 2.08025e+0, 0.00000e+0, -7.28670e+2, 0.00000e+0, 7.64137e+1, 0.00000e+0, -8.95921e+0, 0.00000e+0, 2.07873e+0, 0.00000e+0, -8.95269e+0, 0.00000e+0, 5.04095e+2, 0.00000e+0, 3.46787e+1, 0.00000e+0, 3.51167e+1, 0.00000e+0, 3.39476e+0, 0.00000e+0, 2.81974e+0, 0.00000e+0, 2.00000e+1, 0.00000e+0, 1.20000e+1, 0.00000e+0, 3, -1, Disabled
03/19/2023 13:57:50.541, 03/19/2023 13:57:50.479, 4.08018e+0, 0.00000e+0, 9.76119e+1, 0.00000e+0, 2.08710e+0, 0.00000e+0, -1.51320e+3, 0.00000e+0, -1.58629e+1, 0.00000e+0, 5.39268e+1, 0.00000e+0, 2.08394e+0, 0.00000e+0, 5.38453e+1, 0.00000e+0, 5.03987e+2, 0.00000e+0, 3.46781e+1, 0.00000e+0, 3.51068e+1, 0.00000e+0, 3.39458e+0, 0.00000e+0, 2.82124e+0, 0.00000e+0, 2.00000e+1, 0.00000e+0, 1.20000e+1, 0.00000e+0, 3, -1, Disabled
03/19/2023 13:57:51.525, 03/19/2023 13:57:51.474, 4.07990e+0, 0.00000e+0, 9.76054e+1, 0.00000e+0, 2.08463e+0, 0.00000e+0, -5.62435e+2, 0.00000e+0, 1.44224e+2, 0.00000e+0, -7.90770e+0, 0.00000e+0, 2.08346e+0, 0.00000e+0, -7.90326e+0, 0.00000e+0, 5.04043e+2, 0.00000e+0, 3.46786e+1, 0.00000e+0, 3.51178e+1, 0.00000e+0, 3.39524e+0, 0.00000e+0, 2.81905e+0, 0.00000e+0, 2.00000e+1, 0.00000e+0, 1.20000e+1, 0.00000e+0, 3, -1, Disabled
03/19/2023 13:57:52.519, 03/19/2023 13:57:52.468, 4.08015e+0, 0.00000e+0, 9.76113e+1, 0.00000e+0, 2.07860e+0, 0.00000e+0, -1.42212e+3, 0.00000e+0, 2.72598e+2, 0.00000e+0, 4.68994e+1, 0.00000e+0, 2.07565e+0, 0.00000e+0, 4.68328e+1, 0.00000e+0, 5.04061e+2, 0.00000e+0, 3.46795e+1, 0.00000e+0, 3.50775e+1, 0.00000e+0, 3.39465e+0, 0.00000e+0, 2.82043e+0, 0.00000e+0, 2.00000e+1, 0.00000e+0, 1.20000e+1, 0.00000e+0, 3, -1, Disabled
03/19/2023 13:57:53.515, 03/19/2023 13:57:53.463, 4.08024e+0, 0.00000e+0, 9.76133e+1, 0.00000e+0, 2.08799e+0, 0.00000e+0, -7.77902e+2, 0.00000e+0, -1.13692e+2, 0.00000e+0, -7.39291e+0, 0.00000e+0, 2.08637e+0, 0.00000e+0, -7.38717e+0, 0.00000e+0, 5.04094e+2, 0.00000e+0, 3.46812e+1, 0.00000e+0, 3.50524e+1, 0.00000e+0, 3.39484e+0, 0.00000e+0, 2.82005e+0, 0.00000e+0, 2.00000e+1, 0.00000e+0, 1.20000e+1, 0.00000e+0, 3, -1, Disabled
03/19/2023 13:57:54.521, 03/19/2023 13:57:54.457, 4.08019e+0, 0.00000e+0, 9.76123e+1, 0.00000e+0, 2.08463e+0, 0.00000e+0, -1.54308e+3, 0.00000e+0, -9.96271e+1, 0.00000e+0, -7.98677e+0, 0.00000e+0, 2.08142e+0, 0.00000e+0, -7.97446e+0, 0.00000e+0, 5.04024e+2, 0.00000e+0, 3.46819e+1, 0.00000e+0, 3.50413e+1, 0.00000e+0, 3.39578e+0, 0.00000e+0, 2.81950e+0, 0.00000e+0, 2.00000e+1, 0.00000e+0, 1.20000e+1, 0.00000e+0, 3, -1, Disabled
03/19/2023 13:57:55.503, 03/19/2023 13:57:55.451, 4.07968e+0, 0.00000e+0, 9.76001e+1, 0.00000e+0, 2.08419e+0, 0.00000e+0, -7.18749e+2, 0.00000e+0, -1.46870e+2, 0.00000e+0, -8.00900e+0, 0.00000e+0, 2.08269e+0, 0.00000e+0, -8.00325e+0, 0.00000e+0, 5.04090e+2, 0.00000e+0, 3.46810e+1, 0.00000e+0, 3.50890e+1, 0.00000e+0, 3.39505e+0, 0.00000e+0, 2.81896e+0, 0.00000e+0, 2.00000e+1, 0.00000e+0, 1.20000e+1, 0.00000e+0, 3, -1, Disabled
03/19/2023 13:57:56.495, 03/19/2023 13:57:56.447, 4.08015e+0, 0.00000e+0, 9.76113e+1, 0.00000e+0, 2.08027e+0, 0.00000e+0, -6.64934e+2, 0.00000e+0, 1.44392e+2, 0.00000e+0, -7.41177e+0, 0.00000e+0, 2.07888e+0, 0.00000e+0, -7.40684e+0, 0.00000e+0, 5.04107e+2, 0.00000e+0, 3.46777e+1, 0.00000e+0, 3.50633e+1, 0.00000e+0, 3.39672e+0, 0.00000e+0, 2.81860e+0, 0.00000e+0, 2.00000e+1, 0.00000e+0, 1.20000e+1, 0.00000e+0, 3, -1, Disabled
03/19/2023 13:57:57.497, 03/19/2023 13:57:57.441, 4.08051e+0, 0.00000e+0, 9.76198e+1, 0.00000e+0, 2.08157e+0, 0.00000e+0, -1.63442e+3, 0.00000e+0, 9.10790e+1, 0.00000e+0, -8.52665e+0, 0.00000e+0, 2.07818e+0, 0.00000e+0, -8.51274e+0, 0.00000e+0, 5.04080e+2, 0.00000e+0, 3.46821e+1, 0.00000e+0, 3.50677e+1, 0.00000e+0, 3.39516e+0, 0.00000e+0, 2.81946e+0, 0.00000e+0, 2.00000e+1, 0.00000e+0, 1.20000e+1, 0.00000e+0, 3, -1, Disabled
03/19/2023 13:57:58.492, 03/19/2023 13:57:58.435, 4.08039e+0, 0.00000e+0, 9.76169e+1, 0.00000e+0, 2.08331e+0, 0.00000e+0, -6.19914e+2, 0.00000e+0, 1.19823e+2, 0.00000e+0, -8.39856e+0, 0.00000e+0, 2.08202e+0, 0.00000e+0, -8.39336e+0, 0.00000e+0, 5.04037e+2, 0.00000e+0, 3.46788e+1, 0.00000e+0, 3.50815e+1, 0.00000e+0, 3.39764e+0, 0.00000e+0, 2.81875e+0, 0.00000e+0, 2.00000e+1, 0.00000e+0, 1.20000e+1, 0.00000e+0, 3, -1, Disabled
03/19/2023 13:57:59.478, 03/19/2023 13:57:59.429, 4.08038e+0, 0.00000e+0, 9.76168e+1, 0.00000e+0, 2.08182e+0, 0.00000e+0, -1.50910e+3, 0.00000e+0, 2.84045e+2, 0.00000e+0, -7.28707e+0, 0.00000e+0, 2.07869e+0, 0.00000e+0, -7.27609e+0, 0.00000e+0, 5.04130e+2, 0.00000e+0, 3.46814e+1, 0.00000e+0, 3.51445e+1, 0.00000e+0, 3.39590e+0, 0.00000e+0, 2.81908e+0, 0.00000e+0, 2.00000e+1, 0.00000e+0, 1.20000e+1, 0.00000e+0, 3, -1, Disabled
03/19/2023 13:58:00.474, 03/19/2023 13:58:00.424, 4.08020e+0, 0.00000e+0, 9.76125e+1, 0.00000e+0, 2.08293e+0, 0.00000e+0, -7.68554e+2, 0.00000e+0, 1.36771e+2, 0.00000e+0, -8.28466e+0, 0.00000e+0, 2.08133e+0, 0.00000e+0, -8.27829e+0, 0.00000e+0, 5.04179e+2, 0.00000e+0, 3.46804e+1, 0.00000e+0, 3.51022e+1, 0.00000e+0, 3.39596e+0, 0.00000e+0, 2.82034e+0, 0.00000e+0, 2.00000e+1, 0.00000e+0, 1.20000e+1, 0.00000e+0, 3, -1, Disabled
03/19/2023 13:58:01.470, 03/19/2023 13:58:01.418, 4.08019e+0, 0.00000e+0, 9.76122e+1, 0.00000e+0, 2.08605e+0, 0.00000e+0, -1.56325e+3, 0.00000e+0, -9.16392e+1, 0.00000e+0, -8.84457e+0, 0.00000e+0, 2.08280e+0, 0.00000e+0, -8.83076e+0, 0.00000e+0, 5.04093e+2, 0.00000e+0, 3.46847e+1, 0.00000e+0, 3.51004e+1, 0.00000e+0, 3.39629e+0, 0.00000e+0, 2.81867e+0, 0.00000e+0, 2.00000e+1, 0.00000e+0, 1.20000e+1, 0.00000e+0, 3, -1, Disabled
03/19/2023 13:58:02.469, 03/19/2023 13:58:02.413, 4.07994e+0, 0.00000e+0, 9.76063e+1, 0.00000e+0, 2.08141e+0, 0.00000e+0, -1.57734e+3, 0.00000e+0, 1.06947e+2, 0.00000e+0, -7.83232e+0, 0.00000e+0, 2.07813e+0, 0.00000e+0, -7.81998e+0, 0.00000e+0, 5.04061e+2, 0.00000e+0, 3.46847e+1, 0.00000e+0, 3.51190e+1, 0.00000e+0, 3.39624e+0, 0.00000e+0, 2.81880e+0, 0.00000e+0, 2.00000e+1, 0.00000e+0, 1.20000e+1, 0.00000e+0, 3, -1, Disabled
03/19/2023 13:58:03.464, 03/19/2023 13:58:03.409, 4.08020e+0, 0.00000e+0, 9.76124e+1, 0.00000e+0, 2.08090e+0, 0.00000e+0, -1.43647e+3, 0.00000e+0, 1.31981e+2, 0.00000e+0, -7.74848e+0, 0.00000e+0, 2.07791e+0, 0.00000e+0, -7.73736e+0, 0.00000e+0, 5.04095e+2, 0.00000e+0, 3.46794e+1, 0.00000e+0, 3.51004e+1, 0.00000e+0, 3.39607e+0, 0.00000e+0, 2.81933e+0, 0.00000e+0, 2.00000e+1, 0.00000e+0, 1.20000e+1, 0.00000e+0, 3, -1, Disabled
03/19/2023 13:58:04.454, 03/19/2023 13:58:04.402, 4.07959e+0, 0.00000e+0, 9.75977e+1, 0.00000e+0, 2.08087e+0, 0.00000e+0, -1.73188e+3, 0.00000e+0, -1.83176e+2, 0.00000e+0, -7.93864e+0, 0.00000e+0, 2.07727e+0, 0.00000e+0, -7.92492e+0, 0.00000e+0, 5.04091e+2, 0.00000e+0, 3.46765e+1, 0.00000e+0, 3.50580e+1, 0.00000e+0, 3.39502e+0, 0.00000e+0, 2.81854e+0, 0.00000e+0, 2.00000e+1, 0.00000e+0, 1.20000e+1, 0.00000e+0, 3, -1, Disabled
03/19/2023 13:58:05.452, 03/19/2023 13:58:05.396, 4.07623e+0, 0.00000e+0, 9.75175e+1, 0.00000e+0, 2.08234e+0, 0.00000e+0, -6.61055e+2, 0.00000e+0, 1.05883e+2, 0.00000e+0, -8.94474e+0, 0.00000e+0, 2.08097e+0, 0.00000e+0, -8.93884e+0, 0.00000e+0, 5.03941e+2, 0.00000e+0, 3.46730e+1, 0.00000e+0, 3.50410e+1, 0.00000e+0, 3.39585e+0, 0.00000e+0, 2.81902e+0, 0.00000e+0, 2.00000e+1, 0.00000e+0, 1.20000e+1, 0.00000e+0, 3, -1, Disabled
03/19/2023 13:58:06.447, 03/19/2023 13:58:06.392, 4.08036e+0, 0.00000e+0, 9.76162e+1, 0.00000e+0, 2.08219e+0, 0.00000e+0, -1.77322e+3, 0.00000e+0, -4.65952e+0, 0.00000e+0, -9.89709e+0, 0.00000e+0, 2.07850e+0, 0.00000e+0, -9.87957e+0, 0.00000e+0, 5.04120e+2, 0.00000e+0, 3.46799e+1, 0.00000e+0, 3.51418e+1, 0.00000e+0, 3.39487e+0, 0.00000e+0, 2.81858e+0, 0.00000e+0, 2.00000e+1, 0.00000e+0, 1.20000e+1, 0.00000e+0, 3, -1, Disabled
03/19/2023 13:58:07.442, 03/19/2023 13:58:07.387, 4.08027e+0, 0.00000e+0, 9.76140e+1, 0.00000e+0, 2.08618e+0, 0.00000e+0, -6.11999e+2, 0.00000e+0, 1.93097e+2, 0.00000e+0, -9.53387e+0, 0.00000e+0, 2.08490e+0, 0.00000e+0, -9.52804e+0, 0.00000e+0, 5.04093e+2, 0.00000e+0, 3.46779e+1, 0.00000e+0, 3.51811e+1, 0.00000e+0, 3.39595e+0, 0.00000e+0, 2.81884e+0, 0.00000e+0, 2.00000e+1, 0.00000e+0, 1.20000e+1, 0.00000e+0, 3, -1, Disabled
03/19/2023 13:58:08.431, 03/19/2023 13:58:08.381, 4.07984e+0, 0.00000e+0, 9.76039e+1, 0.00000e+0, 2.07874e+0, 0.00000e+0, -8.08288e+2, 0.00000e+0, 9.04873e+1, 0.00000e+0, -8.67661e+0, 0.00000e+0, 2.07706e+0, 0.00000e+0, -8.66960e+0, 0.00000e+0, 5.04116e+2, 0.00000e+0, 3.46798e+1, 0.00000e+0, 3.51188e+1, 0.00000e+0, 3.39544e+0, 0.00000e+0, 2.81884e+0, 0.00000e+0, 2.00000e+1, 0.00000e+0, 1.20000e+1, 0.00000e+0, 3, -1, Disabled
03/19/2023 13:58:09.427, 03/19/2023 13:58:09.375, 4.08055e+0, 0.00000e+0, 9.76208e+1, 0.00000e+0, 2.08024e+0, 0.00000e+0, -6.82452e+2, 0.00000e+0, 1.71356e+2, 0.00000e+0, -7.97343e+0, 0.00000e+0, 2.07882e+0, 0.00000e+0, -7.96800e+0, 0.00000e+0, 5.04027e+2, 0.00000e+0, 3.46759e+1, 0.00000e+0, 3.51247e+1, 0.00000e+0, 3.39567e+0, 0.00000e+0, 2.81900e+0, 0.00000e+0, 2.00000e+1, 0.00000e+0, 1.20000e+1, 0.00000e+0, 3, -1, Disabled
03/19/2023 13:58:10.424, 03/19/2023 13:58:10.369, 4.08018e+0, 0.00000e+0, 9.76119e+1, 0.00000e+0, 2.07884e+0, 0.00000e+0, -7.46925e+2, 0.00000e+0, 1.02687e+2, 0.00000e+0, -7.12828e+0, 0.00000e+0, 2.07729e+0, 0.00000e+0, -7.12296e+0, 0.00000e+0, 5.04094e+2, 0.00000e+0, 3.46778e+1, 0.00000e+0, 3.51505e+1, 0.00000e+0, 3.39571e+0, 0.00000e+0, 2.81949e+0, 0.00000e+0, 2.00000e+1, 0.00000e+0, 1.20000e+1, 0.00000e+0, 3, -1, Disabled
03/19/2023 13:58:11.419, 03/19/2023 13:58:11.364, 4.07976e+0, 0.00000e+0, 9.76019e+1, 0.00000e+0, 2.08085e+0, 0.00000e+0, -8.09743e+2, 0.00000e+0, 2.17174e+2, 0.00000e+0, -9.71996e+0, 0.00000e+0, 2.07917e+0, 0.00000e+0, -9.71210e+0, 0.00000e+0, 5.04155e+2, 0.00000e+0, 3.46792e+1, 0.00000e+0, 3.51617e+1, 0.00000e+0, 3.39471e+0, 0.00000e+0, 2.81952e+0, 0.00000e+0, 2.00000e+1, 0.00000e+0, 1.20000e+1, 0.00000e+0, 3, -1, Disabled
03/19/2023 13:58:12.408, 03/19/2023 13:58:12.359, 4.08043e+0, 0.00000e+0, 9.76178e+1, 0.00000e+0, 2.08081e+0, 0.00000e+0, -8.48761e+2, 0.00000e+0, -1.31181e+1, 0.00000e+0, -7.23340e+0, 0.00000e+0, 2.07904e+0, 0.00000e+0, -7.22726e+0, 0.00000e+0, 5.04100e+2, 0.00000e+0, 3.46777e+1, 0.00000e+0, 3.51357e+1, 0.00000e+0, 3.39675e+0, 0.00000e+0, 2.81903e+0, 0.00000e+0, 2.00000e+1, 0.00000e+0, 1.20000e+1, 0.00000e+0, 3, -1, Disabled
03/19/2023 13:58:13.408, 03/19/2023 13:58:13.354, 4.08028e+0, 0.00000e+0, 9.76143e+1, 0.00000e+0, 2.07903e+0, 0.00000e+0, -1.67985e+3, 0.00000e+0, 6.24095e+1, 0.00000e+0, -8.81164e+0, 0.00000e+0, 2.07554e+0, 0.00000e+0, -8.79686e+0, 0.00000e+0, 5.04010e+2, 0.00000e+0, 3.46829e+1, 0.00000e+0, 3.51115e+1, 0.00000e+0, 3.39586e+0, 0.00000e+0, 2.81926e+0, 0.00000e+0, 2.00000e+1, 0.00000e+0, 1.20000e+1, 0.00000e+0, 3, -1, Disabled
03/19/2023 13:58:14.400, 03/19/2023 13:58:14.347, 4.07990e+0, 0.00000e+0, 9.76052e+1, 0.00000e+0, 2.08202e+0, 0.00000e+0, -5.74295e+2, 0.00000e+0, 2.59231e+2, 0.00000e+0, -8.45583e+0, 0.00000e+0, 2.08082e+0, 0.00000e+0, -8.45097e+0, 0.00000e+0, 5.04088e+2, 0.00000e+0, 3.46795e+1, 0.00000e+0, 3.51460e+1, 0.00000e+0, 3.39595e+0, 0.00000e+0, 2.81884e+0, 0.00000e+0, 2.00000e+1, 0.00000e+0, 1.20000e+1, 0.00000e+0, 3, -1, Disabled
03/19/2023 13:58:15.390, 03/19/2023 13:58:15.342, 4.08034e+0, 0.00000e+0, 9.76158e+1, 0.00000e+0, 2.07968e+0, 0.00000e+0, -8.39771e+2, 0.00000e+0, -3.44854e+1, 0.00000e+0, -8.34390e+0, 0.00000e+0, 2.07793e+0, 0.00000e+0, -8.33690e+0, 0.00000e+0, 5.04125e+2, 0.00000e+0, 3.46782e+1, 0.00000e+0, 3.51358e+1, 0.00000e+0, 3.39523e+0, 0.00000e+0, 2.81892e+0, 0.00000e+0, 2.00000e+1, 0.00000e+0, 1.20000e+1, 0.00000e+0, 3, -1, Disabled
03/19/2023 13:58:16.384, 03/19/2023 13:58:16.337, 4.08049e+0, 0.00000e+0, 9.76193e+1, 0.00000e+0, 2.08197e+0, 0.00000e+0, -7.97480e+2, 0.00000e+0, 2.19544e+2, 0.00000e+0, -9.15080e+0, 0.00000e+0, 2.08031e+0, 0.00000e+0, -9.14351e+0, 0.00000e+0, 5.04075e+2, 0.00000e+0, 3.46797e+1, 0.00000e+0, 3.51194e+1, 0.00000e+0, 3.39514e+0, 0.00000e+0, 2.81957e+0, 0.00000e+0, 2.00000e+1, 0.00000e+0, 1.20000e+1, 0.00000e+0, 3, -1, Disabled
03/19/2023 13:58:17.395, 03/19/2023 13:58:17.331, 4.08039e+0, 0.00000e+0, 9.76170e+1, 0.00000e+0, 2.08088e+0, 0.00000e+0, -8.23504e+2, 0.00000e+0, 2.14318e+1, 0.00000e+0, -8.50725e+0, 0.00000e+0, 2.07917e+0, 0.00000e+0, -8.50025e+0, 0.00000e+0, 5.04025e+2, 0.00000e+0, 3.46776e+1, 0.00000e+0, 3.50907e+1, 0.00000e+0, 3.39643e+0, 0.00000e+0, 2.81938e+0, 0.00000e+0, 2.00000e+1, 0.00000e+0, 1.20000e+1, 0.00000e+0, 3, -1, Disabled
03/19/2023 13:58:18.379, 03/19/2023 13:58:18.326, 4.08006e+0, 0.00000e+0, 9.76090e+1, 0.00000e+0, 2.08802e+0, 0.00000e+0, -8.10400e+2, 0.00000e+0, 8.29077e+1, 0.00000e+0, -7.79409e+0, 0.00000e+0, 2.08633e+0, 0.00000e+0, -7.78778e+0, 0.00000e+0, 5.04110e+2, 0.00000e+0, 3.46803e+1, 0.00000e+0, 3.51400e+1, 0.00000e+0, 3.39445e+0, 0.00000e+0, 2.81886e+0, 0.00000e+0, 2.00000e+1, 0.00000e+0, 1.20000e+1, 0.00000e+0, 3, -1, Disabled
03/19/2023 13:58:19.371, 03/19/2023 13:58:19.321, 4.08046e+0, 0.00000e+0, 9.76187e+1, 0.00000e+0, 2.08058e+0, 0.00000e+0, -1.81343e+3, 0.00000e+0, -5.38665e+1, 0.00000e+0, -9.64813e+0, 0.00000e+0, 2.07681e+0, 0.00000e+0, -9.63067e+0, 0.00000e+0, 5.04092e+2, 0.00000e+0, 3.46791e+1, 0.00000e+0, 3.51025e+1, 0.00000e+0, 3.39543e+0, 0.00000e+0, 2.81924e+0, 0.00000e+0, 2.00000e+1, 0.00000e+0, 1.20000e+1, 0.00000e+0, 3, -1, Disabled
03/19/2023 13:58:20.370, 03/19/2023 13:58:20.315, 4.07991e+0, 0.00000e+0, 9.76056e+1, 0.00000e+0, 2.08014e+0, 0.00000e+0, -1.74206e+3, 0.00000e+0, 6.55521e+1, 0.00000e+0, -9.43906e+0, 0.00000e+0, 2.07653e+0, 0.00000e+0, -9.42265e+0, 0.00000e+0, 5.04090e+2, 0.00000e+0, 3.46776e+1, 0.00000e+0, 3.51189e+1, 0.00000e+0, 3.39537e+0, 0.00000e+0, 2.81968e+0, 0.00000e+0, 2.00000e+1, 0.00000e+0, 1.20000e+1, 0.00000e+0, 3, -1, Disabled
03/19/2023 13:58:21.362, 03/19/2023 13:58:21.310, 4.07973e+0, 0.00000e+0, 9.76012e+1, 0.00000e+0, 2.07874e+0, 0.00000e+0, -1.50819e+3, 0.00000e+0, 2.75517e+2, 0.00000e+0, -8.30383e+0, 0.00000e+0, 2.07561e+0, 0.00000e+0, -8.29132e+0, 0.00000e+0, 5.04010e+2, 0.00000e+0, 3.46773e+1, 0.00000e+0, 3.51167e+1, 0.00000e+0, 3.39493e+0, 0.00000e+0, 2.81922e+0, 0.00000e+0, 2.00000e+1, 0.00000e+0, 1.20000e+1, 0.00000e+0, 3, -1, Disabled
03/19/2023 13:58:22.359, 03/19/2023 13:58:22.304, 4.08027e+0, 0.00000e+0, 9.76141e+1, 0.00000e+0, 2.07829e+0, 0.00000e+0, -9.93014e+2, 0.00000e+0, 1.22773e+1, 0.00000e+0, -8.39272e+0, 0.00000e+0, 2.07623e+0, 0.00000e+0, -8.38439e+0, 0.00000e+0, 5.04145e+2, 0.00000e+0, 3.46798e+1, 0.00000e+0, 3.51686e+1, 0.00000e+0, 3.39536e+0, 0.00000e+0, 2.81939e+0, 0.00000e+0, 2.00000e+1, 0.00000e+0, 1.20000e+1, 0.00000e+0, 3, -1, Disabled
03/19/2023 13:58:23.356, 03/19/2023 13:58:23.298, 4.07996e+0, 0.00000e+0, 9.76066e+1, 0.00000e+0, 2.07594e+0, 0.00000e+0, -6.82100e+2, 0.00000e+0, 1.88685e+2, 0.00000e+0, -8.11013e+0, 0.00000e+0, 2.07453e+0, 0.00000e+0, -8.10460e+0, 0.00000e+0, 5.04082e+2, 0.00000e+0, 3.46773e+1, 0.00000e+0, 3.51586e+1, 0.00000e+0, 3.39602e+0, 0.00000e+0, 2.81988e+0, 0.00000e+0, 2.00000e+1, 0.00000e+0, 1.20000e+1, 0.00000e+0, 3, -1, Disabled
03/19/2023 13:58:24.345, 03/19/2023 13:58:24.293, 4.08020e+0, 0.00000e+0, 9.76123e+1, 0.00000e+0, 2.08031e+0, 0.00000e+0, -1.71038e+3, 0.00000e+0, 1.54100e+2, 0.00000e+0, -8.00822e+0, 0.00000e+0, 2.07676e+0, 0.00000e+0, -7.99454e+0, 0.00000e+0, 5.04049e+2, 0.00000e+0, 3.46812e+1, 0.00000e+0, 3.51680e+1, 0.00000e+0, 3.39539e+0, 0.00000e+0, 2.81945e+0, 0.00000e+0, 2.00000e+1, 0.00000e+0, 1.20000e+1, 0.00000e+0, 3, -1, Disabled
03/19/2023 13:58:25.344, 03/19/2023 13:58:25.288, 4.07956e+0, 0.00000e+0, 9.75972e+1, 0.00000e+0, 2.07934e+0, 0.00000e+0, -9.57883e+2, 0.00000e+0, 9.97694e+1, 0.00000e+0, -8.24828e+0, 0.00000e+0, 2.07735e+0, 0.00000e+0, -8.24039e+0, 0.00000e+0, 5.04062e+2, 0.00000e+0, 3.46816e+1, 0.00000e+0, 3.51675e+1, 0.00000e+0, 3.39575e+0, 0.00000e+0, 2.81826e+0, 0.00000e+0, 2.00000e+1, 0.00000e+0, 1.20000e+1, 0.00000e+0, 3, -1, Disabled
03/19/2023 13:58:26.328, 03/19/2023 13:58:26.282, 4.07947e+0, 0.00000e+0, 9.75950e+1, 0.00000e+0, 2.08169e+0, 0.00000e+0, -7.24883e+2, 0.00000e+0, 1.99071e+2, 0.00000e+0, -8.41554e+0, 0.00000e+0, 2.08018e+0, 0.00000e+0, -8.40944e+0, 0.00000e+0, 5.04135e+2, 0.00000e+0, 3.46814e+1, 0.00000e+0, 3.51758e+1, 0.00000e+0, 3.39532e+0, 0.00000e+0, 2.81982e+0, 0.00000e+0, 2.00000e+1, 0.00000e+0, 1.20000e+1, 0.00000e+0, 3, -1, Disabled
03/19/2023 13:58:27.355, 03/19/2023 13:58:27.277, 4.07955e+0, 0.00000e+0, 9.75968e+1, 0.00000e+0, 2.08104e+0, 0.00000e+0, -8.61933e+2, 0.00000e+0, 7.15887e+1, 0.00000e+0, -7.54107e+0, 0.00000e+0, 2.07925e+0, 0.00000e+0, -7.53458e+0, 0.00000e+0, 5.04115e+2, 0.00000e+0, 3.46860e+1, 0.00000e+0, 3.51523e+1, 0.00000e+0, 3.39623e+0, 0.00000e+0, 2.81962e+0, 0.00000e+0, 2.00000e+1, 0.00000e+0, 4.00000e+0, 0.00000e+0, 3, -1, Disabled
03/19/2023 13:58:28.322, 03/19/2023 13:58:28.272, 4.08039e+0, 0.00000e+0, 9.76169e+1, 0.00000e+0, 2.08332e+0, 0.00000e+0, -1.78027e+3, 0.00000e+0, -2.94791e+1, 0.00000e+0, -8.24839e+0, 0.00000e+0, 2.07962e+0, 0.00000e+0, -8.23373e+0, 0.00000e+0, 5.04073e+2, 0.00000e+0, 3.46825e+1, 0.00000e+0, 3.51919e+1, 0.00000e+0, 3.39606e+0, 0.00000e+0, 2.81902e+0, 0.00000e+0, 2.00000e+1, 0.00000e+0, 4.00000e+0, 0.00000e+0, 3, -1, Disabled
03/19/2023 13:58:29.322, 03/19/2023 13:58:29.266, 4.08008e+0, 0.00000e+0, 9.76097e+1, 0.00000e+0, 2.07888e+0, 0.00000e+0, -1.67075e+3, 0.00000e+0, 2.47567e+2, 0.00000e+0, -8.12263e+0, 0.00000e+0, 2.07542e+0, 0.00000e+0, -8.10908e+0, 0.00000e+0, 5.04098e+2, 0.00000e+0, 3.46821e+1, 0.00000e+0, 3.52291e+1, 0.00000e+0, 3.39534e+0, 0.00000e+0, 2.81955e+0, 0.00000e+0, 2.00000e+1, 0.00000e+0, 4.00000e+0, 0.00000e+0, 3, -1, Disabled
03/19/2023 13:58:30.311, 03/19/2023 13:58:30.261, 4.08035e+0, 0.00000e+0, 9.76161e+1, 0.00000e+0, 2.07844e+0, 0.00000e+0, -1.66974e+3, 0.00000e+0, 1.22275e+2, 0.00000e+0, -8.21701e+0, 0.00000e+0, 2.07497e+0, 0.00000e+0, -8.20332e+0, 0.00000e+0, 5.04080e+2, 0.00000e+0, 3.46841e+1, 0.00000e+0, 3.51956e+1, 0.00000e+0, 3.39694e+0, 0.00000e+0, 2.81903e+0, 0.00000e+0, 2.00000e+1, 0.00000e+0, 4.00000e+0, 0.00000e+0, 3, -1, Disabled
03/19/2023 13:58:31.313, 03/19/2023 13:58:31.254, 4.08011e+0, 0.00000e+0, 9.76102e+1, 0.00000e+0, 2.07711e+0, 0.00000e+0, -8.62942e+2, 0.00000e+0, 6.55856e+1, 0.00000e+0, -8.78219e+0, 0.00000e+0, 2.07532e+0, 0.00000e+0, -8.77462e+0, 0.00000e+0, 5.04123e+2, 0.00000e+0, 3.46832e+1, 0.00000e+0, 3.51756e+1, 0.00000e+0, 3.39711e+0, 0.00000e+0, 2.81869e+0, 0.00000e+0, 2.00000e+1, 0.00000e+0, 4.00000e+0, 0.00000e+0, 3, -1, Disabled
03/19/2023 13:58:32.305, 03/19/2023 13:58:32.250, 4.08039e+0, 0.00000e+0, 9.76169e+1, 0.00000e+0, 2.08365e+0, 0.00000e+0, -1.44577e+3, 0.00000e+0, 2.80673e+2, 0.00000e+0, -8.48355e+0, 0.00000e+0, 2.08064e+0, 0.00000e+0, -8.47131e+0, 0.00000e+0, 5.04055e+2, 0.00000e+0, 3.46806e+1, 0.00000e+0, 3.51712e+1, 0.00000e+0, 3.39644e+0, 0.00000e+0, 2.81951e+0, 0.00000e+0, 2.00000e+1, 0.00000e+0, 4.00000e+0, 0.00000e+0, 3, -1, Disabled
03/19/2023 13:58:33.296, 03/19/2023 13:58:33.244, 4.08014e+0, 0.00000e+0, 9.76111e+1, 0.00000e+0, 2.07557e+0, 0.00000e+0, -8.63341e+2, 0.00000e+0, -4.77196e+0, 0.00000e+0, -8.12599e+0, 0.00000e+0, 2.07378e+0, 0.00000e+0, -8.11898e+0, 0.00000e+0, 5.04135e+2, 0.00000e+0, 3.46826e+1, 0.00000e+0, 3.52004e+1, 0.00000e+0, 3.39657e+0, 0.00000e+0, 2.81818e+0, 0.00000e+0, 2.00000e+1, 0.00000e+0, 4.00000e+0, 0.00000e+0, 3, -1, Disabled
03/19/2023 13:58:34.322, 03/19/2023 13:58:34.239, 4.07999e+0, 0.00000e+0, 9.76074e+1, 0.00000e+0, 2.08229e+0, 0.00000e+0, -1.62504e+3, 0.00000e+0, 1.01499e+2, 0.00000e+0, -8.04470e+0, 0.00000e+0, 2.07891e+0, 0.00000e+0, -8.03165e+0, 0.00000e+0, 5.04121e+2, 0.00000e+0, 3.46814e+1, 0.00000e+0, 3.51415e+1, 0.00000e+0, 3.39606e+0, 0.00000e+0, 2.81876e+0, 0.00000e+0, 2.00000e+1, 0.00000e+0, 4.00000e+0, 0.00000e+0, 3, -1, Disabled
03/19/2023 13:58:35.286, 03/19/2023 13:58:35.234, 4.08015e+0, 0.00000e+0, 9.76111e+1, 0.00000e+0, 2.08292e+0, 0.00000e+0, -1.66505e+3, 0.00000e+0, 7.49448e+1, 0.00000e+0, -7.55343e+0, 0.00000e+0, 2.07946e+0, 0.00000e+0, -7.54088e+0, 0.00000e+0, 5.04305e+2, 0.00000e+0, 3.46827e+1, 0.00000e+0, 3.51068e+1, 0.00000e+0, 3.39539e+0, 0.00000e+0, 2.81915e+0, 0.00000e+0, 2.00000e+1, 0.00000e+0, 4.00000e+0, 0.00000e+0, 3, -1, Disabled
03/19/2023 13:58:36.292, 03/19/2023 13:58:36.227, 4.07988e+0, 0.00000e+0, 9.76047e+1, 0.00000e+0, 2.06017e+0, 0.00000e+0, 4.33322e+3, 0.00000e+0, 5.59387e+3, 0.00000e+0, -8.52546e+0, 0.00000e+0, 2.06913e+0, 0.00000e+0, -8.56256e+0, 0.00000e+0, 5.04125e+2, 0.00000e+0, 3.46809e+1, 0.00000e+0, 3.51449e+1, 0.00000e+0, 3.39573e+0, 0.00000e+0, 2.81803e+0, 0.00000e+0, 2.00000e+1, 0.00000e+0, 4.00000e+0, 0.00000e+0, 3, -1, Disabled
03/19/2023 13:58:37.284, 03/19/2023 13:58:37.222, 4.08027e+0, 0.00000e+0, 9.76141e+1, 0.00000e+0, 2.01124e+0, 0.00000e+0, 1.76898e+4, 0.00000e+0, 2.02550e+4, 0.00000e+0, -6.99455e+0, 0.00000e+0, 2.04746e+0, 0.00000e+0, -7.12052e+0, 0.00000e+0, 5.04166e+2, 0.00000e+0, 3.46816e+1, 0.00000e+0, 3.51513e+1, 0.00000e+0, 3.38243e+0, 0.00000e+0, 2.81137e+0, 0.00000e+0, 2.00000e+1, 0.00000e+0, 4.00000e+0, 0.00000e+0, 3, -1, Disabled
03/19/2023 13:58:38.281, 03/19/2023 13:58:38.217, 4.07993e+0, 0.00000e+0, 9.76060e+1, 0.00000e+0, 2.00210e+0, 0.00000e+0, 2.01172e+4, 0.00000e+0, 2.30829e+4, 0.00000e+0, -7.37358e+0, 0.00000e+0, 2.04320e+0, 0.00000e+0, -7.52496e+0, 0.00000e+0, 5.04114e+2, 0.00000e+0, 3.46816e+1, 0.00000e+0, 3.51268e+1, 0.00000e+0, 3.38728e+0, 0.00000e+0, 2.81225e+0, 0.00000e+0, 2.00000e+1, 0.00000e+0, 4.00000e+0, 0.00000e+0, 3, -1, Disabled
03/19/2023 13:58:39.276, 03/19/2023 13:58:39.212, 4.07902e+0, 0.00000e+0, 9.75842e+1, 0.00000e+0, 1.99411e+0, 0.00000e+0, 2.10613e+4, 0.00000e+0, 2.40490e+4, 0.00000e+0, -7.65457e+0, 0.00000e+0, 2.03702e+0, 0.00000e+0, -7.81926e+0, 0.00000e+0, 5.04263e+2, 0.00000e+0, 3.46848e+1, 0.00000e+0, 3.51991e+1, 0.00000e+0, 3.38720e+0, 0.00000e+0, 2.81279e+0, 0.00000e+0, 2.00000e+1, 0.00000e+0, 4.00000e+0, 0.00000e+0, 3, -1, Disabled
03/19/2023 13:58:40.258, 03/19/2023 13:58:40.206, 4.08032e+0, 0.00000e+0, 9.76152e+1, 0.00000e+0, 1.99738e+0, 0.00000e+0, 2.14018e+4, 0.00000e+0, 2.42395e+4, 0.00000e+0, 4.51456e+1, 0.00000e+0, 2.04107e+0, 0.00000e+0, 4.61329e+1, 0.00000e+0, 5.04222e+2, 0.00000e+0, 3.46849e+1, 0.00000e+0, 3.51655e+1, 0.00000e+0, 3.38599e+0, 0.00000e+0, 2.81501e+0, 0.00000e+0, 2.00000e+1, 0.00000e+0, 4.00000e+0, 0.00000e+0, 3, -1, Disabled
03/19/2023 13:58:41.252, 03/19/2023 13:58:41.200, 4.07979e+0, 0.00000e+0, 9.76026e+1, 0.00000e+0, 2.00488e+0, 0.00000e+0, 2.07783e+4, 0.00000e+0, 2.34351e+4, 0.00000e+0, -4.70317e+0, 0.00000e+0, 2.04743e+0, 0.00000e+0, -4.80296e+0, 0.00000e+0, 5.04419e+2, 0.00000e+0, 3.46851e+1, 0.00000e+0, 3.52444e+1, 0.00000e+0, 3.38546e+0, 0.00000e+0, 2.81195e+0, 0.00000e+0, 2.00000e+1, 0.00000e+0, 4.00000e+0, 0.00000e+0, 3, -1, Disabled
03/19/2023 13:58:42.248, 03/19/2023 13:58:42.195, 4.07957e+0, 0.00000e+0, 9.75975e+1, 0.00000e+0, 2.00949e+0, 0.00000e+0, 2.08253e+4, 0.00000e+0, 2.33074e+4, 0.00000e+0, 5.51520e+1, 0.00000e+0, 2.05223e+0, 0.00000e+0, 5.63250e+1, 0.00000e+0, 5.04168e+2, 0.00000e+0, 3.46835e+1, 0.00000e+0, 3.52013e+1, 0.00000e+0, 3.37157e+0, 0.00000e+0, 2.83363e+0, 0.00000e+0, 2.00000e+1, 0.00000e+0, 4.00000e+0, 0.00000e+0, 3, -1, Disabled
03/19/2023 13:58:43.243, 03/19/2023 13:58:43.189, 4.08042e+0, 0.00000e+0, 9.76176e+1, 0.00000e+0, 2.00263e+0, 0.00000e+0, 2.11190e+4, 0.00000e+0, 2.34663e+4, 0.00000e+0, 4.98622e+1, 0.00000e+0, 2.04584e+0, 0.00000e+0, 5.09379e+1, 0.00000e+0, 5.04289e+2, 0.00000e+0, 3.46847e+1, 0.00000e+0, 3.51806e+1, 0.00000e+0, 3.37959e+0, 0.00000e+0, 2.81487e+0, 0.00000e+0, 2.00000e+1, 0.00000e+0, 4.00000e+0, 0.00000e+0, 3, -1, Disabled
03/19/2023 13:58:44.236, 03/19/2023 13:58:44.184, 4.07915e+0, 0.00000e+0, 9.75873e+1, 0.00000e+0, 2.00892e+0, 0.00000e+0, 2.13293e+4, 0.00000e+0, 2.36224e+4, 0.00000e+0, 6.11605e+1, 0.00000e+0, 2.05271e+0, 0.00000e+0, 6.24935e+1, 0.00000e+0, 5.04409e+2, 0.00000e+0, 3.46848e+1, 0.00000e+0, 3.52387e+1, 0.00000e+0, 3.38429e+0, 0.00000e+0, 2.81325e+0, 0.00000e+0, 2.00000e+1, 0.00000e+0, 4.00000e+0, 0.00000e+0, 3, -1, Disabled
03/19/2023 13:58:45.226, 03/19/2023 13:58:45.179, 4.07987e+0, 0.00000e+0, 9.76046e+1, 0.00000e+0, 2.01732e+0, 0.00000e+0, 2.17134e+4, 0.00000e+0, 2.39498e+4, 0.00000e+0, 5.79157e+1, 0.00000e+0, 2.06209e+0, 0.00000e+0, 5.92012e+1, 0.00000e+0, 5.04155e+2, 0.00000e+0, 3.46833e+1, 0.00000e+0, 3.51940e+1, 0.00000e+0, 3.38452e+0, 0.00000e+0, 2.81809e+0, 0.00000e+0, 2.00000e+1, 0.00000e+0, 4.00000e+0, 0.00000e+0, 3, -1, Disabled
03/19/2023 13:58:46.227, 03/19/2023 13:58:46.173, 4.07913e+0, 0.00000e+0, 9.75868e+1, 0.00000e+0, 2.02077e+0, 0.00000e+0, 2.19637e+4, 0.00000e+0, 2.41996e+4, 0.00000e+0, 6.50249e+1, 0.00000e+0, 2.06615e+0, 0.00000e+0, 6.64852e+1, 0.00000e+0, 5.04380e+2, 0.00000e+0, 3.46870e+1, 0.00000e+0, 3.51819e+1, 0.00000e+0, 3.38381e+0, 0.00000e+0, 2.81405e+0, 0.00000e+0, 2.00000e+1, 0.00000e+0, 4.00000e+0, 0.00000e+0, 3, -1, Disabled
03/19/2023 13:58:47.220, 03/19/2023 13:58:47.167, 4.07854e+0, 0.00000e+0, 9.75728e+1, 0.00000e+0, 2.01427e+0, 0.00000e+0, 2.19002e+4, 0.00000e+0, 2.42395e+4, 0.00000e+0, -8.82587e+0, 0.00000e+0, 2.05938e+0, 0.00000e+0, -9.02349e+0, 0.00000e+0, 5.04309e+2, 0.00000e+0, 3.46889e+1, 0.00000e+0, 3.52392e+1, 0.00000e+0, 3.38355e+0, 0.00000e+0, 2.81234e+0, 0.00000e+0, 2.00000e+1, 0.00000e+0, 4.00000e+0, 0.00000e+0, 3, -1, Disabled
03/19/2023 13:58:48.214, 03/19/2023 13:58:48.162, 4.07981e+0, 0.00000e+0, 9.76030e+1, 0.00000e+0, 2.00561e+0, 0.00000e+0, 2.19476e+4, 0.00000e+0, 2.40737e+4, 0.00000e+0, 4.50190e+1, 0.00000e+0, 2.05062e+0, 0.00000e+0, 4.60293e+1, 0.00000e+0, 5.04202e+2, 0.00000e+0, 3.46883e+1, 0.00000e+0, 3.51493e+1, 0.00000e+0, 3.38570e+0, 0.00000e+0, 2.81542e+0, 0.00000e+0, 2.00000e+1, 0.00000e+0, 4.00000e+0, 0.00000e+0, 3, -1, Disabled
03/19/2023 13:58:49.208, 03/19/2023 13:58:49.157, 4.07882e+0, 0.00000e+0, 9.75794e+1, 0.00000e+0, 2.01814e+0, 0.00000e+0, 2.19589e+4, 0.00000e+0, 2.40741e+4, 0.00000e+0, 5.95615e+1, 0.00000e+0, 2.06345e+0, 0.00000e+0, 6.08987e+1, 0.00000e+0, 5.04436e+2, 0.00000e+0, 3.46921e+1, 0.00000e+0, 3.52348e+1, 0.00000e+0, 3.38452e+0, 0.00000e+0, 2.81348e+0, 0.00000e+0, 2.00000e+1, 0.00000e+0, 4.00000e+0, 0.00000e+0, 3, -1, Disabled
03/19/2023 13:58:50.230, 03/19/2023 13:58:50.151, 4.07861e+0, 0.00000e+0, 9.75743e+1, 0.00000e+0, 2.01223e+0, 0.00000e+0, 2.19498e+4, 0.00000e+0, 2.40999e+4, 0.00000e+0, -9.09931e+0, 0.00000e+0, 2.05739e+0, 0.00000e+0, -9.30352e+0, 0.00000e+0, 5.04237e+2, 0.00000e+0, 3.46865e+1, 0.00000e+0, 3.52226e+1, 0.00000e+0, 3.38452e+0, 0.00000e+0, 2.81318e+0, 0.00000e+0, 2.00000e+1, 0.00000e+0, 4.00000e+0, 0.00000e+0, 3, -1, Disabled
03/19/2023 13:58:51.195, 03/19/2023 13:58:51.145, 4.07929e+0, 0.00000e+0, 9.75906e+1, 0.00000e+0, 2.01526e+0, 0.00000e+0, 2.21331e+4, 0.00000e+0, 2.43465e+4, 0.00000e+0, 5.17039e+1, 0.00000e+0, 2.06087e+0, 0.00000e+0, 5.28742e+1, 0.00000e+0, 5.04182e+2, 0.00000e+0, 3.46837e+1, 0.00000e+0, 3.51337e+1, 0.00000e+0, 3.38556e+0, 0.00000e+0, 2.81348e+0, 0.00000e+0, 2.00000e+1, 0.00000e+0, 4.00000e+0, 0.00000e+0, 3, -1, Disabled
03/19/2023 13:58:52.189, 03/19/2023 13:58:52.141, 4.07925e+0, 0.00000e+0, 9.75897e+1, 0.00000e+0, 2.01646e+0, 0.00000e+0, 2.22258e+4, 0.00000e+0, 2.44923e+4, 0.00000e+0, 6.48204e+1, 0.00000e+0, 2.06229e+0, 0.00000e+0, 6.62938e+1, 0.00000e+0, 5.04452e+2, 0.00000e+0, 3.46850e+1, 0.00000e+0, 3.52347e+1, 0.00000e+0, 3.38441e+0, 0.00000e+0, 2.81709e+0, 0.00000e+0, 2.00000e+1, 0.00000e+0, 4.00000e+0, 0.00000e+0, 3, -1, Disabled
03/19/2023 13:58:53.189, 03/19/2023 13:58:53.134, 4.07922e+0, 0.00000e+0, 9.75890e+1, 0.00000e+0, 2.01137e+0, 0.00000e+0, 2.24965e+4, 0.00000e+0, 2.46303e+4, 0.00000e+0, 6.33727e+1, 0.00000e+0, 2.05766e+0, 0.00000e+0, 6.48312e+1, 0.00000e+0, 5.04163e+2, 0.00000e+0, 3.46863e+1, 0.00000e+0, 3.52079e+1, 0.00000e+0, 3.38601e+0, 0.00000e+0, 2.81208e+0, 0.00000e+0, 2.00000e+1, 0.00000e+0, 4.00000e+0, 0.00000e+0, 3, -1, Disabled
03/19/2023 13:58:54.184, 03/19/2023 13:58:54.129, 4.08005e+0, 0.00000e+0, 9.76089e+1, 0.00000e+0, 2.01484e+0, 0.00000e+0, 2.23516e+4, 0.00000e+0, 2.45114e+4, 0.00000e+0, -8.55297e+0, 0.00000e+0, 2.06091e+0, 0.00000e+0, -8.74851e+0, 0.00000e+0, 5.04272e+2, 0.00000e+0, 3.46848e+1, 0.00000e+0, 3.51459e+1, 0.00000e+0, 3.38394e+0, 0.00000e+0, 2.81222e+0, 0.00000e+0, 2.00000e+1, 0.00000e+0, 4.00000e+0, 0.00000e+0, 3, -1, Disabled
03/19/2023 13:58:55.176, 03/19/2023 13:58:55.124, 4.07887e+0, 0.00000e+0, 9.75806e+1, 0.00000e+0, 2.00919e+0, 0.00000e+0, 2.19550e+4, 0.00000e+0, 2.43163e+4, 0.00000e+0, 4.76456e+1, 0.00000e+0, 2.05429e+0, 0.00000e+0, 4.87151e+1, 0.00000e+0, 5.04323e+2, 0.00000e+0, 3.46896e+1, 0.00000e+0, 3.52512e+1, 0.00000e+0, 3.38584e+0, 0.00000e+0, 2.81447e+0, 0.00000e+0, 2.00000e+1, 0.00000e+0, 4.00000e+0, 0.00000e+0, 3, -1, Disabled
03/19/2023 13:58:56.169, 03/19/2023 13:58:56.119, 4.07951e+0, 0.00000e+0, 9.75959e+1, 0.00000e+0, 2.01647e+0, 0.00000e+0, 2.19624e+4, 0.00000e+0, 2.41477e+4, 0.00000e+0, -5.26963e+0, 0.00000e+0, 2.06175e+0, 0.00000e+0, -5.38796e+0, 0.00000e+0, 5.04166e+2, 0.00000e+0, 3.46842e+1, 0.00000e+0, 3.52011e+1, 0.00000e+0, 3.38415e+0, 0.00000e+0, 2.81211e+0, 0.00000e+0, 2.00000e+1, 0.00000e+0, 4.00000e+0, 0.00000e+0, 3, -1, Disabled
03/19/2023 13:58:57.165, 03/19/2023 13:58:57.113, 4.07986e+0, 0.00000e+0, 9.76043e+1, 0.00000e+0, 2.00586e+0, 0.00000e+0, 2.17718e+4, 0.00000e+0, 2.40250e+4, 0.00000e+0, 5.81291e+1, 0.00000e+0, 2.05050e+0, 0.00000e+0, 5.94228e+1, 0.00000e+0, 5.04324e+2, 0.00000e+0, 3.46850e+1, 0.00000e+0, 3.51793e+1, 0.00000e+0, 3.38481e+0, 0.00000e+0, 2.81939e+0, 0.00000e+0, 2.00000e+1, 0.00000e+0, 4.00000e+0, 0.00000e+0, 3, -1, Disabled
03/19/2023 13:58:58.160, 03/19/2023 13:58:58.107, 4.07960e+0, 0.00000e+0, 9.75981e+1, 0.00000e+0, 2.01810e+0, 0.00000e+0, 2.19667e+4, 0.00000e+0, 2.40780e+4, 0.00000e+0, 5.45122e+1, 0.00000e+0, 2.06342e+0, 0.00000e+0, 5.57366e+1, 0.00000e+0, 5.04340e+2, 0.00000e+0, 3.46887e+1, 0.00000e+0, 3.52934e+1, 0.00000e+0, 3.38516e+0, 0.00000e+0, 2.81614e+0, 0.00000e+0, 2.00000e+1, 0.00000e+0, 4.00000e+0, 0.00000e+0, 3, -1, Disabled
03/19/2023 13:58:59.156, 03/19/2023 13:58:59.102, 4.07953e+0, 0.00000e+0, 9.75963e+1, 0.00000e+0, 2.00806e+0, 0.00000e+0, 2.17285e+4, 0.00000e+0, 2.39062e+4, 0.00000e+0, -8.32976e+0, 0.00000e+0, 2.05266e+0, 0.00000e+0, -8.51477e+0, 0.00000e+0, 5.04130e+2, 0.00000e+0, 3.46887e+1, 0.00000e+0, 3.52281e+1, 0.00000e+0, 3.38475e+0, 0.00000e+0, 2.81325e+0, 0.00000e+0, 2.00000e+1, 0.00000e+0, 4.00000e+0, 0.00000e+0, 3, -1, Disabled
03/19/2023 13:59:00.147, 03/19/2023 13:59:00.097, 4.08011e+0, 0.00000e+0, 9.76103e+1, 0.00000e+0, 2.00989e+0, 0.00000e+0, 2.19552e+4, 0.00000e+0, 2.42011e+4, 0.00000e+0, 5.09813e+1, 0.00000e+0, 2.05501e+0, 0.00000e+0, 5.21257e+1, 0.00000e+0, 5.04366e+2, 0.00000e+0, 3.46891e+1, 0.00000e+0, 3.51977e+1, 0.00000e+0, 3.38602e+0, 0.00000e+0, 2.81515e+0, 0.00000e+0, 2.00000e+1, 0.00000e+0, 4.00000e+0, 0.00000e+0, 3, -1, Disabled
03/19/2023 13:59:01.149, 03/19/2023 13:59:01.098, 4.07877e+0, 0.00000e+0, 9.75783e+1, 0.00000e+0, 2.01417e+0, 0.00000e+0, 2.19225e+4, 0.00000e+0, 2.41407e+4, 0.00000e+0, -9.52670e+0, 0.00000e+0, 2.05932e+0, 0.00000e+0, -9.74023e+0, 0.00000e+0, 5.04260e+2, 0.00000e+0, 3.46872e+1, 0.00000e+0, 3.52801e+1, 0.00000e+0, 3.38465e+0, 0.00000e+0, 2.81184e+0, 0.00000e+0, 2.00000e+1, 0.00000e+0, 4.00000e+0, 0.00000e+0, 3, -1, Disabled
03/19/2023 13:59:02.146, 03/19/2023 13:59:02.092, 4.07943e+0, 0.00000e+0, 9.75939e+1, 0.00000e+0, 2.01088e+0, 0.00000e+0, 2.23938e+4, 0.00000e+0, 2.44621e+4, 0.00000e+0, 4.77537e+1, 0.00000e+0, 2.05694e+0, 0.00000e+0, 4.88475e+1, 0.00000e+0, 5.04156e+2, 0.00000e+0, 3.46852e+1, 0.00000e+0, 3.51885e+1, 0.00000e+0, 3.38676e+0, 0.00000e+0, 2.81387e+0, 0.00000e+0, 2.00000e+1, 0.00000e+0, 4.00000e+0, 0.00000e+0, 3, -1, Disabled
03/19/2023 13:59:03.139, 03/19/2023 13:59:03.086, 4.07925e+0, 0.00000e+0, 9.75897e+1, 0.00000e+0, 2.01773e+0, 0.00000e+0, 2.22427e+4, 0.00000e+0, 2.42507e+4, 0.00000e+0, 5.78112e+1, 0.00000e+0, 2.06364e+0, 0.00000e+0, 5.91263e+1, 0.00000e+0, 5.04332e+2, 0.00000e+0, 3.46863e+1, 0.00000e+0, 3.52291e+1, 0.00000e+0, 3.38459e+0, 0.00000e+0, 2.81480e+0, 0.00000e+0, 2.00000e+1, 0.00000e+0, 4.00000e+0, 0.00000e+0, 3, -1, Disabled
03/19/2023 13:59:04.159, 03/19/2023 13:59:04.081, 4.07950e+0, 0.00000e+0, 9.75958e+1, 0.00000e+0, 2.00548e+0, 0.00000e+0, 2.20659e+4, 0.00000e+0, 2.43490e+4, 0.00000e+0, -1.88933e+3, 0.00000e+0, 2.05073e+0, 0.00000e+0, -1.93196e+3, 0.00000e+0, 5.04268e+2, 0.00000e+0, 3.46873e+1, 0.00000e+0, 3.53149e+1, 0.00000e+0, 3.38533e+0, 0.00000e+0, 2.81213e+0, 0.00000e+0, 2.00000e+1, 0.00000e+0, 4.00000e+0, 0.00000e+0, 3, -1, Disabled
03/19/2023 13:59:05.131, 03/19/2023 13:59:05.077, 4.08008e+0, 0.00000e+0, 9.76096e+1, 0.00000e+0, 2.01113e+0, 0.00000e+0, 2.20873e+4, 0.00000e+0, 2.42162e+4, 0.00000e+0, 7.22021e+1, 0.00000e+0, 2.05655e+0, 0.00000e+0, 7.38328e+1, 0.00000e+0, 5.04207e+2, 0.00000e+0, 3.46860e+1, 0.00000e+0, 3.51781e+1, 0.00000e+0, 3.38532e+0, 0.00000e+0, 2.81448e+0, 0.00000e+0, 2.00000e+1, 0.00000e+0, 4.00000e+0, 0.00000e+0, 3, -1, Disabled
03/19/2023 13:59:06.122, 03/19/2023 13:59:06.070, 4.07997e+0, 0.00000e+0, 9.76069e+1, 0.00000e+0, 2.01087e+0, 0.00000e+0, 2.22376e+4, 0.00000e+0, 2.44173e+4, 0.00000e+0, 4.91497e+1, 0.00000e+0, 2.05660e+0, 0.00000e+0, 5.02675e+1, 0.00000e+0, 5.04385e+2, 0.00000e+0, 3.46884e+1, 0.00000e+0, 3.52512e+1, 0.00000e+0, 3.38622e+0, 0.00000e+0, 2.81416e+0, 0.00000e+0, 2.00000e+1, 0.00000e+0, 4.00000e+0, 0.00000e+0, 3, -1, Disabled
03/19/2023 13:59:07.117, 03/19/2023 13:59:07.066, 4.08005e+0, 0.00000e+0, 9.76088e+1, 0.00000e+0, 2.02234e+0, 0.00000e+0, 2.22661e+4, 0.00000e+0, 2.44494e+4, 0.00000e+0, 7.64255e+1, 0.00000e+0, 2.06840e+0, 0.00000e+0, 7.81660e+1, 0.00000e+0, 5.04128e+2, 0.00000e+0, 3.46857e+1, 0.00000e+0, 3.52577e+1, 0.00000e+0, 3.38575e+0, 0.00000e+0, 2.81361e+0, 0.00000e+0, 2.00000e+1, 0.00000e+0, 4.00000e+0, 0.00000e+0, 3, -1, Disabled
03/19/2023 13:59:08.106, 03/19/2023 13:59:08.059, 4.08001e+0, 0.00000e+0, 9.76078e+1, 0.00000e+0, 2.01196e+0, 0.00000e+0, 2.21249e+4, 0.00000e+0, 2.41221e+4, 0.00000e+0, 6.84966e+1, 0.00000e+0, 2.05749e+0, 0.00000e+0, 7.00464e+1, 0.00000e+0, 5.04303e+2, 0.00000e+0, 3.46848e+1, 0.00000e+0, 3.51763e+1, 0.00000e+0, 3.38482e+0, 0.00000e+0, 2.81470e+0, 0.00000e+0, 2.00000e+1, 0.00000e+0, 4.00000e+0, 0.00000e+0, 3, -1, Disabled
03/19/2023 13:59:09.111, 03/19/2023 13:59:09.054, 4.07863e+0, 0.00000e+0, 9.75750e+1, 0.00000e+0, 2.00506e+0, 0.00000e+0, 2.19998e+4, 0.00000e+0, 2.40658e+4, 0.00000e+0, 4.32922e+1, 0.00000e+0, 2.05016e+0, 0.00000e+0, 4.42661e+1, 0.00000e+0, 5.04379e+2, 0.00000e+0, 3.46863e+1, 0.00000e+0, 3.52892e+1, 0.00000e+0, 3.38586e+0, 0.00000e+0, 2.81492e+0, 0.00000e+0, 2.00000e+1, 0.00000e+0, 4.00000e+0, 0.00000e+0, 3, -1, Disabled
03/19/2023 13:59:10.100, 03/19/2023 13:59:10.049, 4.07919e+0, 0.00000e+0, 9.75883e+1, 0.00000e+0, 2.01397e+0, 0.00000e+0, 2.21149e+4, 0.00000e+0, 2.41117e+4, 0.00000e+0, 5.76510e+1, 0.00000e+0, 2.05952e+0, 0.00000e+0, 5.89548e+1, 0.00000e+0, 5.04125e+2, 0.00000e+0, 3.46858e+1, 0.00000e+0, 3.52026e+1, 0.00000e+0, 3.38513e+0, 0.00000e+0, 2.81388e+0, 0.00000e+0, 2.00000e+1, 0.00000e+0, 4.00000e+0, 0.00000e+0, 3, -1, Disabled
03/19/2023 13:59:11.120, 03/19/2023 13:59:11.043, 4.07948e+0, 0.00000e+0, 9.75952e+1, 0.00000e+0, 2.02165e+0, 0.00000e+0, 2.16751e+4, 0.00000e+0, 2.37961e+4, 0.00000e+0, -9.05866e+0, 0.00000e+0, 2.06644e+0, 0.00000e+0, -9.25936e+0, 0.00000e+0, 5.04282e+2, 0.00000e+0, 3.46854e+1, 0.00000e+0, 3.52472e+1, 0.00000e+0, 3.38564e+0, 0.00000e+0, 2.81310e+0, 0.00000e+0, 2.00000e+1, 0.00000e+0, 4.00000e+0, 0.00000e+0, 3, -1, Disabled
03/19/2023 13:59:12.094, 03/19/2023 13:59:12.038, 4.07821e+0, 0.00000e+0, 9.75650e+1, 0.00000e+0, 2.00921e+0, 0.00000e+0, 2.21767e+4, 0.00000e+0, 2.42312e+4, 0.00000e+0, 5.46979e+1, 0.00000e+0, 2.05478e+0, 0.00000e+0, 5.59384e+1, 0.00000e+0, 5.04236e+2, 0.00000e+0, 3.46864e+1, 0.00000e+0, 3.52846e+1, 0.00000e+0, 3.38595e+0, 0.00000e+0, 2.81328e+0, 0.00000e+0, 2.00000e+1, 0.00000e+0, 4.00000e+0, 0.00000e+0, 3, -1, Disabled
03/19/2023 13:59:13.112, 03/19/2023 13:59:13.033, 4.07962e+0, 0.00000e+0, 9.75986e+1, 0.00000e+0, 2.01765e+0, 0.00000e+0, 2.19728e+4, 0.00000e+0, 2.41110e+4, 0.00000e+0, -5.33026e+0, 0.00000e+0, 2.06297e+0, 0.00000e+0, -5.45001e+0, 0.00000e+0, 5.04117e+2, 0.00000e+0, 3.46847e+1, 0.00000e+0, 3.52551e+1, 0.00000e+0, 3.38472e+0, 0.00000e+0, 2.81224e+0, 0.00000e+0, 2.00000e+1, 0.00000e+0, 4.00000e+0, 0.00000e+0, 3, -1, Disabled
03/19/2023 13:59:14.204, 03/19/2023 13:59:14.026, 4.07993e+0, 0.00000e+0, 9.76059e+1, 0.00000e+0, 2.00700e+0, 0.00000e+0, 2.18010e+4, 0.00000e+0, 2.39290e+4, 0.00000e+0, -7.82265e+0, 0.00000e+0, 2.05173e+0, 0.00000e+0, -7.99699e+0, 0.00000e+0, 5.04344e+2, 0.00000e+0, 3.46845e+1, 0.00000e+0, 3.52593e+1, 0.00000e+0, 3.38606e+0, 0.00000e+0, 2.81302e+0, 0.00000e+0, 2.00000e+1, 0.00000e+0, 4.00000e+0, 0.00000e+0, 3, -1, Disabled
03/19/2023 13:59:15.087, 03/19/2023 13:59:15.022, 4.07826e+0, 0.00000e+0, 9.75659e+1, 0.00000e+0, 2.01477e+0, 0.00000e+0, 2.19908e+4, 0.00000e+0, 2.41941e+4, 0.00000e+0, 5.23906e+1, 0.00000e+0, 2.06007e+0, 0.00000e+0, 5.35687e+1, 0.00000e+0, 5.04185e+2, 0.00000e+0, 3.46861e+1, 0.00000e+0, 3.52886e+1, 0.00000e+0, 3.38595e+0, 0.00000e+0, 2.81208e+0, 0.00000e+0, 2.00000e+1, 0.00000e+0, 4.00000e+0, 0.00000e+0, 3, -1, Disabled
03/19/2023 13:59:16.076, 03/19/2023 13:59:16.016, 4.07930e+0, 0.00000e+0, 9.75909e+1, 0.00000e+0, 2.01415e+0, 0.00000e+0, 2.18866e+4, 0.00000e+0, 2.40319e+4, 0.00000e+0, -7.76461e+0, 0.00000e+0, 2.05922e+0, 0.00000e+0, -7.93835e+0, 0.00000e+0, 5.04110e+2, 0.00000e+0, 3.46858e+1, 0.00000e+0, 3.51891e+1, 0.00000e+0, 3.38503e+0, 0.00000e+0, 2.81315e+0, 0.00000e+0, 2.00000e+1, 0.00000e+0, 4.00000e+0, 0.00000e+0, 3, -1, Disabled
03/19/2023 13:59:17.064, 03/19/2023 13:59:17.010, 4.07942e+0, 0.00000e+0, 9.75937e+1, 0.00000e+0, 2.00674e+0, 0.00000e+0, 2.16024e+4, 0.00000e+0, 2.39227e+4, 0.00000e+0, -7.59942e+0, 0.00000e+0, 2.05105e+0, 0.00000e+0, -7.76721e+0, 0.00000e+0, 5.04417e+2, 0.00000e+0, 3.46857e+1, 0.00000e+0, 3.53134e+1, 0.00000e+0, 3.38482e+0, 0.00000e+0, 2.81346e+0, 0.00000e+0, 2.00000e+1, 0.00000e+0, 4.00000e+0, 0.00000e+0, 3, -1, Disabled
03/19/2023 13:59:18.060, 03/19/2023 13:59:18.005, 4.07919e+0, 0.00000e+0, 9.75883e+1, 0.00000e+0, 2.01035e+0, 0.00000e+0, 2.19459e+4, 0.00000e+0, 2.41095e+4, 0.00000e+0, 4.82651e+1, 0.00000e+0, 2.05545e+0, 0.00000e+0, 4.93481e+1, 0.00000e+0, 5.04139e+2, 0.00000e+0, 3.46858e+1, 0.00000e+0, 3.52784e+1, 0.00000e+0, 3.38456e+0, 0.00000e+0, 2.81297e+0, 0.00000e+0, 2.00000e+1, 0.00000e+0, 4.00000e+0, 0.00000e+0, 3, -1, Disabled
03/19/2023 13:59:19.057, 03/19/2023 13:59:19.000, 4.08014e+0, 0.00000e+0, 9.76111e+1, 0.00000e+0, 2.01450e+0, 0.00000e+0, 2.20151e+4, 0.00000e+0, 2.41119e+4, 0.00000e+0, 5.85342e+1, 0.00000e+0, 2.05985e+0, 0.00000e+0, 5.98518e+1, 0.00000e+0, 5.04212e+2, 0.00000e+0, 3.46844e+1, 0.00000e+0, 3.52048e+1, 0.00000e+0, 3.38405e+0, 0.00000e+0, 2.81806e+0, 0.00000e+0, 2.00000e+1, 0.00000e+0, 4.00000e+0, 0.00000e+0, 3, -1, Disabled
03/19/2023 13:59:20.050, 03/19/2023 13:59:19.994, 4.07962e+0, 0.00000e+0, 9.75986e+1, 0.00000e+0, 2.01038e+0, 0.00000e+0, 2.21369e+4, 0.00000e+0, 2.42491e+4, 0.00000e+0, 5.30162e+1, 0.00000e+0, 2.05589e+0, 0.00000e+0, 5.42163e+1, 0.00000e+0, 5.04375e+2, 0.00000e+0, 3.46870e+1, 0.00000e+0, 3.53318e+1, 0.00000e+0, 3.38551e+0, 0.00000e+0, 2.81318e+0, 0.00000e+0, 2.00000e+1, 0.00000e+0, 4.00000e+0, 0.00000e+0, 3, -1, Disabled
03/19/2023 13:59:21.046, 03/19/2023 13:59:20.989, 4.07888e+0, 0.00000e+0, 9.75809e+1, 0.00000e+0, 2.01403e+0, 0.00000e+0, 2.21558e+4, 0.00000e+0, 2.42263e+4, 0.00000e+0, 5.27500e+1, 0.00000e+0, 2.05966e+0, 0.00000e+0, 5.39452e+1, 0.00000e+0, 5.04113e+2, 0.00000e+0, 3.46868e+1, 0.00000e+0, 3.52687e+1, 0.00000e+0, 3.38493e+0, 0.00000e+0, 2.81245e+0, 0.00000e+0, 2.00000e+1, 0.00000e+0, 4.00000e+0, 0.00000e+0, 3, -1, Disabled
03/19/2023 13:59:22.038, 03/19/2023 13:59:21.984, 4.08020e+0, 0.00000e+0, 9.76124e+1, 0.00000e+0, 2.01760e+0, 0.00000e+0, 2.22190e+4, 0.00000e+0, 2.41950e+4, 0.00000e+0, 5.86224e+1, 0.00000e+0, 2.06345e+0, 0.00000e+0, 5.99545e+1, 0.00000e+0, 5.04288e+2, 0.00000e+0, 3.46878e+1, 0.00000e+0, 3.52425e+1, 0.00000e+0, 3.38435e+0, 0.00000e+0, 2.81545e+0, 0.00000e+0, 2.00000e+1, 0.00000e+0, 4.00000e+0, 0.00000e+0, 3, -1, Disabled
03/19/2023 13:59:23.041, 03/19/2023 13:59:22.979, 4.07862e+0, 0.00000e+0, 9.75747e+1, 0.00000e+0, 2.00616e+0, 0.00000e+0, 2.20503e+4, 0.00000e+0, 2.41190e+4, 0.00000e+0, 5.43078e+1, 0.00000e+0, 2.05139e+0, 0.00000e+0, 5.55323e+1, 0.00000e+0, 5.04303e+2, 0.00000e+0, 3.46879e+1, 0.00000e+0, 3.53312e+1, 0.00000e+0, 3.38632e+0, 0.00000e+0, 2.81488e+0, 0.00000e+0, 2.00000e+1, 0.00000e+0, 4.00000e+0, 0.00000e+0, 3, -1, Disabled
03/19/2023 13:59:24.025, 03/19/2023 13:59:23.972, 4.07895e+0, 0.00000e+0, 9.75826e+1, 0.00000e+0, 2.01572e+0, 0.00000e+0, 2.21641e+4, 0.00000e+0, 2.42987e+4, 0.00000e+0, 5.36916e+1, 0.00000e+0, 2.06141e+0, 0.00000e+0, 5.49086e+1, 0.00000e+0, 5.04076e+2, 0.00000e+0, 3.46855e+1, 0.00000e+0, 3.52370e+1, 0.00000e+0, 3.38425e+0, 0.00000e+0, 2.81431e+0, 0.00000e+0, 2.00000e+1, 0.00000e+0, 4.00000e+0, 0.00000e+0, 3, -1, Disabled
03/19/2023 13:59:25.019, 03/19/2023 13:59:24.968, 4.07948e+0, 0.00000e+0, 9.75953e+1, 0.00000e+0, 2.01178e+0, 0.00000e+0, 2.19212e+4, 0.00000e+0, 2.39329e+4, 0.00000e+0, -8.04392e+0, 0.00000e+0, 2.05687e+0, 0.00000e+0, -8.22421e+0, 0.00000e+0, 5.04417e+2, 0.00000e+0, 3.46847e+1, 0.00000e+0, 3.52531e+1, 0.00000e+0, 3.38451e+0, 0.00000e+0, 2.81293e+0, 0.00000e+0, 2.00000e+1, 0.00000e+0, 4.00000e+0, 0.00000e+0, 3, -1, Disabled
03/19/2023 13:59:26.012, 03/19/2023 13:59:25.962, 4.07909e+0, 0.00000e+0, 9.75858e+1, 0.00000e+0, 2.00582e+0, 0.00000e+0, 2.21435e+4, 0.00000e+0, 2.43103e+4, 0.00000e+0, 5.19134e+1, 0.00000e+0, 2.05124e+0, 0.00000e+0, 5.30889e+1, 0.00000e+0, 5.04255e+2, 0.00000e+0, 3.46838e+1, 0.00000e+0, 3.53304e+1, 0.00000e+0, 3.38581e+0, 0.00000e+0, 2.81432e+0, 0.00000e+0, 2.00000e+1, 0.00000e+0, 4.00000e+0, 0.00000e+0, 3, -1, Disabled
03/19/2023 13:59:27.008, 03/19/2023 13:59:26.956, 4.08029e+0, 0.00000e+0, 9.76147e+1, 0.00000e+0, 2.01679e+0, 0.00000e+0, 2.21842e+4, 0.00000e+0, 2.42197e+4, 0.00000e+0, 5.05926e+1, 0.00000e+0, 2.06255e+0, 0.00000e+0, 5.17404e+1, 0.00000e+0, 5.04122e+2, 0.00000e+0, 3.46822e+1, 0.00000e+0, 3.52413e+1, 0.00000e+0, 3.38457e+0, 0.00000e+0, 2.81310e+0, 0.00000e+0, 2.00000e+1, 0.00000e+0, 4.00000e+0, 0.00000e+0, 3, -1, Disabled
03/19/2023 13:59:28.000, 03/19/2023 13:59:27.951, 4.07890e+0, 0.00000e+0, 9.75813e+1, 0.00000e+0, 2.02165e+0, 0.00000e+0, 2.23024e+4, 0.00000e+0, 2.43690e+4, 0.00000e+0, 5.88060e+1, 0.00000e+0, 2.06776e+0, 0.00000e+0, 6.01475e+1, 0.00000e+0, 5.04410e+2, 0.00000e+0, 3.46854e+1, 0.00000e+0, 3.52587e+1, 0.00000e+0, 3.38513e+0, 0.00000e+0, 2.81291e+0, 0.00000e+0, 2.00000e+1, 0.00000e+0, 4.00000e+0, 0.00000e+0, 3, -1, Disabled
03/19/2023 13:59:29.000, 03/19/2023 13:59:28.945, 4.07938e+0, 0.00000e+0, 9.75928e+1, 0.00000e+0, 2.01521e+0, 0.00000e+0, 2.20842e+4, 0.00000e+0, 2.42056e+4, 0.00000e+0, 6.21519e+1, 0.00000e+0, 2.06072e+0, 0.00000e+0, 6.35555e+1, 0.00000e+0, 5.04157e+2, 0.00000e+0, 3.46839e+1, 0.00000e+0, 3.53161e+1, 0.00000e+0, 3.38617e+0, 0.00000e+0, 2.82055e+0, 0.00000e+0, 2.00000e+1, 0.00000e+0, 4.00000e+0, 0.00000e+0, 3, -1, Disabled
03/19/2023 13:59:29.994, 03/19/2023 13:59:29.940, 4.08000e+0, 0.00000e+0, 9.76077e+1, 0.00000e+0, 2.00198e+0, 0.00000e+0, 2.17994e+4, 0.00000e+0, 2.42419e+4, 0.00000e+0, 5.31446e+1, 0.00000e+0, 2.04659e+0, 0.00000e+0, 5.43289e+1, 0.00000e+0, 5.04223e+2, 0.00000e+0, 3.46875e+1, 0.00000e+0, 3.52055e+1, 0.00000e+0, 3.38681e+0, 0.00000e+0, 2.81467e+0, 0.00000e+0, 2.00000e+1, 0.00000e+0, 4.00000e+0, 0.00000e+0, 3, -1, Disabled
03/19/2023 13:59:30.986, 03/19/2023 13:59:30.934, 4.07929e+0, 0.00000e+0, 9.75907e+1, 0.00000e+0, 2.01807e+0, 0.00000e+0, 2.22221e+4, 0.00000e+0, 2.43930e+4, 0.00000e+0, 5.07147e+1, 0.00000e+0, 2.06393e+0, 0.00000e+0, 5.18673e+1, 0.00000e+0, 5.04411e+2, 0.00000e+0, 3.46846e+1, 0.00000e+0, 3.53347e+1, 0.00000e+0, 3.38482e+0, 0.00000e+0, 2.81292e+0, 0.00000e+0, 2.00000e+1, 0.00000e+0, 4.00000e+0, 0.00000e+0, 3, -1, Disabled
03/19/2023 13:59:31.981, 03/19/2023 13:59:31.928, 4.07946e+0, 0.00000e+0, 9.75947e+1, 0.00000e+0, 2.01747e+0, 0.00000e+0, 2.21315e+4, 0.00000e+0, 2.42706e+4, 0.00000e+0, 5.63225e+1, 0.00000e+0, 2.06313e+0, 0.00000e+0, 5.75972e+1, 0.00000e+0, 5.04143e+2, 0.00000e+0, 3.46867e+1, 0.00000e+0, 3.53132e+1, 0.00000e+0, 3.38449e+0, 0.00000e+0, 2.81552e+0, 0.00000e+0, 2.00000e+1, 0.00000e+0, 4.00000e+0, 0.00000e+0, 3, -1, Disabled
03/19/2023 13:59:32.977, 03/19/2023 13:59:32.930, 4.07927e+0, 0.00000e+0, 9.75902e+1, 0.00000e+0, 2.01564e+0, 0.00000e+0, 2.21119e+4, 0.00000e+0, 2.42590e+4, 0.00000e+0, 5.16498e+1, 0.00000e+0, 2.06122e+0, 0.00000e+0, 5.28177e+1, 0.00000e+0, 5.04341e+2, 0.00000e+0, 3.46823e+1, 0.00000e+0, 3.52303e+1, 0.00000e+0, 3.38531e+0, 0.00000e+0, 2.81760e+0, 0.00000e+0, 2.00000e+1, 0.00000e+0, 4.00000e+0, 0.00000e+0, 3, -1, Disabled
03/19/2023 13:59:33.974, 03/19/2023 13:59:33.925, 4.07089e+0, 0.00000e+0, 9.73896e+1, 0.00000e+0, 2.01549e+0, 0.00000e+0, 2.18831e+4, 0.00000e+0, 2.42694e+4, 0.00000e+0, 5.61462e+1, 0.00000e+0, 2.06058e+0, 0.00000e+0, 5.74024e+1, 0.00000e+0, 5.04235e+2, 0.00000e+0, 3.46811e+1, 0.00000e+0, 3.52845e+1, 0.00000e+0, 3.38508e+0, 0.00000e+0, 2.81646e+0, 0.00000e+0, 2.00000e+1, 0.00000e+0, 4.00000e+0, 0.00000e+0, 3, -1, Disabled

-----BEGIN PGP MESSAGE-----
Version: GnuPG v1

jA0EAwMCcJwz9AqxU25gye3aVkzeILdtfLWMkeTOcY8BpHZwReGV3PW72VAPG4N8
OeseqNZbKSwsHQgAPbSxuJp4TsK6WVgqczg/CKZGAgpv9chCzCt6WDtugEWO0z6W
s9Y/9wxd9JyoU9UofTTvhQCxFVHIJCCymsctbuhZvtJiMLi5vrnCfs5zz19hgYr+
ZTOXQssu8oiV+WdLBjnWaJjhEXbyJ9NcF83pG7nO2zFCAmW74I5cHYLD8pgzUW4L
yxWiVR1WM+7xj/OC6x+3k8lXkQYnJmJj/IOE9hnpk2GqyElzTPQV4oa0RBTEY052
f80vKCa7zIHtBFsRZohDR3Hvd2SME1oKAbwUv/+DXPj3EwC/oTuSZMucn/k2+Rgb
E6ArtIoSdlbLQaVaQPXam9ZthUW8jsHiEqFtRRK8emso0csWd4DGvfJIYZin3S1s
yt2yMTczA9CVMTjj8EBPNq1yDJxlFCTFfIVD6SiwMIMara8HHFRjb3/1d+Cs/byK
ny1Y5aL/maWuGKetHIN7Budh2h+u3BXb31fTiBCWTKLhCWRuTIRykYWQpk3xLdrR
GQeLNzNYnhBPhOd+YKyzvKivwq6TQYM5oaUbJ+LLGHXVI4zaCsBrnuOyNoCM45fU
j4J2Yio2/Mi/0vP0VVcV1snK8Frh4Q8odu+kVk5+Wf3d1PFrHcdGuCLpJYF1I85D
Q7qwqH4cMht6F9m32Hp4Ocv+KIRFzaSJngAYfGJf4u9aNJfSXZwJklLpbtduG5hT
uOflwbZ4bz6jlNlmEc6XMFNhqx8EEm1NF6+9Kk3Km4VGaS9qP8vPapFnB6DOj4dR
H4nQgqDpc5IaUS6IGO+OftizLS3lMILJipxiirZtq8+1OBVFY2WCfiY1BpG//ZSb
nT7W/qQh85Zytnc78wiWGOyt00hJ8xUZtlkDSqjIoCxNy4AKRKoQH+ebc8uBwHKJ
9plC+y1Q7h07qlZVPGg+U/J7BlO8wbV+Efs+1exRAzLhj9U5UgxSAQSRNn43UXzZ
aywDD2Pr6AunbAvnhx1HJNC9DBK4a9KbNk9YmvYtRLI/PZ8m1Gk+vgduN8Q2zI/k
48Dv6AoHOFT0RWaAMG7UXSXoT72sV7XPuEvDYzWGbOUFjTT7hILvLptUHt7BJn3b
WUIyOC2jxWp5lrT7X6bPpWC5vs0Cve1SiDQprUZk2lEDqwflMYYh/XCCFcmcz0/P
f9XKH7TzXjXIW2QQdv6RWH7dheT0l8+28pgQqL8VtSh71gxQpaJvzhqFslO9Olxv
WyG/J1Pcpb1hSnI+6QX+cW/wAqu/obLTcthuMmFjMUcedLZN4wYkvqev+nI2Sa0n
xJiY7AdCXo1B5tNbwx+awl8yBmDGZ8pulyMN/5O95eRrD3DmuWuoIorNB1EG70Hn
pLRZH+blBl9A0JolhgebPNZHzoJmFoTpkTFHGcrHk6FCHM4+j5JTMwvj85bZqWyL
ibuq/ANezTabZRqf/eXIqDSF4S5Oh1cbz1BkYAHCagZscc+8LlA7KcAEuiTLM3Y9
79tNWc+NcQxjwdL5nGstaoCFc1auf6h/XH5uEpwfKRzVngbmyduzwcKyxeGeLLRJ
b6mcOJuM20bTgyYlDnaoR/fycTcSj2Vaz2f2njPk0afZ9HEUffe/Na5hz6TRZdSq
txpAb0YZpmdsgRL7/Js9MORHzjE5kFocCfnpZmTUrxpbFm5CT2kmF/9heUq/FWcY
MgvUvFPNz31LPTxu2FrcEGzn0zPfFtRcvog+hY4kOkC+gKVg7veDHiaOeo2PVEoA
qqPu7NXqZbRjbj4DuGVrJDYSO3JHpWeVa0FnLxWV33v5mbHy7/FBPKkQQ+KWLcfT
Q5ujwj2my1mrGSbLiYr18FKwvnGA4p/zy8CQm/zAsy5fn4iAWY8Nyyn2LTTNSPka
iFm7/Q9/2m85pLd2Yb5d9QWJntRkkqlh5b7WObbOiEeFz5K+vNO+OBTx3YRp5SK7
vI7tGgFQ/v+GAmwcb5NlDR2ganf1ISI5gCj5sJ5GTcyGMirx/7Zkq8pdlEwYMz+v
u+DHGtx/mevut6K0Y/gAQwRVqX+FOfaSzaO9tTE8jq2BpUDl4ChQN86glUkRW0gk
Y1VHXGqyyHJiy8MbrdhtIlhhZFi7la7SLrRgZDHSC/l4rZs9jbx4MKjV8BXC+3W8
oe9DlUrRz3nbSh2LzmuzwpEbbGewCv1WeAWQGIi6VYFC9XBngpIQmFBta6x4PqLv
ueSol0miXzUKBkIfoswBbYHD8hyNm/DvYIu3HBeXkH907NEzFoq6fq3y10HHFajG
xMpEtFrOPGRxiR3KcTxgEFbwBNxfe+BfaZAJ+U6au8yBxVBb3ZzFHrfVLKdjrk1Q
nNPvzf4Pm5VDmLs+hsExAxBLqy/efImgt1N3mjprM91XWY/0tNyhZcfO2Y295VzN
T9RPpVxBPSAN3raKTSKsIFGIi+Gh8mcROp5+Ifq6Jco1Uu3SR7eg0oUKtEBMkNQB
oAJUkgjuiTf+8hOBrGyHnPy57HUI2ckVnjDYLtaEfld7UTp3IwQilF4AKOEBVDsB
O9x7Y3RxO9qLOz7iOZohdoF0ZMud4uENF+No4QUReC7O+oUZ98unDDHI4VZevbd/
Q+hEf61IR2WCmCC64paxPnlDGbKFXmq4LRquTYffQ9ttdSylsUztM876Ayp+2KgV
Bc9YZNW5uAiae/ALyIi5zWtd28NH6wNmDolbrV4d8vo8qvg2NOYbOOMnPYr0DZnn
Z2Fn8arxGtKZXalattcQP/ir2dAVtDtV9Tjn89V9/3/ymbOB8lzlRqvcD/qosEom
GY2g+i54T+8dGuYlH3P8r+JloIgEljJGEmHXnDRJP54AAwZKTStaDxDApdO0Rbwf
4cxMImlXwFU+33eaHTcQNVsPpr6UChV2D1jNFLdiULWZMXRAKxnVJIBaVA0Zyqlq
LcgaDfLJrFRTaXCi4wM5ZDp/KvT1G6HmE8OcpKkBUJlk9XQlSAKfLDm+XpDnFY+f
y1YjD/iWjdWvFcOGi+DRF6z5MwHPllOXDivTWeM2tWCuMk6fFI1WpfA02RKXAkXZ
DbVuQ2fGlXPjTThF9gYENn3yTODLu7VGNBjtUBWwhnbY8r1eeMDsYyz/fgCH6FaL
rgeWxvtWztY71zKAv8f0TM7A6U0cYWRcE7J8NJAky7hUZ27PJfGsUF06fv1Zn2tA
mmq3qaEWI/qJKUl7hLKNmaHGWjapj5om1rdjhjXRFR8GsENNGYD08MZwdTsgWnfr
N7Maq3CXjGR1Alrgmw7V0KLycOEBbW2DjEgpQgyWnKn7idBC57/x0u2sb4jW5M7U
XUPQb5fHQ0OIoJujrURMmK1xslqM6PJsfQT313rVWPf3D4ifEesh/Ca3SPEhBCWM
ul/8b7OHHbZmkaeyRCa1cRyTb51mDR5iQzg/9Myo1X9WUdi5UGleJWn+FkNCrFjk
ONYlhm7IVrBi/Gfk7kkis6d8iabcYA4r23r0N7QNiLNVkHsHQG+1ZgNB/SOmrAGD
xQ/gmBxbLCkkfqPX5sM/UiR/Tt5dbu9AceFvrLnI9sIIfdpKF9+hIDnzuBlIy6ww
mK1rdtsZr1KQtjvMlKNQIS2lj4UiIbaQKcOROaAs6Jll8Vork6xOHIQcdJppfjXP
s53Z65KCoUYhMafRiJR2aTaeSNm4v+Iht4IcCqvaG37fyt7AroiGv8wuJdxd3/rJ
TBlGwquQmgTkltEasEdpp3LkSSIBgkDZrPVZ0mpOqkAcuANPPA0AM4HhxTYGQJVs
XwOgySG6wVyWR5MOtajDgIQkM2uVngzaPfnZqdE5N7hulfkf6x8yXc4snpQ/ylsp
XRTdnTAs/7GgO9Svx0iR2x3Y2F7M89lXP//DRVB1PaEvO6UsldboqELN6OAM3reQ
1CPu0i2hcbHNzJ3dV9uS8pNoXUyhE6QXsashhdWvUh8x1/bkA/hwKibfcNzmbqMs
ndCNcLRn8avvd30yxCGeaR8nm6tStZnzsRWMcbWoZZEfqHWkiK8uAXet/LAUIJiY
Ew0TCugU7Vj1O/x7dVeiJWEqEkf4Hadc0Yma6pg4QzufwQM1ZCRvfaSkPKdhiwQ2
vTvrUeGcmoHpSgDui6ernztZK5pmqTv9ksvt7Zpfk7oBIKuFV9UP654pGxzlFm9+
Nq17DSv5fAG9cfY0pKqXlPSroEClXdCA8lS3uoesHSrZwImR5VIPYqbUr9NXUQ+o
8aDWUXOR/6mxO3MWLwFmcXRvufhLmtgJBj8NHtIyexMRZ6N9s4CWzHuYE5F+IIbb
53WwD5eRhNUr111c9/uQ5nLk+wS9OIEHYovXK6GMumfvKsdU/HT1aaWBNNE//74E
UeE8XAyNslGq2XrE/sp535OG8aLhpm00pADeA++j8lTrp4wnfM+NTV5/Kj8muMVy
MhR8WOP3wT+8MZWe8VNeBTNtwC5wsAQiL5DxNW46QkskghoqVUeSAcMI6yVEcueW
rtqQd/PnhqqnBaHRPGbArYDUoPOErA6vIKts/kd+nKGh5csViYe+Lmrd+Wxs7n7V
2kIjnXGCa/fyO/b8SQLLwG5R3HWkf0+DHeikLhsJ/OipvZZcPONXc2tnPGmyJuSc
1zUmzLWCQZ+ASAEGHc+VkJhELmiYY1aPb7jSfclGVTKaOYQ6OmHcCq0ZHlMv2u0N
pEGNvcLbYA+0NGiyn+ktGmt9B6KYJD97SeTwvlIt8BdOeynSZLxJZEhD+GjdUnB/
0J/ec17vUjfKWL9/1RGBfKRM6RZx82a5SGBsih2GPu0AsaPAe1boeRnGuijX5+Yk
Og3fJWBr2LFK5Om1kjyj7KFLhnykAXs7Afh2KcumELXS+Jug9jHf9rCpb5jihsK5
GtWAUvPCHjtjFjx6wZPvgZvgHbG+YcZFXO6FOzV5Z7azOd4g4adg9VtDPwtfJSzT
ENJDvpkxwDOp7OgXLdKQjZ4AESL5FHW0+dWztfA4GI1+2w5fOFlwg3iqD+7Zm/6h
uEhC6XaZz/kD9Hr3JX5KF9PN2bvK4/ICVl4vitgjCJ6UA+dpk4JOg5QTrvccMEjy
CqA7phlLcl+vZsyorsFpWv0sG7WQXqJ8+zlWKBmoR5WArGDfhwJbXVg1RTdFq6Sr
oe23f3hYFMnJxi57ioi5FL848GwLWDBz7bL8c8pZNpeQMDVtTQFsYECuktuQ+cR0
jUpx1lv/lQaSfB2vd6G1XcmmBe6BZ+CCEKsx3q3VtLATEzR5zlDIMUO7hlY224eV
kW8kSjk7LS8CpmItXN/1Bw3U0+MtYNmJ3KhHuPIQivwfZub1z295WXTjBzbv8ToC
xqZYqaiV7K64cnXRmdw3PPQl3ekv0RZu5z4Ndx3nQDyBl60unnS6KH4MB9ZQsX8q
HvLyHQ31ObNPAlkqSWrmPziZOFwzBwclLns2RJN3EvaJKqqYA0k/yewYXY0gNf56
27Q8qvzkkavgOhed/gOmjSfFVZebRpFk0ajSj80HN4+anBL/jN7ocCVIJ0uWg3FL
FyOMSKlHNjBvXyQ9+a/Ki+o9+bMwdKNGieSR0SX18SE+nSNl6Pl6XsEB2EfLcMiC
9hfYIGuAGk5/JRMGliUYHTwP16ySITCEcWQiwHEVeVtguxRakMXvVIB5Y3G/QLj1
BxkL8SgY8a6PRK12XJY8yKgjHSsjQCeubbQuD6GSlJ8sL+uBOOXFpqM1aox1BZ5+
V7n4DZq5A8bDGIMAdM8mlq+Ym3q5Z3AQiQwwaC6q810xfQDu01Vp25FWsCOlnKca
+mYSl2l4tpgri86FMN6njmGmFB51JnxJ9EXb8+2Y4N40/JfjIeEbwHacgjbHJTXj
5BG4FTvkoVI9Mx4JoLtyqzC0WoaHQunFR4kVtyoaAVILPdKq86RqAmFhQFYQiA25
wIL9wcrZh4f0A4iogxbAtEUD0dFbe3Vg53Bflgl+zylXYI6tr7PjMVeLibQDDSOp
vcP35cR5u1KZ5mkgOvrLfzjIIihsffPUb1JhCe8uQWkCJNZ5fXC1XlGm4Q1cy+Sf
SMMEQ9WUX5Y284hzhZvUeuL5CeBm7Fz5314kv4oXTcFGDvHDw7WImNnqXZApu8dW
hh3tKiXQNJ7XBckjHqG67vYAnq/ilGl1Asw0yDLl4oHXfBfy/qtv+Eauw6JDN69W
BUKn8RN6Nfj7KND4YPv0KWK8EBfh5ohzdggPLEu1+lOqZVgOvDTTuPdRSUp80ArP
F0Vrg2Zd0iRIeMaAcAWbMspNgrWORBJiwfSUnEDxkfMlQRXom3LdL8fG6YcG3P7k
2ySNiE6lmfX0r7sPHhTcCje+cp1q8gLu4WA/1Uqo58+9pKomDStqCq9BFzYS0j7Q
Vx5mRTyuzrxgIsz/fT9ubdzsBiothMyionFn0d9CP3UeFAQGXd7SqT+jrjfeRfI0
JJrYp5paG5I5PuD+80U1F6GWz2aLMBakNKm3toAYIvw1pcnkhKcw3eEGu9jNP7dx
J/0jxjArg88Uxg8+Fn/a4pyWtruTKoTXpF2AfSvnsVdPg6xjVEUL6iV3YDMBC+14
f5of4OQ9AmSltXr3C2HdUOA8Yc+klw4z6pZhAUf7Ur0kIp20ScT1NKEtMpIukl/d
C88UguPOhmmXqvFGWJ28jLqYQaHN11+uxVuFlqRJ+ufcZns9msMsMv/bBvUR8zuL
A1m+xfpqrLADVMguoNsYVARc5nF9YWxaWXwaXf/FOpftHAyJrrBf4v7O+YX6PdMW
C6Sq1MhH+tCUA6ZT4UqhE4rAbGI/Ntiy3qe0rakxdDj+KDl42zIVYD3c4IaadfSi
Th/Km7T5WieVlyHAPoSY31dZZx3A2Bw12WkRmsEHPBZJDJCUOKwuSRRH8XqY4ZZ7
iYs1J3udV1F0LyAck7l1qvfr1x13jspaqhcDiRJXwmnoWSKWakd/Rm6RZThUS2uc
65pe3u9pbDFEpoVOndb+ZOgVGZivfCxtQq4fu2tQGc3e2faNnWruAPZGbyVFZiwu
RFthUxdbXN5VLrQ1kFVZCPTTWOwzdCwecN/KbvqtbETmnBXqVdyKWGOZWBIEn9SD
W8zB/0FTf2awjs8k7tdEYTT1KOmmQ3BGMTelhp7uTKtwkmqcYE1b1maQWFdbWZHC
zyiLkEagO3NjkmPPhLG5vfJ6kohmCwHn9Lr0e/5Ig2R6lxw4y9NLE+BzPzJx6Rqa
oUFGXSUA4FQ61P4Ph0SqerLfcMfTozGpyVopOB6HoD9jmVx/kH/z/+4IJeIsMPK6
Skd/h80Rf90O4IOBXiTTODpOvBBP4/QE420eHYsqr9/zGpqpDxxOLMPUux3wIgmY
jAlEwO12rgq/dLc+KdwZ7yEd+80uNjcTz/zdDXfhnIDS56EG/aJIeZ1bEQw6YILj
lqK98EghZt1AXBB7SOu/ctP0HTvs9g6DjFz0dNXj7M39iZ9NfndF0+Diqc4HTuhk
WWnTY9Yya4WnrTcDo4n597VVxYtuauO+fNXgpeUrqikIXVmdrF9OoAYP8eu2Xm7u
4QtNIBNVyeIxVCNnWpsg/o9bIcla/w4nsGLUo/FTKt7M3qA6HDnsOC8F/iKCVei4
6WCCwMkIgRbJ4P1EFlKp7d2SV7NS63F2nPSWKl5C9yoOtxwYCrpD/avcVEL+uCHd
mzjauEl26WGHDsSFnC6Gjc0/lsjGdq1lj+QT4AG21aLlcI7OWYU2a78xBdtZXeoe
PiD/eMIdOvW9dBkeRoS6+R3rBYpHVouX7uPtnJe+prqFbkHXmJFDQm3gNN8BUq/S
WEqacpZoqS+7n76H7ion6Ozu/8wgekukgLSr1DTyN4h8kj9y6eyFcTSDEQMPmH9U
OFAVxKzLR42N8ADbuvhn+X62sg3P0jTA5b22A5TzqvYRaq+tU4hp9oENEZHGSXJz
YucDkMASIO0BZMs6etjHkLEpnElWcaJMOPSFfcLtNgatiEuHX0p9ck4mRFjTEgxL
cJub2ECihQ47mMLJzDA3ox08eaB6tZqfATF8L+gq0gK20iRI9Yp+WNeS/Uv/FDAL
x8C2+0Hi6gpQzVwZ4QNnhGEb+xgSmrdvRpibGYxP5zN9XgUcTiAoMtV81+9WbPMn
8hrtLIdiw9asjXaeotEWPZZOhjDEqPSu8wl74bb1ZfvgvlnhaB0/tU4U7y2GLN0U
fhhuioB5ic8Au3YO7ziHk4wfrmMt7GXWR87mhro4M/kK5bn7R5o3+5KSELw9iF/8
flcbtlm1Z8S25TGLPaZzSyObCtsjBMhmCvxfBdf07mO+dGT+v+8aj7dRcjZ4Zcid
oOS/BLTDZ+2mvY6xE+se6HIQMfuX/tAeMGZ9MC+fIHZ3GrC9n8MOIcU3aNnMXPdN
Kyle/NUUy5Zf/Hb2tNWTV1Jh8jpyYjuyW9v+l3SEZ16HFuJRykihN1EbgbrrOwSh
XvWRpBw8Ep/OLV0PqFbWP3/r4J5wYwwDsPDxlEQVvLQNuM99SP7F31yp34h8191H
CGopMaaBgwBJYwyh8QOilep8xpUMro7QZRxLJtidSbThyrEjrJfUzLiDH50M+elU
/AJWKkCLo7nc5bR/H3x6ZB3vwZagjKQuGr1eY2zBhVgxF3MMwzOeITK48NTiwNhl
eK2+FIV48EJbYMoqXUBRtkfK5v2tBIv5oXsEhqCMzSj742stFpOJaDWgtoaCaIpL
0ohQ3D7Ed0yGIjQkzPorWyVbhiELCq3RLbsNH5QKm4FG6ckFObov0ZRnewuBXJKa
hUP5Ol73pI0YpBRV0j8vqWzCKjbhz1PsXF+WfcYvSSWeFDOVU0Bo7pj8rT/YeJzw
tN1WE6gxsQwuc3/k7vypI6eIuBjyJ5mq7R6MqZS4atk32kNykKmA2MXvv3NlquSH
fap0k5cGBQ95ijkInRK1ie4d7xMs2fNxSqwZHFonPH+TomiUs5q+r6I8LeCsaVof
tz3uTFMMoT2u9YA78MHN0A+MS7NhkS/bss0ii9SIaVMszwm23ADef5Sm7nW0S4Md
KFsZ3pLqrnNRZyqTAuuHkE3LoD5k9H7xR/GkW+Ao8QIzf4iRSspT6LuK0ubw3tb7
RVQaLS/5Pe2SiVGQeOYNCuy4pT3OCtO7jgJYUEDgNf+nxf+vCRdWMeORhVYPtLW+
sctkryVQKbzTJ2bTSITTNy3lfXhkRJz9d/XUjg/rbBG93YzYRX/culP4xUIv7TaR
ZBlPfGkjFgWgb1AehY+UcN+qYkdE29hY1FM0mhm+bQ0uET8grhkjksN/bX/Wu/uR
OvgklYr5KpeIubc5NeYWC0wOAUWPyJsA1AmhK9mPnDkSUYKmJandV+Zz8iI8KfW8
pOf3usVzRbXqM+VgdvZdayp9M6WlIOSk4fxrsypdDxlhnfbmREt24mEuOw+DH5H6
Bw1uoDUZid5EXTwC7RzmTyJCfgaYbhSKVzwrAF78IfnO5L/aXoorYCI9sMkSYEa0
K4f+VATdnZ37yswbBSPPm0hHWkV5yxm7KUlsZ1tfCQUSv1781APIAEI7A0CeyO4g
HiVRV3w5iwiyGC6ZlPAOe0dBN3ChYmaugXjn2c4dZr8SR+tXUMTkyEQnm3Bg2+MW
NCL8O5pZlWEGutjRqA8dsrrIcEAxdzWLWYlROf47P1O3YCtwZB+DZflVa2Y4pG1U
2EvQut2j3h4YORBmIyTUNvzLtbO2SwPJivx8D+lto5Gd9AExw4TcIBAFJYp6dRuD
1KiCHeOVTvqk0L9C2Lki/DocW/P6cPWXBSuqCWtGHdi39ARXxe6E9sjwYxiHEF+e
9vAy9k+qtOCqEnX7Nk7RnGh1p7C06mS5LHGvCCrYXPmpNFLGxtSnT4QylqH8j7Dl
8GAU3Loif92x9tZB6uU10Tt5kJExM6dZZsC5pgT4AzZhAk/Ofrx3RmKcxpRnlfa0
hGp5CHQPVvlhy2xrna946m6VZrg5fYwVkU48eS3ykgGsaa37RPH4grGEDfw4ija5
ATu/fEBE0tvFUkGBhV+5OgwZo9w4csjGC4HLu+wWKPP7461f0CVNPPICYWZ3kjkF
/zRPTOuOrZMt0x2AY0xEkq3l/rWDYSbYn3MBfBGC1t9llmNhhJrd60CQ0CDAxM4o
9YXJ+Emn8eCbJivjxOE7xwGvgongi5xjjtt/ue+FmFeFP3a9xOJFw9SsSQ3snzxp
KN3SE6kXUDbbVqn6k8IdvNB+sqOgqE63jNlTvnQc6337kGhVIpqZKlDJK7xDv6jW
vw8/a9u46fa7daL37FL76vIVXgr+00MStXAL08xOd+oxy3gtZuPACw7nUb6fSZik
o2QExipBTfLJLV1U02HAfl3eUB7AI64TZg3ybrEGWwkPodlRxM1F+yPD9DE9da+E
7xZsT48tP+o42DlEafJR6ue1oq4rDHzrfgCOEchmnDLQWJhiiyjEiVhQhPS20xqF
ovKkO7MNgsKDiZVdahHUFTEkZmY5GbqKijzpLSfrwi+E8EsXzankCkOt8LYaQ0/T
aNSZsfc0E71hBv5ahmZzsRnHsYmE7mdCghHvsSPTgLnbalpEKkFlFp1FadSCBk1P
K3x+ZV0eycJ5f0BjciPeVl6//8bAkJQXZQucFw3v3DWuGaQ87gXpIEYTM2rUE8un
VQSgD/MgwW+5n2tMt1GGdPYeSJDoYs+DlA/Tl7awg3Psb5i1OBxf9nA0c0CWvYBI
Vxr5FMilZjsQRLrsdkh4rlbLfsWhQlkS4q+FUwQG6XwFxF/ibpeLBQJkq0X1Efzh
YFSz81TmoYNG3DblBjNdEHKuqiazZ8lYgeQ031PXFIdt0k1GwuR/695OQGU//rLz
Rtfi6oCp9JBQlV3FOWzWSYzgDiQoTk1ERdpXgtNrc2fP+fPZExoRqLSdItfs/ll2
YE6E3iD/KIxQq1BxyWeQF6pjnj9JFmzWF56ub8STWI5nIHMjcL/iCkBoJmLnZsij
khx6I9AmPkF4lldlkiCIcbAbnuA/6coqNYwrXZFdh2GbT7iQWgCXcC7jbAcBr8p7
NO1UsmBPXGcstrOMWS+f9YrTnEOq88NakaUcpCYS4QmaJTTimy+hbgaIkvNkW9eL
sdXQ21zmKNfzBmkUDaFhjLBLkcAkOMkTQutFRS8XMK5PS6QyOkKqYoYuBI+zvoR7
r+VuXXzkwMKYj/zjBfW3lKUwu8MH1TX1Tou3dncRVJw2MVVmPMqgFmnFyHhhIPDt
0YYbsz+x7e4GNUiAaoYf3ydsteC++02U795mwxSvDIZIsjAIeBSgDVZdMOD6k5a2
8y16y9sz3N66qfhWo+OPSrkyQF9y10HmXwJUm/0nvP57o5haQlfrk19OOYIaQvBJ
tpw9xMRoVmW9JxrHcWEQRLM8oQeeZf+0XftpHgpDdm4luQ0RYzeIN7+F7Tx7eog8
3Ni7XsHBhazjV5V95Lk8YoGi0iBfyXZSGFj3QYVCYAJAj0ap2a7y3+LCuygWTM8v
wstUT1FkcZO+EOdohPAbRmOiOi86b+DtiZZplvxp3vISVc+ome3GS+ubZswtjmK7
nxfr/Vx3KnCronmIvYuaiz40IrrPTtTZ1zwN3QI5ksfb60c4+p2pwOrxsTdwZOsi
t67iAxGwPDo+sHEU0NKFyyKMCqlpVsrjbsj8ivLo65SnL1YmBHt93s1TPRGDL0t9
ao8qs6n199rNIwtmaRPn+2sRAGNdLqkNU2l8ZAUHUriDws7wUpkNWTzoKcP5Q1Va
TjsNDQ8k9zZCBDjX1Y14d5GMmjvRVmExhOb5PZnYnYJo7qpN1VIZBFjqLe2e/PfY
SZj1ppAlV421M2yJoCh1wRdoxzwJxl9vUfc5KMsq/zAIiXjtqSYrbD6LtIkCp6ya
oLOKsP9GliKnOLAziXqtAfTzslbmfpjSt+ZpYdlsdiWSGp0mwOzcI71vpAyfEylS
3CY6HJ7i07s1xY145z05REMK0uxoeCnWd683PolFAL5DuE+CuWXLWTv8AEx0iUNS
qjopK59BCnJEsZIew9Z1uj1tf48nx0VkMiEDHzzgPvg/LfnIqKR9Tt9QdsjzZx6z
gTsk8AZbCx5QLwAkgTg5aqj52gIHR3pAPCdErkFNfcjgsUbBpp3dDl2xdWWoLukj
Ovbcm78nQt7UrcVwnUI76ZiwyRLmLMyRpCr1xEWGFtIiyeCcQ8M1zONowHAQyBiY
v9Y+ncfSrySIUZSUSz1utiGjTXh8BoqYLm9eByw5MPBJm1Jd3uJvlDqPQX2jbKfc
5ihJXKu38/7QmR/+d40dw8zsswv7V787G48ekTSooYA2lVVem3Sk/MSlja5nQlEM
zAsvcE51daEz39JtDffAVjStbGcOn5qWo/cbNqr8KuHLipllS6F49+EYLbnyWVBG
GFUn/UksV9qzJr4wpZWfxA8u+OkFzsCxQekdHI9PxG0VrTqTXSn9+T//fU/66azp
mijG20eF5wv19nHBmMPiYk1ejZhfZADoMYJglJHp1LV/ZNZOFSWQEx28kDp1e6Fa
Zat4qLt6uMoct9iZCUpWrTVJxI5FhdvMqPAMRunY+GDsdimP8hpXSZ5O+EAoM2yu
wCOVJgk0qmmNpXj3qHKQ0f9h34lMyaxtf0m6gwKBFuBFy94+iM4GRL0RDilahxs8
sNIn3fncWv/Uw9QFy26lAx6xxejbC8KwqA62l8ELJ/YcdoE0a99ZDhysVdlGxjZO
9CixV6mNoJ7nWdgqvAA7r5cxX9QGfYG1zuESYDJomPeEV+deDG23ctazSn1XfIWj
kCfvq2/zGprxca3FHKgeEk479MN0A2SgvkAE6Cdqbjmoy2rMVKnEhbAXqC0P//Ny
STRvksfAjxf1Q4QQnV3pA4G0PmjZlDYNtAKQZTfGcd2SaNc7EUebZ4IoiWG9vltV
kEnoQS+EY2DXIjQPGwPf7NKW/qxrjvWOXV3jQ8dWX2HTPuFr3acJDCvH6TMH4qZy
jKfiUDclu/2Jm8d7vcJmecmm+fkz5EQdMaYij8UVrmDslW/V/vExE+3GYf9cZD1F
R0p0eMwnLlKKxOIVneUua/uxNY4L3L0R7V+Quki1UMGzg7WRjHTIY2YV41gpYK90
+LJ7b0uyq3bZk2GCctqjbvJe40dzckmffNZol/iwUhU9YL1mpvfJ/PosabexYXl7
YyrxyvW7UFn0DuHHKMWpkiSbELA5UFWg17GqXRS/UzYec1qPYFzI3BGcM4Zu/ALg
DzRi0MHI6k5XB9KRf3RMlHGRD9W8pZMN9SI5n0LiulwyUngTR3BJytYCFX3ORsxi
wcE47MlS38NY4zRuTfwuEatVIAABHhisAVnnm9V/5bm2ma5NGnHu7qTmZ7JSzyDg
4cve3+v8S/OQTJet9k3NxlfcSDd3pjLL6u3Wcu2MyhlBxzSEZ37+OJvOZ6s6lyl9
99TBi8eakhhzbsdA4lbgLEXSu/G4dV7BZbFO5sBrfFAX02OZRNzKvrSJhkjjpo4n
yfFPYfz3PX38EsvD2Smn4U4VRi1Ps6Zd3Pj99QuRfHrQneHgp13CHtNIJMglfFaS
CT8eqoZPB/IChgK8lkaLTFkW4AdHMDkKhlatZ/ya/VjLesZuvg3vwGclYLpQ4GpZ
9xu2vhUgW9Lk+8G3BGs4J0udCt/ymJNs3JZlqfwh08MbJ/DnMWR5onXbsmDgXqkZ
OyMYJ0TPB7w8eNOZjmUVzZkhIdFU3GMb8g+gMElDZeMxqv/AhSOGqQPrjA+WkPzL
/IOXl9OcnT/E6s+nfQ7wAqCFbWAi2uYhqv9gWsLn2HqXSXDd3cBFkEmBwZYNZsT8
9PhaRiv1nq1RiXzVGHairgw+VsFem5atBYG5tPEBrWvfEuqyGvNZuq12YN5FPmN5
ubSr0tPiivUsf/FpEyQrgXaQcrHN5w6JiAGnbOuFog5NQehvXToJd2FAAATYIx60
QizH/HUzJba1t7lXe+oSkCOf20lszfR+1Rp6suyLdlo3Yu3J0hjbT0bjfZuAcBsq
hPcj7znaC095qVsQfK3a94aZozYkxi6BS8QDFR6lBg172r8dXJ1IovQU/wu95D0g
HiTWgym8sBIQpXBFoCDLYapYJ1BYanY+lxknimyieKVY2qyg9bCzgb4edJsoNng1
/4bGbPkNBZk7ifeqx7hEhJw5U9lDh6oWI3G840/GzYppoOMdZAnPQVcMkryViE6/
a4QJsKdOwy+qnXLe8eL/dOQ1Bk4gwvK96JaSTi0jTN7spMw21cdxCTQNfB3OlF7X
Gd6c9VScOIpAlGKcr4mcdhdpFUuqmBGYSrEcYaEG1Dtd7Qmbx3N+iKU+PG+o0jy+
1QSkTpvhifSofhOOpaY/TIWCOQisLAhSNCjG+43TpFTxBJhb1BzOo4jwTSGuxR9X
NCwOJQe8VU/3UFU/mlg4szd982jOecCHvI3snolGLwVnXVDjf/cAOO/Fq/Y6PIZC
hfAfCrGLHFEgznZJsiC+EdgV1Pb1vyb0fR+6x28A3DFFylYD0j2JIh6PbRRFQrIK
eReq/GBpE/bSe5PGyeSFtlWmM2+nEj364WFJI6dRepKIXNBa1EP95LjASVQD/G6a
4K243fsIL/22jeCx2W2sElIxufY/FlCGJ0ULr2uj6t2jUOKDYDUks7wPv9fOOQ/W
OdSmrYajZ60V+ecaeCmtagepgXro7PgJxlZMRycjhuHjxGXh6+YdDbIWsuLQc0ad
Www3twrU09uP0EJQzFjfIPCIXEHQmfSuQ6J7VgIzxSxmbWfWgwWnP1RuyG1anaJl
EcSHnkMfT3BSYDg2Epd/sydYJc9bCYmIHlA5H5/GeqP4bE7zeMhWM+hmfLGk5cCv
H8YUQeN+mBCH/gcXKDGWZKMVuf190c2D/a6atXzm3YVgKE5Rrchc226UNfR8u4NZ
EXmwM5zJJnGICK/3grb/DHqT5emHth2DvvXiBR+3lDuIuRbb98oG5vlaTg1ZXH1x
xPXzKx+1G1Qgf5AiFc/3t1iUYLgglTOjhUrjMXxI1mbS86BokNFxYXvfP0hjqeLD
w+P+mGsv6aM1ChkNv77+xGWPnThSoLeZX95D7vqWyz+xh/7rkCsj+fwffAulI/Jz
6Er8wdbVjWwkX7+cL41L83vpY4roGBJ7pJ96dXe2MefItmhVqwLnCHu+CMG6BXFQ
M4S5gg5UMvi8dFc9oyeOvnSNVTIBmM0WxNMN9BqrQ//cXWWZc8vq8Pg9YiMbOhQl
FXUpnzXv9zrxsYYRmArmgYW0rvyMmnzqNCwirlREKMNivn1Rtvhw5fb7kwvQ1Q/m
MYndgo8uFUQQzhxOH0L4hnq8hj11rYLbtirsVpWou8AL3yPVmgGMda/6h1jn4EF9
Tj4lF5YspwoObvdD9X8UMneNSZSfpwcrx4u9yr6w93CTOur12TirjMJCNKZgujSh
aZnHJgj2iW2MeQvJmxqeuervI0xibeq5f4Nz5wf+Scn/QxmE5HHOLaa8+6fFCxbb
AzoLRDuYFaMZbP0l69To44fmwOWcffB1MXpsgm/yEjEaZ36tLQp5mzBD0iSFTHX5
I9ytqgPFkDOuX+LGm06UOeFogYenUg6kSwMdKFv8LLawZa6Jv+Pny98l2gj8UQA8
A4Knm7LT/34Gm0PzwA2yisW9w5PvRIYgAPmv8Vjb/VgcvzzuPc8QDsnqzi+aUv73
ibk6wSZ1pVBMsmM9snQ4gF3AK3BHA+w89Pj0vFFESbFriNzBE2cYB/PAuXtDn339
oqfHg8MfToH7AxNlPmJm7k3rzJS0mhwQFrXSrQUm5CY21tgWK1/d5xSdZO8Jg1H0
SBpS0u3DA8ODZus/PMX96r7ACtPe7H6SJAGJSRjbNv1Ub6TZBEdRXBLQ9qt6/pjQ
nefg/6UPkg3Tq+cyYNCFs04ppx248gVkSDxG6PWgWg81BMmzq97EHR7ALd4ngdTP
zd3J6Z/KEUx0edkVuKfhHh6PiRK+NyFy6ERRHfK/SuunI9uv7IwCIIjqw8zbWKfg
H5i5uhxFtddh9nUAtRY+6H4p48ZxtydGSvCWXZ/aPlLw4JDpllvFMzuDZ+zllfLB
Nn8ecS+XNAG9Z38/ZyYPppWa0a51nzam/Ea+T3rO76v0YEpBbnTDEBJXc3pD4Hvz
JTGVPLmtPsQcW83OO5h+Drlz0ZYrMV/wdiSLd8kBHp4GoOBxu83Yn9nACrQykpKs
tMlqRQE5HXgFcfwNwlQH8F4G1vzz5Iw5AP/4ZCxmVZ9KNXQCkOKH2YF8WTswutXA
Eekr5lY9MiCOoWIR+xEpt1aRJXB+sKl9MX9stta+6Oz61RBzuur64zopN+kgp8Kn
+b/LwB3x8UwGP+PW/WnENI/dKXd9ZXzAEdDDEcrCpWhjB5h2riviL3ZHlLuvAy3j
MfFGczBC98JxSrELRlOwuyFoylBZm+3gbyaGUr4KlRWG6ajZwug5uiilN90untkd
tVJaGAHys8BbhK9VnfFM5uJ+IiHJmv9PYuWBE/09tJD1hGAPGkarkL5MVwK+rF0e
Yl4JlhaCt9Trn43FlT5HjyHScrxMaCJU4k9Ys7LI5eq5/UxFDyA6ZliaRENIUmS6
jMhYL52pri3u45QRrAL5yaFjDl68TtrpoZBVC8dvVpYVt/n0jYyEGVWKhd9LY6zD
TUu7o834J/7rbk/a3Ja3rPZwP7PayVFEjMKyAu4zxPHZqgIeq2uuEDbIIKKpUul0
x2Ed80Ifq4Q91Iz5dYIrO8Y+HVP+xNIWGyNDOBHRavHkEYR0g+tbcdlMUSPAX3C/
Mg/+PdtxbGBcUN62wcX59He/phWuXDitcJex1F4mtTgLIC6eBhvd7u6D7lXCCYa4
OT8ir7Wal1Jq8StryCwqZ9uF4R+ohW28hKdUVzBI+duyWUoGxku545RNgTs9HUoT
xb5yp5ssMmLuZi5a3jTsiBZvukxgpAWxP6qwA7aAUpWpK7Yb+qE2UpTHyYR06qoV
5FzBFi8M/fMBiKiho+OX0mUOr9G+Ls2p6RpQtvC5l8S0l8Td2y3mYsnZ3AZlrJmb
u9HOO23iU5jS21r59EWh8sX2EFWrEO4ok8tYTFlAEB/25ave8XV5uQTuTwS1CuW8
JWzRxCLZCG6+fDHtavcoEEq725Fy3vK9w3+tNyj9IC1ddB5eIkRTO5STv4zBVVu+
jv2YFuO4vIUG6Z5WDBRmFuLNZgUSoC2O7uE9xk9F+yZw2L9SXNB1AnrcjJPBdE4t
EJRJVkp2f6Zpol4YnaiI4YuHS+B4UFyL+e2HFd92e48qSG4SNQH81hIG6QHvCdM/
4mGLckb1w4d69oj+DmKqOn27Cg6Y/IZdlrExnJvG8a7r0nhzP66imyxaXu00huqw
NdSMMqbIRvNCU7Kwo8B+x+ygR/PmMV5sWtTjxz3A99yGvqvFpzjfT7xZaK4Yb721
ynPUSPlPL0l6MlOrbI5q3OleUQqvg4Bk9AdUf8m8uFAjRJCIYvN7SsyINeJa9bmN
g0zb7mNyhIFmhUMwUUK3AwbUnGuJ4ITkBmbF5xC4FKEl+DcL456X3QlIu5QITD/f
Ul3zFy2IFaLtEhNCUZ2Hi9rtE4D32PuxkK6Syjz1O7/rwHbpREwMtPOxzIzg4rdl
YA/RXtfSvvILiVWXMlv/OwY8i84YxiDPzLDQeh2+13f5bx4BmST0GxRBvYtuY7uZ
TiVnm+3Fu5F1hYl7+fNPd9dDvEgRYwJ2QbMVxpWyV6J5bNe+/uLGvi7o78IGMnkY
3Q5Z6AOQXE2GsQEYWm2LkK+RBTEYa5U7XGcHHam4d5hJUwjzd+M1+4m3kk8i3pxS
jZqLyXEJLv2rhu1sMishCQiUwCLYsTVyzPSouW2WOcTLVih32Kk1pjGdvPNsiqFu
fni/gahJoRiFHS51Ixu6T+Wkw/CII25gdlbgiX66jzlq7GBNIeSyP6zSI7GMsMOa
UFUDsAjAjzB4DN4OaM0TXk10JjFaIOVmziFRSIC0zhxBElK4pUz/q0l686s3jWEz
MSbXA7oWx+KOGkiTz60K0WD/MEfO7QLlaVJrsc97qzbPXTdGEgyEjFVIfk3m62nK
9OI1DOl27GrtjNlemdQKpdulNVXG3aYVhAAcz8JmjCbVr4VqTREj5eQN96x+ZkLI
lBpnW0OLNAJacUTZD04BL7vnWxdj+GA0UFBEk4H2OYUF2xASV8TCSAMeL67Z88s9
IlaQDV4DF3mFjeKPYRiIEIsevusz+B8V3ujTZ7bNBz2mt07YSTnvoKoQrtues+uY
5qwezA6/f8O5GCzsWiscyiOCgfF7WQUSdt58rUGYMTLJA1mTm9YV6XMMTVALsRmi
QDyhsm/WfztH84lhdmsVbDI5/1lzEdfgtbdwnABm62VCkk5sPnAu9/pY8QcWJ0wQ
ClSmk3T8T0eaFTOlExuRe418odjHrzw51ZAc8oujlMyXH0PNYZRLs+HvZZsnY7xQ
KifUFUxElHDQUMl5PkiiUiYWwvZ4o+8PxYyaYEXHMHxaUVWKKxilso+uuoTbfS+Y
fXnDVfTq8dMHhqIWMIOqy00MjS5oMdT7TQA5u8WxukYeZORrPs2UxHw/ynYHif7X
bnunX2DrjQgXZMG/FxTeewyhsb704hmiwYf3Z0nEzv+HdDRUOK5TZ9FjUZg4dz4o
zgpbuVhky6jRu4aN2neodynbZgK3ojMUu4jMxok+cEmBXClC6r1gttbvnet06LZ0
aCkNp9HLz6toFwgfMfpI0N57WMaclU6ajnxXrpZgdTnztiMy03K3bL5ujYsXICCn
rTUJFH56GFO38UfMir30e7eCatgwA4o7mhtPDMQmMw8+W66moeaB+oHAUOduhNlV
+yUlgqS2zRx67zQxyhykkEHiyXbKG9Vciak4+K3j46hOM7KxAhnbZp8O4A19i7kB
wG/NL3zHoUu1/+dvcXyHiUURYhZs1vJ5/Y+y8aQSO7sqefVoAfQZ2aaWEQWdGZe2
BPns+CSjIsLvIH2qamTQXdXxR1xa5wwVSMjWJ5tYXsdRUG/Du0AWT7sbX4ySQ/57
63xxew9csLjm2BGvC4N9yQRtI1bGeo8i/aMvxkqJltYgBGbvtnSrNcgn97fqLmJ8
zVPcpuBhi3kfOWRt28//zZoPugb9GUq3du7OkuPmjIwABVNViUc9XgZFvqiXfwQA
8AFt8OEL6mrclie4c+DNeEdiPIEAIppi4ZrVz9Vy3XE1nLf5Si+Yar49JqjUZ0Li
L4V+n2v3yZ+5nWYg2+Fr8LVR/cZEFH/jLCya18nGo+kHBPVM4hyQpUSH6YNbU5WM
CIqIrz+ZugtOeC1bA+H2C+itt6wuFWYWKZDC7hwoBuzrieLbA864dPDFtiAcF0Zf
9v8xp7HFinawf2FruaE+W/i0AieBb1fTibkvqx0pffRTEbX665ksDhI9vX6etvlG
9Azpds/Zmn0uGRqcBN7Nx1PeixpnIBKkVGZUpU3ukuTrIODYKYLQdT8RFW62woqV
5s3bo7CKdRrATn6XIWseP2P6EeZIPIj+dyYA3l9GPadquBttz/DeY1pwsMty64Sx
GrQ5mAdeY2qWhkjaxF7+6UsG8mu9mJEhMwwpJkZa/CxkA08uHT1rBIXipi9C5eo+
nNHQaJD+/pKoN0Pe0ppn8FpIE2YRCkpucMp4D1+3gRtQo7S2Si+ZBWYWA66HrrH3
ZEa7R0ZuxHqHNCPu4IMISGsMSbZaZcbMOj2wLR29wvGCscy2/Qs2rHdYGMMKF/Jn
F/lkB2Cd1PJ+M7ABrl9Uh82avOmSyxYRAGM6q0u+efwdwPIu348KoYNY/lFbTcCQ
xT1plg1HmhXguromD64UfVFTdK5fW/Aty6xyoasCH7D7XOX6dtzekqogeyCBHdqa
iyMTqtoeBRzqaBrD/2xYkmnbKoAtG+pJwQy9Kb35xF9YTSl5PrUTVh5wr/dJBeoP
uCANdNgANoaM8VUXKAW0U+rDHPOozPaMPML4PkdsUb/yGfIjCTgr/X0Xtbqo0kql
z3dWMh7R6AAt0e7rikXW3VWzwV6Km9i1ioVXvhMA9nka0z84fajw+HApRctei865
wxhPdsoNW44esMFN3Z87tl6/rFoVcWBNZq4ZrT/BbZZY7yZVlImuaazuC9Y9G0q/
DkEYh+kPmM7c1nRtTAI8/rdA0/NlR8yDx1GT62j6xV+YC1EhlBebn0rvk851hkoi
fzXwHCcF4DoHUn3MQ9Xp5erxNzzFO/fb5UtQEfLV4V1sw5JRZIO7fBuiFhsZ9ZgF
vpbyq/WrQ5p0kFDtt5D75k5oeKeRwPPWGJduBh2sQSX9ZiC2slMLPzEszrrqCT7r
FpZ4HBB4wRryuwa8n+fJ+WMzZkPfL53BFz3lMwRXa80QcEwoErERNfMKKqhRLk1e
JLXS4G6dUMJfnnj/Y5E3AXW9vMFo6iRrzlDgOHFyqQXP/y6T+5OLvgEsnQ6CO32z
aP678tZb9l3ZllQ973GdJD+LaGq6I+SnNU7dUgX+0j6/9xq9PbdeJ8e3RJyCzy5h
XXzdJUKDoLZpaJosln1cignXg6M7Z4PtDQXgivRMLnX6nwfBeyEM2r3/gA/SKhQ+
GJxLLhjuKieansJY1oxpB+2AUd3+YkvdlsMnbKqpN/R8RX8YwNevB4uP5Xk/JaOA
Qu3X9n6Q4ox/5uBwuFi1WfebjdQl6XY0L585GO+sSyCE1UOJTkbqVcfp3dXJJziU
hGu/BT3C9obHROyUEu0zzislE4Fsh4U6KoECqrCxrn0mshMG+Zg4k9JVuD2/CSeG
eDvi2gGpA4x9vPaNy2+T8PJNz+nqf8u/RP+NRbFQ5cMI/nPSHqK9R0I7lSVbQOrL
OodVzrC4TxNIS/1ZOD/T78dq1eEV9Q0IAbmRx/NEVwij1LPuLrn2TMdH8kvTUddl
ndU7VP/2LAuX4i8ZzE/qYD2pxvJUzqx2MZ/KktMMKdEBOteVUh3obcCNxDV1WZI5
7qSktD+ND5rW9WFcCkdmavJy4BjkfMoEg/2T1vhq/rYqA0gHE6SPEbeQLk6YQf2X
CR2NrhzzNklXedYtPykJpQb4Ae2gmSFXCZNf5ejpeuVpasr4xuQ2IfsXfj10dJni
7fQlyd+E6y53XFcEvWiH7pTvGli81LXbPxadN5h3b0LTyvjlooW5RRhZvAuDcwN5
+QpOJlPo5ktAIjsqokCAVERboVOMRVde/R1HXb4jfxZjMTLDKqDHK0xNRp89IVYk
9wLsPLTXbFh8lYfVqqZh/S1yGnGvbhNZtXL8aBHZtswEuHT4Xw7d6pTA68lMmnKD
tIlRaZEbXf1JIoUV5FFh8wSjX6rf3qIAUG/8rryZ3Q1pyzp/Nu4Eal9AgvbXU6KY
sKBkb/kX1N93AxC3e4n+dylWkdHT10O6LhL/aDgXuanxwLh5bbU1HA38bYAEGMls
uMQCxJHRauouZxyXiLQYZRr4OUzy4QtGbyvPhAKFsE5GcLwr5zMh2EJ4rwOr1I7Z
tgFb8G7q6Rj1/GW+ZlZnQcwEIr+Ap4gVWQKSgUP1TpUACkMcusDhjYD0AlEyu6r9
8yynX8nTl1vwexBPc6AYAQyEVG15snU6jZe6L7fBK8IuCkQIHVHgRuiu1OPHje4m
mA+VNA9ZI6AhDtbZ+7XnFPIhbND08vKyz4hNfSwP8XzJf+uUhY4Ws+rUvm6jrewD
5yUaRrCRGHSPldeciFoDiB6n+gHf1CMVIfICMexw5Lb6K3BuRtFpl9GxTKqmCp0h
7weDSEA8YQJyAxoGaRsMMlZqMoHPwfMWVZCECWF0O39yd6PBjZ90wLauxST/AVfK
b/zCU1FDIHiYPgchZGsMScDdGUrre5GbKT5A0kVb82Dh34o7Emyf3kFK/00l8PRx
l86GAbjkQVAQepV83YAdlsGLdzSoFF3DniU6ktm1uHVcO78zek/De6Wk9BVFCgql
HGDXoxQgEFtoigjxd7ZtHdjybUu3TJWey/HCaYrAWDSIZnlyLpr5Bg6/SP3jeZTV
VyvhVThHrtZEVO5tDO0Hht9MIvzJ5tEZ6rONK+3XzSuvhO0x9Rrrrd6TcAWxEvTG
NriNOZCUo5H57HheTd/jD32fJNr7kDM/AtjdAKiOT4r9DEF+8BtI77h3xey6bYrG
xwB6kCbkzEws3IpadWX2QuAMGGgbkMOvNDOw/2WEF3SbjzX/LUnRM1GXHlQfpBGJ
p8hc96VIEbk96YPwo4+nTp5KKqt7Vt005TWZtD5VBMO3RTQ0yixyOSUABa2f4aHm
FRVmvtHRA5B7yNaOzSQo48IKCjV6L2P/PqLCXb3iSWTqaPVEDXYHehTYZZEdHkmL
THmbgS1CWlCMKK0wnKdSBRi8xFUcqjdKflmRSq3GwWHZKS255kQB2k1zKO+oxd/9
CVXv0yzSPEt/A8PmSAPOU0778tr6V8c6BYt3cixzJu5Nll0a7SVu0PUqZw0iFbRh
QByBKY9yZ9d8NKDdq8SygS6TqebwGxINC2/VGrEBPsQt9wnF8vNivRMZTsWvVBB2
FClIwuknPLdUv8f0WQYubcxRLQo9RCd+h77xdzNZCv5qGfkC9ceBzGLwpOFxKmrp
Ph3AXpbRzrtm9A7WrxTxx+VH17m6BKUwvmugoFJl01PH1bbmQnKt1wQlDPX9KwLa
zuVZVhVX6enpi0jmrGjjyMW0XUseqFmN/e+uoezyhgKYoHTWS9SV9mbJVcpr9p+r
//ycTVd/V7VQV76jB75gatkTD11C5yvcelMjlIO81Atqyc0kX6R53JaOlrHHy+Tb
F/Z8yV6ncGeLDgQ7zPXIAoM0bEwBJqYvaZCjJCdSlDyzjijWCb1+AHPMwuCrI49H
5KdSnFfo9tFOYuxsk0puE0/9z5ppPtc7E+o9wQghsDVBd454XsD/P8HTaFdkBdKP
V2a8sxbLrtJNx7y/xw6x6IU+dBKzfZ9zDb667aD/praU35h+5PMuZ+AimMDczt6B
bi8zp0eWYnCZ3VTE9YQZCRM7vpbEBu8rvuD0To750PKr6F7TIiD4PXU2jvIesJnQ
Yhx8Vmc0gxlnAm5gW35UrCtklNIN7xwsOK3TKbCgu88PuTEdVJUuKIGcf/d22+Th
q9ctiKejw9ITIx+CmBM9Cl0eL4DQkxhjR8wWQ+ejSWrZZCXDr2D4btjtJ5dm/y5p
VuVhFWRVAJFSq5FoJNhtQ+vdhXZNVXUT1dBOlUqJIOi7NLOPWirsEAduOHQkqTqH
mcJhGMIHTVkZLCtDuNsVQ1g8mWc2IGO19k2mgTXHJecMtkXPi4pHsCrfeJJiW5Hb
DKTALAorBDWZp0pYBFWEPxwSlPgep32F3q00iBEdnOd/hJwhcFi18dU2iJHX73Ui
ry1AVaeSjRHCgRfwOQIY1xTQhbFZsnFDH9fnG3AOorKEwFoTjQj2PphADadTvDcH
VT2xL5h1CpBodIOeBJ2ccbu7a+ZyC1h0VAROp8LMutUJRplr7Tx7Z2RG0yLpy8SY
u/o9oWwWJy6w25euJMhgbpB3cl/7jfpbdVOfEwc9GrOvTY68k+mN1pTZ7ueqYRfm
6pqhgnNYsEutuFRR2JGwIyz7okDsjj/XuM+KdXyGMwUPzJ3kuafSSgVcQEl+QVke
pZFfzk+lZVj0UUYc6+673DQlWtzhwxSIo7LBy1RpdvfoVdegcCcrzAksE132VKZZ
DT0kca7+g8GvqPnEmC2qDrc8UMAPWJ/bKLfWNOAy2ix6mg1UX6U457I/Me6pxkjN
BQ7V5ph33ClzNIUcLAOIhbXv+Yoa2O4ypkpjCKl5wx4nN9oHShLq4tlzibyQhzFM
XB+ywqaon4ygAWVZkRTyeUjWLRWrYWuCCto2gCBGqXew9TfKn8v0MxYmC5p7FJVr
WGEglY/Z+/AS1eoO9A/gAcv0sHgUZoMDs2BBXRgciZ53aXYZEX1i8Z23//Fc1jzN
iDvJfuvHNbm6GKyAfCsBJQo+3MQlUTJOHhiQPhVtrQStnN+ffNTIvAuHVkjejnt5
fQXVqzyPMf/gWFWGaC1TGZCYI1h19+RBSYDqHEO5UFeQhRNwqsAQg/T+rHS4I7gb
Zg+5SMNYUwkCO0A8n99k7gbLICJTgv2PCSy91ytQouC4QjWiN173zfCW1bMm6vJr
+fMkaPmAXl7jV3PR0GjrMcXT0zRIPcphjO0f+tJzvZ7HTtuvKbSVjVEQXi1fyEg0
i6HLLHLMXwGnmxnyuvUldnJUTu43e9Gegeq8clyVsFygbJmymaFItpSpf9lhtEQh
0fO4YUdYHjSx+ip+j1h+d3y7oPqJ3+qhiXcE2bjJp1WY4qI2IBfiVvR2BILZXs1a
ylhflATTaPDBO9WqEoNbcQ3SFRwOa92RV+0bXclqD7mrD6lWfysw/Tbap7vF/vW5
/gXaL8kyOiHZ/lWsrkYhFJ6nqSQ0Aj4rnocaGOESO6FOdUgwKJye8ba1gRvqbzOo
AivH4D5la3hQ7ytV2zu/k+CMG0uLBlZxnmQSnaM8Zlrqrty+eRtncNppTt7XILnU
IMJerChosI4XMX5kE1w3AkcTRtPHHPOPopR9GGahawoDch566QSqzVYZTl0kyAEw
xnGp1TLfWP0JHDzptTXog9T0KGBKUMyAtC0yqrS1O9dVwx7X3GEDkQ8yPhRo3kB8
FLRZztGPfQt4rh6/j2/fwPyBkzlHdviQyGz0Lbqnso9SslYk8Dbl0x2BAS5ZKAHv
YRa3aDhalWz+NnFCiaTKNSU3/L3pMIBU7xfAYlqvCgEpLSrMlEkTlTWlRurHZWpJ
Yz+MV2RT6OMRv8wYpjCfufq89338V2m97jz1ifMaCioOQGG8kk1CvxZzdInfCigb
ss0MgTPXSsehP/EueZ2XgjnGUmWqUk14/z+EzRZId5HMKScSBJ2X7S59gOwXOt9T
RKDei9xEkSMYvhrByb+Kdwy+AeleGMGSUewRO2KSeZRLGNTuAFsgKiLiI1l0AqlF
FkUXOPJQGC+Xyj2RDepJNJ/f4PFYe9GwZFpj+BUzgrgWMyIW2S6is19F1sT8AX34
C1k6kzqQ7aRJor3SZwCpK9Y3/+4fyfCTmR05qRvy2e7wH54kcR49zbLBps6PowO/
sPO6466Hr2wXu0xeyqXgyvcruoUsI4BIDb2tf7TosO5m1XY/GpjBJj0Ev3JG5+9q
cbxNg3BbrGnqG7cAxPEFVeCcPMynnsyadyr7CV6n+vm7jrXXFS5BfU61be/xORwa
2WeI+DY9d3yAfxO+WpJVb9NJemtPBrCJt00y7P6tRcr/vdbQ+GZl90IOWx/8ijVE
qog53DWtYUokdz0gRI/MV8nYuflnHV6sFuuKCXNhgmRG/7HX0a4rch5s+oAEkzzn
0aTM1EFCka0ukxwYld2L9r6hNbcfj850vm41+VoEXDt976+kkIkzQlpnfHZRrfNW
h35K6hb0TPsYiV+0zUR5IUbI4Mq29wUij+P7eMcm6ohbTYhLdhOMFKx57cmzQ6b1
oon4FsNF/uZlKHQALNMCMxmObcg+03rtLzNnknMSAPDbqIQgCu42r4Ob487pi6Ia
X1UPdrbFfI1eN/M/8HohzXL3U3EcnVxsJ7vpT5OgfgGONqHI8EYjo2eueNRH8EcO
a9BVFHM7cyKXm06RBvtRzT7X6Hawiyc80BfOkNlpV1lH+XPyyPkMrSoBMdI5jIe5
tX2BodZYOvxlUY5JXwVBlTXASmaOBHfemK4AhmO/lctNNhI7qInA3AkRrzz2Cqv6
/PFcOrMacfPPJk0GCWzlu+WtE9Am7SRVhkR/cBtzSK6yGkCO1USj5+0pWwVKc9Qc
3gPfIjGr+bCkhrVGfjHWeIQSD4E7PfEGX9nodvsQhWyzmfokQJufwMx6T1pm6OKG
9m5wqhCPxo1IJcgwN5tZT7k5qwUejEW33EjEmj6bT4S9mfRKMGxQ1nKc0tQNTpVR
eUwZuBacDUQbH0fVoGc2fl7fW02U0HwXlUZfobDGMRYZ5iDwRaIJcNPaY3y/8Qcy
o7CsuZIh9wZS2mWRH4IItHP5g8s1Mj9o+2oB0SKwLK2z6tz4XXJ+Y+F/gWWExaBJ
3bD+XTyONaKi+VzBfE3H/FQQCq50k7Jp9y9FsKkrtAoZCQGkav6usd/+TBrbe6lW
X8VRJzPonTFtSKjbzeM2wdKaATyPgJmS1XzN0+S3bP5R1/DMG1ibdnEoSD3+dtDa
zWmBqIsJhXsGe1nheg9rgPLEssvrBLqw/qL4TVlsAae6VcwLrKcnMnFVoB2+6GzY
l2/ila1DcxA4BrNtXyydXiRcHma3jUKBN9tMN0bK1ijYNB88kchw+4b/eGy2gtcS
Dphj85zD/FV8qK1JjjDrRHCl8Qb9IfVCY6YrYIAyf08FW9qEakiwyWH6SJC0iqb7
HwbIsosX1+s3Ghb5zG7FefeGGkfe5hsa8RalQmd2XZ1jGjkGG+QsK6O0575izkj5
XaCxa4xzmyLZty3ORnLlRmsZv+tuMPPsr8PeMvA60NdQAtdE763n85cHqdX0H4iJ
vangQrbGG7Nn07kWkGwuCtvEXINp0BQGGhPgEyVD1JA/rpNAcAPsGb998ACjDoae
C442V4I7SCoPM9LYCInxk1x5slWXwpa07wMNlXmoPS5RMPG5Imuh6YPy/J4pcJiw
ScGRbxSDp9yDU9/LGxvyWwK63SHolxGotsGnlhQ4O2s2dpfohNZlHEUsCmifEzXx
pCYejNQMuN8hEIfaKh5bj6wzikaJZ5tGTR0ck8Ex32kerGkKKWTC8zHR/6u0dg/D
hVchjSC+9vOR6SCNPjJk0Pl73MzsHYftMmoelV8/qDuyEniyFT+UbVz76l/YJR2k
82kZy0T0wH9VfvUK2crjjr07bg4uk4esB4s2pOJRlvTgoHIL74Ovtjqv3WUCZr1E
cqzX/kjTHZksQ4LzpjjK/RRzobKGRPWR01EeEbzR481kq5LcVTTmgwTM02yp6Ogr
BT0nIQrHe+3divO+tc8A77NbItLo/TPulrdT1D8eOyXEUXZHkG8iRtbNjykNqCVo
RfPxOGZJI/DnPGccwZpBsD8m7qTEDpmredQPkU0TUHPoHtIJwXTdtDhLeaUhYShO
Zpr1juyaHf35C15tBWxenhOllI5bjpjdsz0RXCY6HB4U0TZof/DvptJyxtZsEcbP
l/Nww7k7u2XfErE4Mt/M1p+aiZZhptrV6U5Jt8b/6hJXtBEXdv2uuouKXKXv+HlP
3pg+RN3fyUASKtcHKF5Rs3GWDs74QzwoX/Tr12BXtjt9co3NRDHHAVcJnqT7rU81
b6LJDeGeO3juuYT0w+dDWmvTSR00ik3GttH/LsuoudC0MbbstC8GWlytNJ4z1cxF
m0XwPOYc4mQ6WNnvARCVUIEPUoST4Zm+CAq56UMsBxodAcx4dUtGz0P2r+ctsmna
C0RUxTfcD0MQdoP/S+y7+4/VzjPA6Bh5OwSjIKLMw8wCDrCf1LghZCW/0YXVhXXh
ewYyPPcgqeumGX7Va9VPWNw9ZEsZqA67uy6zsCH8IJxYA5MzsZLfcuzohTmVapbx
M4BiG7qcJXMnnR0nO/3BSuTER1Kck6H3WxsziYED2sHRIX93bqI61ZmNmoDWWmBD
3Q+ME/gRZfE220Zm3S+OPDVuoJwCeAgeLjhM1MS2J9f7ls8EI9odPO/tIt/RDKss
edR7tFeR6TFGYnXditzTU/49JRGYQ8pCVI4a1A/+6+MfUfV+zNYnrz84CwNDnKIT
pdkYQSkLXKcmkz9eWpULzR16Gu58Rejd0T6SW1/3EzlEmqUskDJIbASXe9BkC4ts
nV0H1Ld+YAcYWGyfe9MO9qFYZStbIUs2+TWXEnPI1tYMDO/WNFHTE+N0JlYEqVQJ
hCJ92eU3mvPUPmiWnuRmhI/BEz7AtnDSYWwWquBphJl2AfxtouRki0oIS2OgrA39
kCT/4RO9aL+R/O9Vv3yfGzzd+IXn4fWGWf8SLFJyJiTGFnD7V3YKLU6Wj+gosZAx
Rw826hUXe7ovDFak5uhDW//cHxgqxhNb+L+xt3jvCM3zzEs5/P+u24LQmReySX3W
cNbOzQzK6YqpkH2vKJOTtXSE+czrBIDeMJHojyrqN5NPfxBVtXdsC31G7QGOi5XV
WSC9FQFd+ryiHlSKxeCC36bYWYMDtz984iKVxQVe2jPSNyH0wUA51KGzC7nK/D8Y
PCIjCFsc4bnC67xVOxTEMnmaG8cVr1b/Eq7dOBOFApT8bXOuyzVrujkz5z3P8Pq1
aIhKkY5D7pPzgd2Q+dlySsdEjY8PH4cU4aCOccrG/wffzH/zgy95Zsd3sbq3FaEY
scQp8IhSwl3pWuIsItn7C57NgwSIKZHAt2LWV6YVBuMWcWDJlbVH/NHh0hdwIWwh
0xcNQTRPrKyd+9a+6qMAZgxgLnrK6o9E/rZyKenovunrTzwj6Is//jDlTbtt5SA1
VKiqoxx+uCUQXsaW0zR813o8YpVh6FChaAwBIVTnPM8bY/jGF7ndfhhPXTjpWpng
ilNPi7eruIQtOrkTMK5FD/AyNvm5LkR2MlA6WKNOge3gYHkL5QpeVmtW1rn1IKqh
zgBOd5qQK0HpyEd5Pq/Mn7/nmQZ8E9M3dJYjbOOkqyufBtohny3fPIItonEK2BNv
ulCuw7ChMb9inzsXn4TLjyyIUOwww03SWTL+JPBpew5dCJrGYmd3/+w5xJCKNzGF
arczHK4MGvcyWqQ9OJQ+v8tASA02pvH6FPalipwhJqBN8DjWulRbzhLsfhQKC8O7
Snr75aUbw5M0oO99GzDdZ4gQvsi9b8w5/TjE0fCZbNPMt6+bMwnstV5kDh4WOOdS
ubM84TCRjFJpuV9XqRxEYwQ266lPJViZob2A+jGTmR3kHNU4woa2it4bVUwNzqTI
O15Pmg+bw7hl8xN9usRBIN17SzjAZPCkoEOPWWMhYFrrZb8hag22Q9mUHN4+WB8b
i5XMz0hXytHp7ygw1ZP2zm86wvGnwWbnrnMUyBZWNFwMe/+jLPG/G54OripZTeqS
JszAjArq2O8RC9w8fh1GLTGYrunzBMZC5nfHBd8s3udHTNEQ8XKbW1ddkKy1WBCI
QyHD7/gLhfOQtO4Zk0bc+mSd3njkQY33k6kdMpRIW/C/QTewKEY/vM5QAd0SUa5W
ur9p+E2lMxc1biezmDXNObOnWwMuJzo7+lwx7gCg9a1H34m/Wq+HJIWu6cmj/ATe
7+6Vcx6Z3NQj9TOhFIHl+Erp2TWGSoZ16NVnacx1MjS8kshUPuwZHe4pnSdJr4rL
sc3oV/Ki0WrIMiotzeALadBuXzlGkWNrTNBjbEgbMWrVQFBerVC/ySKN/3o06f1i
1V/FFlmmrpxbuWU5TtgbFzOSyNI3kTNkjQGEwLvruHP8ZIeIYESTCXoj43O6iFob
gzbuPJkNdc9qpYlH+RgaFqNDXX64HyQ8z0auYE4CB3MtUMjm5k//mv4XDy5DKwfA
W1r6uEwU53iFUgJIcdekxDOXhCJVBcdRhglJqQuCam8lOD9J5fuNGarFsWHDgTd0
ZeUckRyP9tEt9TGxvkqXsNLzBFEmrk87vKmKDRGJCXzQNXeGWYufJmj6/4p3+cRq
mlNXuzs3uJq2mtiCP3QkGHOl9QZZYyd0VudgW2K5K1PwRTix19u1uegnz8BFqyuG
pupMZaTA6YInGyZAKfDkd8P6QywrQD+/Sy4U4E4WdCX/DWHJbNIrIK4s7wVW8B/w
HZIbuikmBXLgeS5rorQRxt+CPtEjps6AcpPcLxafaYwPk+//oKCvmYJ+CLdbqvpV
onrARWLAt2OqnLLQ5j9ax9/7qq4G0PzW07aNr2hB3A5s6J7bFJgouwObJx7i28hw
9FM/9xaNl1+UhNsoeM4PQBnvpQUSAHViBKyfxuMibsp/6Gz/sV0cF+HCyX9b1NvO
h/2aDLLNLH6H+J78fkva7c0qvif5rNfEyrbSQo0ZQfx6xEZz/OO8+bYjoUuMUiLZ
VYLpNEIa1gVQDbZmGjsAllBmigFC3JAx+BovoslRxx0BFFgbMXXlhEoygu8ImWx0
hfUJ2OZTRDWM/MLIg41bjiHgPe1pg3GVhDCQUC69w8H8+nO7n+YBvgRh4yAyOh/c
JO6f2ZjWFOlJ+4yS4Ey6onGGZIPd9NO/VWaV6rDPjmM7z1cPxXXalPQCuCEE+egA
qQWegGxzeYHvpeJ4vsnFSWCl3BThNiWVCYwANUdpByV7lc/BsUr+4fWpCt+i+qga
EzmcrcGR6RtCFD/yZfQ3r/KHSnDoi7xQm7hJxM88W2vTl/U0ojhAazzjYLDzxzy2
9dCFPVgale3APpyb4OOGcA1VGiuERoA8S2BIVJDfHsrhxEYQBIUjwCyU998bItB4
HUkBeah2RcKT+gzI/hf3ouKo0cYeeTEXAnXrPXr7hpVXsHvD1TvUui/VKX7vce7e
hnA7NM6oSNE2nxuAQCUnKMEphoUyw5+fuvfL9s1NNoZdIoW4YBjvnnlVV8x80Is0
uizA5p8KFu3rxRi8EhDgRm0AanEhI6u1VY9y7pfUGP4Uo5d/HUV53HParG2aFbSp
9fmOMZv9cRG0zpG3Fgefvf9yLekvyLZrDzUiAeeqv3p0l//Z1hwxHx5d+CXDn5qG
KlJgTTRKF/pJt4t4YKpsFD4mqV/8XL7qAJy9Vf4kRB/ddneVA+QkVu5P2VDabtH9
voNuoSEHK3hnSDS4Qy8aRqwiAod0KnXdy5JO032rXkiJbb1kZP6oIInCMYsSr4xJ
kKjC4rZveATI5DEREajYHZDl85LoNfGtYM8S0nEuVSwjCkeiYG5PwUkWXyuATObz
4fBIdh870wznoiA7U0nwxJlJBpyHmzeCwJ0PbNQWy5uHgL+45MPzH6DrnNMn/NoF
0Q1FcOj7rYgjVryxUknbzR6NjYcuMuMtRvEhm1v+BD7xrIHZpXpy8OGlcsS9m1Lk
iGXJ/mJZNCb2WasWxbyESGcSsowP41dhfiTQbKSRk4+pDX7gvFpaO0rYDdkHJUaL
p/Fw6xIKXBvLvSOlJkdpXgfb9c/MxEqrHTotCsCzMcqmFSIpMsKCwBB1ubalUApK
MEQAVFH83l+ClVjozPKbdoTd+xx8/QcRrLrwbrym1Y6DCCMP+wl4s7/x/RMZ3nH5
NTwPKR+b0Gx/juA1qjZvdrkvcinwCRKgjQ9Qo3WcIkY+uOF209D2qxEeauU9rRdZ
5My20f1Cu4Y81stCWwomY4W5ihFfBW+Ldor4uchH0++02QEejLdPZr1NQu3W/A3Y
/XRnaiBNsl28PxEI+497TDmK9ycxAfD6b8w2dZE/d0M4FvkoQOoT2iSrIiOlxxjR
25aH2hjRQTIaakB4OQxUNdfvqbPg9+rj9xa7AOuUGEPDq4P8m42WidiBXlXLqpdg
UyY0dNf4E8LU9PxrDCaDqccxWKBQXM1zk0vEyHb3wgV4vcVMMeMekpIhb09uCAfL
u74n6fvHyHlKX16BQiLiSMI6u08ISmnYOuJgHYE5VgwWJZEmRetuqvGALMPPeDfC
1P7q4Yz5ke9MG/DE9145vSMu9NQFDq5SkJ7lri7lKApYOSTw7qP5Gf7tzGH98+0H
Qav687jUTYs/fs4tBxHSC7bQb470O+6/gYbYITLunXBY7ILgKdwRzYgYmNfeURsa
DQIW5ib2cbQjEB77y6SQOFYe1yW14dznaylIgk4Zpk8GbxW7YlbdMkGnjH064iMx
V9ldl9ByCKkB0OnczXxfpaNUg/7Ohh54kB0jQq43vKvXh/7AW6afMVYSD/3gW7P3
Gk113B8EVTbhb/VswPFf79wBZFzu0c6PcClrbks4rEYSlA02YwTsOftdvxp1ZnzU
ECCrbRbcnzBb7NK+hcJIjqbTnTy1YTmA9TgSm21/hstJ1cs11sARxwl4m6BoRtCn
ocXYZ8puFS0ojWV0UuWKEfCUadJP3yAdVfzvIoJ5snHXLxHUlqIkxQMRUCAUm/ZB
EjGgEROIlkXBJs6gPtz08SgXk6cC+31J9U7TNeQEM2jf5RaCiDE4N1TTvjRef0LI
1MJLWp23s+COMk6hUPYrnJtehUMHFZRIhC5dAazwhaNSt7ymTE+y/VkKW/hxo54i
XboltwbnecDgXc2b3S4mgZvqhMuYlBJe9NyR3qB77NgHWhH3JXlklaE7pT/fbrrD
8ExiKZhTWrYzNn8E0BqBSLkMUS3874AYLcOczPQPpqYBKSub9xlx/+yBOfFH2PWW
c5Xx9UudzknKeMNm0i7gGDs0G/upDLA5D5lN3ZxFWM9dpnDE1FF5q/tNjwH4Pfda
h/hEPxA5gGN4lfZjbabqWN/62kxMuR6Wzr2gQ1iim6TEC90InS41QCjm/I3chp1Y
/+y3g2DuvIYpNRR9PjQR0Lnl0s70afvRbftX0RDbL4dhlG7k/YY0LTxs94NngWZR
fLDbOa4rvPiVSl+P9JgPYtbvOM8/j/7WIL7Hz1QlUVfBOKlALJyuw81T6cMZG/nO
6URxCQRfThdBmObHy2X7V9aIy046sIdCmM1hxvZotRjiZXXi2whCWL9Q8SMwgAx/
0ot3gkTH5id/qtroQSCgC1eKr49BlZCS6WF+neED7/jZ6+RHElKMDWZ/pFpBXjC2
zPiujf+gupEtBZj6VII2jxLpituG6k1FpfBziSYz50TmtDO3RQrwGjLk2uyF9CQM
4gBUsYHQo2K5xeVkqV4U+JxMNxUSg01h//M+KIxhmD8Tk+Qp95MsaI+uIv4eTbPa
YuwiJnpeHhdSeSE17LJJHFZuB6kL51BnWo43jzVjutr9JpJH7SZtZ7OtXwEKNZku
U6gBOZV9J5Y9bhmarv5fHlWrDAmgoO4flmd4xNzBNEYA0HW987I35fzrgQJPCeza
RNA/6DTOj6aA09fWpQgUJmMWvq4wLHRfHIhv7yVpB0b3ZDm7eFnOGHq00AF/gEvF
OVElmNlao9Hl0yzv3DbJlVkbeUukKXOs9ebid/e6Wy4RmKXc/R9zeCsQa6e1umC6
tTExhcCIPawz2pARg+qSqzCmZeyd+5liA/RqpPb/QBCzZO/JFRId84TKGyRYGySb
vTQVWAYdlUjgOEzI34xb6ieF7WJ3OpdYdF6UzHTBoaXZWHaj7ul3F2aFcDhevvrM
P75Iuf+Aw+ml7i1S5Hh5mkSIk/2j/wobxJRbjSlnPTQND0lC4/Aem5XGizyg061g
TkD5zmQgssbxuQXAsrfTy0F5T7aZVtmgO0nWTpAk3DVe3ykN1HVw7HH/L340NxnO
BIJdaJjTudU7HflkQExXuXRs6etgeHdQrnT0xi1GQyibhQk4CfMeoIeBpiiQgCB+
UJu1kK8vL0XFy7I1vYYzUB4SmztXpr4PpLFc6MmKD6+t2tiKimpFcMws9V9C4Pon
S/phtfj3DGqjfTC16yxgJut6nEJoWsfMbDkNT6h3jxhBAPlcG05Od3oHJJwAkqDr
GJvMvpAHXHhCiN4+XQFR3MzRpaEEybFii/WFe1egk19chca1Fj5H8xWPM1px+eOB
wK450PppRo3/8EjcSdt4+gvzoiRE3kdhcUgUqQ1E0hZBW3ko6xoqQIPI4HkGllzP
jC79QXyupDFD4gWNzBhvg5RV1l/eA8JfGKf0VsesvQ74sWU3i727Kzu626QcYPrK
Dg3OjAiLJMGw38NqAstyqG5lsLIvtScu1SKR7bz/eoKkki+VkzKXHXOYxX0DATt7
thC9vJKmumLMLUOzaKUh3ALLUCLNfH70LJ9ksq8u57L1P0y9y3buLlS25c10SD1b
QKFdzItlfM7FAeMo/87xnS3BsCuq+upNk9Rre8eGrI7ztIg9VqWI+GzlA6fQT429
uYlsuvlN6FR5IqbVWV8inqmJJf+s+BAV632mVnLmoD6lBNKThe5FmEUzdFzMDObO
MOFes5/41hWPaY0qo6un7UcmKRO7DPS4fS4ZGem3RstAcEY3O26xVJYpDG+uR2Vm
gVHx7+jCa8DDB4wppsC9H9phWXPGAicMQHYttdo9W7tExWTnqM9ChcTMGL03Bmf3
QwMvBl3nJTZEVT7l0mkbmHKii0pCJ+MpF6QXmbXm/eRApXNUWWcit6EK8btq2mhz
n5/DDo4yWNsSnpSZKL7YRuejh5GCXYBQFZvQ8xSgWOW1c4wG6offg0/+pNtSZwze
oityNkQCh+LuYTj0hKufgsxvvAjf1Snv+ysm7EleWf98D5sOBuMAzliciQySxkSx
BBWp4nkJGESfaq/2btNN1meZWx7OaKNOjBQ+TBVCKX5I63mv4fp7kKaQQja708UU
j8oY3nRFFgV9UZglY2p/6pK61ye00ZcgJ7TcuYW12JKdpnYC8qV35x56TduWcBFO
+JYc+cM6rSEogyqIbiDY+bxW0hgrDQ2SmJqG1tm1vb/C1ZnNzO96IRaTkeFdWK6R
NahHkonwqQyUAz/JOhlkwq1g9Yvwi2wMpA0jzDZWr3+xsEcV8SUKyRVJVV6PaoXN
ue5Hf+IgKD4U1VgafGaq1lmj22HiHSpjU8KvEqo6zfzJP0bFiP9D63z1g+8YlcGl
ddkUR+glcGzQN6f2me0IPacJhAWbrIzbPxEzuqCSsST7D4oy+3IrbG4VqEzivBUv
M7c3xqrQXRER+Ku6uyeRxaVstwXSQZVUyV5ivctfOEjDWIpTaGgXV5o05Z+KqYFz
AVfF9faWuLBrEJjrnpqjlwGYRuaGaQ4R5SoT6STURHuFNQJSfhGDPpgBdmMMuPqp
GTlejrQ7ot2TDcXZb+nKYus+UVO73/FoD9J7aQsQBVLUvWHp/9uR8qv3uzjCz64S
JJJMrz6mshakz99NvtP3YXqqZGeTLnCOrS+bTT0vYYQKYxnA79NPjs2gBO/A+zIJ
F9yXf731/Yj3a5Knx8hTfNX3mdRbWANy0s3AgjRPBUN/gYTn7BKvOvP+gH2ajaL+
ncUZYz3hCjNKMyvbO5nBC2aJVvcymYlrDcOhLP08XZCb+40QrcIvzbWtzLtMIRIV
rq+TeiJ/Qi2P/6pn5xFh3jALsm8q2DNSLDrBR790R90AH5QJx8kOIiImPh7stP95
7sHCs9lkNj6sQBPzWfGIRUAjHT8ik/1XSiQrCm9aXjkYBNyQF6k6oxH6PcGZDqw+
UJhryaFnYan0lqJhoW6TA0JENmSjt9kxk4E4LJbWemMR5qXwPvrm9rnsYtNZ7/3V
ljUDoIAyvxsVQ2E8XbDzqd3H7rV1d9NvaIb6WcegaZqJOSjSfnNrMfwrWJvl4JZH
+zylMs8rG0ejh08Nj/8j42RpwxO93/E3RVzrl1gWDloSuo4NFvxI3httKe81nu/e
IyOqO+pykO44U+Fww3yWL5fO2RfvyMortXN2Q3QBZFOlVrwbXMM+1a1Q4Xjkhoya
hLzckO2s8L0O1oFrDWVgOwQ+rZLW8o3v0twRE27yN4xYe3P7f5hmPt+yN/LEkZpz
V+adsi5gH//5GfhtptyDJ8j2HOmwYua+M+1PocuWaerYw0ZShA1iUP8U39pz4hX0
i9VJlGi/JxRefyKoAfzWR7dW42TV9qER0tJ/H44Wo61iPn/ALjGbgeOdrHTCO6ff
7T0rFp8QGKgFjBT4pR+UcG5D9buhyPzp3jJ3IZut0CiTyU6Eyx3iNHHOZ7l9L4WL
bxqULuMBPzVWw3CFd9sctn6Y2xt+HJ0VpInmN9814ECku9o5BdvbwvX/pF9jJT4l
qFUaYj9ul72TulwTZDehi2R/pwgtzRGLF4Z2wCeZakcMxRN71DlH1zm3xmDqC/6n
sZj+VOfseIP6bnaNstGok2+hSucj98ppVlLvTOmYt2wTNRovGXwqtY7NQcqQVol5
D3IX630nwXT0JJEoMROLjzCURspYrTbrLB6bloG24u+SUuEXgSJNybBqS7Zl8evi
BxguPrB486nZWWuDs72tWvsAtUG/TGzmm7KLhWVH19f5IKCaW7NWRlYutZvgR9Hh
m//A13nYBzRL6D2jTNdvJVTLEFpRLHHq4PQL137MknAHVDWUhaQktJtQtjaviGR/
VEBi8uiL+9Kc8DgWvLXHz7/l36wqC01dy2Ttc/di4zNutU/XYkzMvLINbporJwub
GVOqY58M39z6oyB8YMcJZ5EGkjyK84iIMF2rKZccwU4FdE3vW5ZrP54G6um0lhtx
BVLXqu1fkJxxSWYs6J4AsZAVfTgIpECiaegt5nU4JJSowZcZdeLvCyV3xlKtzQDW
zmhUAdYjuEf+Vl7MKLVikYgJNJS+MRKwLCRa1MRefw4xcgQbyP9JCa4lqu4jhs8j
clT8zLJbqEXhyXRcIi1dun6ll2j1Tznixpu8bC4/bspxJ8ebQg0nMN28EMsYCkL7
SAltZBuku0szXgjMETRGV2dZM4AO02me5y/wyse78DQAda3uLxQd+fHko/OI86L4
0m0kETmI7+dj+gVnpdS2RiSawvbSD2y06BzTexJWs8d/vRUS4mpILhpPeeJwbj+Z
7SPNX9CwfuH0RJkO5GNSxUDUwRpHuU8NdTWSNARnHownqsd14msOAUCOVe+064SX
V/5WaN1Wl4BF/D4/dETpD7zL6eM8RZRhwE8eKOHRL65e2B/oDZ4KQSD3qGjhAmIt
kHT3GXAwjm5dJ4vfV66dkkgQfSwcT/CLJg9/n9v6Q2kjUxdI8VBAKehVlkaY2CRh
SKmFhl9gtsNbmianto6pFyqVfKTWQM6uIrZC3dPg7LCfYfWh36B+tVxPe1GxrbSm
iKbtcrEE0VjWKjwuTOPaAQ2dwBahJYgwDoV2b1ZNMTdsw9zGah1fN7BVIQ4dAobf
zHlVBB+aNWZjZmAJVkJ8T00IKTpYMh2dizaCmOoansH7arJgej6T10pzkGGR6RPg
ANCD7rzwRbkJnLCMuMlsypNhMTANZX1DcxC36sFK/GaVya5TjFJPBTY00xsANK8i
C/2ZQ0tPDTIs0F5kcJhdETTo5SNDZEruixOwAOzh4EiHtNDco9nXRV7lTqSjkXUr
eMoc8ztN29nXy/qZCyX3hyZm9A9QkHAUZmYeZOk0dmxyaPtb9Mw/4tnNnuryFaa5
tSRFK2s8QOpGYHl4YETGw6R5E4Q+9ZgQuf707fduHHWU7RZwL7iQnTgKgpgi8zx1
MI/NxIfWz4c0WSCYCzpV0TdALCoMuIE9uike60WZpJE8Qg/thtNdNKjJ5EWPJnW+
YuF9GrDKSAaxWbhTByopy0LZq7/LFUinMAK+QOXpA3KP/3tIki6y04tkRytO5YIh
ujS6gzqbC8QxDsYCbZr07pV5cdgekIqN/yR9DMjqnrwxDxl7sPUzdogL7iw7I7TK
CbekPePKLKO1gVNesGBJVvGiFYiXZg0llRam3wcWSiUlSEceu5/UiZkVXi6s57d/
wKwF9Ew8MbLPbwe7cmKmJE5eJt+4FXbqWdDYM0b2JqQ2tk6PE9T9c8NZI5Oweo/Z
gnpd4zD6eRsr4LImUGj1AZhh8gGU9ecAF+NGLzm008Q5aItePep+zB7OqI6m5RlO
wBxiQIWnGBSd3nfgMGySnej8TgV93zAEsTbRwKRHqCtg01Pbq+X1KNw51KTfuo2X
FlztTR8NUzDGbImWYMZV7LzxQGC52/U1S+Grt8RqNK7s8KtBLXzPiPloBCld/W5o
GuYX8TysEaZyNqdmsgH1XP8Egtv28CDPrzdxDRgM47gkHvznpL8zKCysco1pXUUB
veE83SSJ71cLY5acvbxJvoumODIu+pG+eQcbVe0EA0uNOqReXmCv2GVxaPJsUomw
WbkuvjnDx46LqPCkZxkxtHaGNOYXrP0//lZe+ef4Q5sYkPxZJd6/8E8Zu/Exgg13
4/+d1C5SZzUjZKLj+N+Mru5x2oK8vRRyLsd09bgXvHeO0yBrrY57vScsigWbLHpd
KhKISIFClY6ZPCxrvxXAfn7C/TEGmQ8xZ4i+C0e4uQKWY1Qrt/OTLKwLSSoeeVhV
Oyc2Jp8aykZKu4/BOEeGjEd/n5PSfRRHDqyvmx+q7u0NQGpTiDSC17ZFCXtGjAwS
oGhlqG8Xps6QaZ8oEKC2MEIC65NAhe3mtH4eYTJWfD92ZOROMIVlnhEDnXFbegbP
nm0yA/7cbUz9PO5wM+aWCv9yeA3K+trcoewfNRV8eOi4EY1LWZM2ePMFvTPK32tn
6axQkhNwJvxPIHoa2QUcNuGHB7eSCNpHUlrPX/Onygt9c2umPpjUurGIasfiFkWG
ZWS89mGPvRoUlSkYGXRdQHAKBRdr7G9QIZRMQ34YW+3rApN7jkCwU2ayTtt5/b2C
0X+M9VBl3gBbfM+dYTt6GlvyM7NWVJkw/2dS/bS6IekbZNSHOEy4whW8NEbJPUiE
uYR/9gB+oFumUaoUxm0fmR77Mxw68UpyZikVYGL+BKva0I1zdJXPrJvUETE5i8BN
bC1WYeZS+8vkMTiyrcoFVS+FrxupmkSufeiHv7n74cq8bw/w/yTAEv+r6QfSw7tQ
sLaiBSpAL2OPwSeFDPmKZxVzm2rdPB28IPGE/Fe3gTXmmbbHYavTbqCeD1S49Zbh
rXBzjps1fgTgNU/rnOv0kuYXasm+Gs870kdsKXk7D7qh3bwDqnPlScqYa0VCAThd
m4HkPSMFQig8GyoZjo6huIZrT8X4yr8coWJX0hxZM+KA5dxCEZs=
=TZJm
-----END PGP MESSAGE-----
