DATE                      TIME                      FRAC_DAYS_SINCE_JAN1      FRAC_HRS_SINCE_JAN1       EPOCH_TIME                ALARM_STATUS              INST_STATUS               CH4                       CH4_dry                   CO2                       CO2_dry                   H2O                       CavityPressure            CavityTemp                Battery_Current           Battery_Temperature       Battery_Voltage           GPS_ABS_LAT               GPS_ABS_LONG              GPS_FIT                   GPS_TIME                  GPS_ALTITUDE              
2022-10-06                10:11:45.375              278.09149741              6674.195938               1665051105.376            0                         899                       2.5266686319E+00          2.5276030498E+00          1.9155735853E+03          1.9163294702E+03          3.3916087957E-02          6.9877022406E+02          4.0368056998E+01          -1.5844570083E+00         4.8593189240E+01          1.8792349430E+01          0.0000000000E+00          0.0000000000E+00          0.0000000000E+00          0.0000000000E+00          0.0000000000E+00          
2022-10-06                10:11:51.773              278.09157145              6674.197715               1665051111.773            0                         899                       2.5184592717E+00          2.5194309097E+00          1.9156275209E+03          1.9164160996E+03          3.5381440474E-02          6.9874923726E+02          4.0371527514E+01          -1.6078369996E+00         4.8593189240E+01          1.8793046396E+01          0.0000000000E+00          0.0000000000E+00          0.0000000000E+00          0.0000000000E+00          0.0000000000E+00          
2022-10-06                10:11:59.170              278.09165706              6674.199769               1665051119.170            0                         899                       2.5185493771E+00          2.5195210660E+00          1.9242643415E+03          1.9250564888E+03          3.5382028591E-02          6.9876881015E+02          4.0375746822E+01          -1.5888441343E+00         4.8593189240E+01          1.8787224435E+01          0.0000000000E+00          0.0000000000E+00          0.0000000000E+00          0.0000000000E+00          0.0000000000E+00          
2022-10-06                10:12:06.681              278.09174400              6674.201856               1665051126.682            0                         899                       2.5257323238E+00          2.5263849872E+00          1.9243298764E+03          1.9248604458E+03          2.3700813736E-02          6.9878989840E+02          4.0379944909E+01          -1.5638472497E+00         4.8593189240E+01          1.8782010742E+01          0.0000000000E+00          0.0000000000E+00          0.0000000000E+00          0.0000000000E+00          0.0000000000E+00          
2022-10-06                10:12:13.825              278.09182669              6674.203841               1665051133.826            0                         899                       2.5258190223E+00          2.5264717186E+00          1.9316508722E+03          1.9321834686E+03          2.3701191679E-02          6.9878789111E+02          4.0383992631E+01          -1.5410708671E+00         4.8593189240E+01          1.8785380622E+01          0.0000000000E+00          0.0000000000E+00          0.0000000000E+00          0.0000000000E+00          0.0000000000E+00          
2022-10-06                10:12:21.888              278.09192000              6674.206080               1665051141.888            0                         899                       2.5245685217E+00          2.5252534865E+00          1.9317212148E+03          1.9322804399E+03          2.4884950195E-02          6.9877125883E+02          4.0388481746E+01          -1.5507182057E+00         4.8593189240E+01          1.8765870366E+01          0.0000000000E+00          0.0000000000E+00          0.0000000000E+00          0.0000000000E+00          0.0000000000E+00          
2022-10-06                10:12:29.029              278.09200265              6674.208064               1665051149.029            0                         899                       2.5246496213E+00          2.5253346183E+00          1.9354108148E+03          1.9359711164E+03          2.4885321585E-02          6.9875921186E+02          4.0392269968E+01          -1.5296880804E+00         4.8593189240E+01          1.8785898474E+01          0.0000000000E+00          0.0000000000E+00          0.0000000000E+00          0.0000000000E+00          0.0000000000E+00          
2022-10-06                10:12:36.408              278.09208807              6674.210114               1665051156.409            0                         899                       2.5258625325E+00          2.5269577804E+00          1.9354715664E+03          1.9363670452E+03          3.9763805335E-02          6.9871279523E+02          4.0396139638E+01          -1.5166237165E+00         4.8593189240E+01          1.8789805128E+01          0.0000000000E+00          0.0000000000E+00          0.0000000000E+00          0.0000000000E+00          0.0000000000E+00          
2022-10-06                10:12:43.875              278.09217449              6674.212188               1665051163.876            0                         899                       2.5259618469E+00          2.5270571579E+00          1.9562725979E+03          1.9571777173E+03          3.9764531703E-02          6.9869862457E+02          4.0400776288E+01          -1.5661108439E+00         4.8593189240E+01          1.8776275685E+01          0.0000000000E+00          0.0000000000E+00          0.0000000000E+00          0.0000000000E+00          0.0000000000E+00          
2022-10-06                10:12:51.345              278.09226094              6674.214263               1665051171.345            0                         899                       2.5316406838E+00          2.5329901656E+00          1.9563365181E+03          1.9574492160E+03          4.8877280314E-02          6.9868076471E+02          4.0404804811E+01          -1.5412325725E+00         4.8593189240E+01          1.8769345378E+01          0.0000000000E+00          0.0000000000E+00          0.0000000000E+00          0.0000000000E+00          0.0000000000E+00          
2022-10-06                10:12:58.812              278.09234736              6674.216337               1665051178.812            0                         899                       2.5317327078E+00          2.5330822615E+00          1.9527749293E+03          1.9538856202E+03          4.8878105685E-02          6.9858627299E+02          4.0409091015E+01          -1.5780864986E+00         4.8593189240E+01          1.8754959536E+01          0.0000000000E+00          0.0000000000E+00          0.0000000000E+00          0.0000000000E+00          0.0000000000E+00          
2022-10-06                10:13:06.171              278.09243253              6674.218381               1665051186.171            0                         899                       2.5289163236E+00          2.5306136153E+00          1.9528417246E+03          1.9542402224E+03          6.1532439022E-02          6.9844461484E+02          4.0413308302E+01          -1.5226492677E+00         4.8593189240E+01          1.8775166316E+01          0.0000000000E+00          0.0000000000E+00          0.0000000000E+00          0.0000000000E+00          0.0000000000E+00          
2022-10-06                10:13:13.420              278.09251644              6674.220394               1665051193.420            0                         899                       2.5289995268E+00          2.5306969002E+00          1.9599599952E+03          1.9613636121E+03          6.1533379579E-02          6.9849151733E+02          4.0417188076E+01          -1.5379233305E+00         4.8593189240E+01          1.8763819246E+01          0.0000000000E+00          0.0000000000E+00          0.0000000000E+00          0.0000000000E+00          0.0000000000E+00          
2022-10-06                10:13:19.986              278.09259244              6674.222219               1665051199.987            0                         899                       2.5258996067E+00          2.5274416179E+00          1.9600183141E+03          1.9612950543E+03          5.5973168647E-02          6.9868307071E+02          4.0420856855E+01          -1.5480881045E+00         4.8593189240E+01          1.8755913804E+01          0.0000000000E+00          0.0000000000E+00          0.0000000000E+00          0.0000000000E+00          0.0000000000E+00          
2022-10-06                10:13:26.990              278.09267350              6674.224164               1665051206.990            0                         899                       2.5259907482E+00          2.5275328409E+00          1.9678707876E+03          1.9691526644E+03          5.5974107048E-02          6.9873149139E+02          4.0425112137E+01          -1.5365436172E+00         4.8593189240E+01          1.8760103466E+01          0.0000000000E+00          0.0000000000E+00          0.0000000000E+00          0.0000000000E+00          0.0000000000E+00          
2022-10-06                10:13:34.365              278.09275885              6674.226213               1665051214.365            0                         899                       2.5353256696E+00          2.5360662106E+00          1.9679342121E+03          1.9685475328E+03          2.6789340211E-02          6.9870906602E+02          4.0429086294E+01          -1.5977800421E+00         4.8593189240E+01          1.8723009943E+01          0.0000000000E+00          0.0000000000E+00          0.0000000000E+00          0.0000000000E+00          0.0000000000E+00          
2022-10-06                10:13:42.305              278.09285076              6674.228418               1665051222.306            0                         899                       2.5354237241E+00          2.5361643070E+00          1.9558187099E+03          1.9564282657E+03          2.6789821555E-02          6.9866480341E+02          4.0433646752E+01          -1.5454040829E+00         4.8593189240E+01          1.8749488730E+01          0.0000000000E+00          0.0000000000E+00          0.0000000000E+00          0.0000000000E+00          0.0000000000E+00          
2022-10-06                10:13:49.898              278.09293865              6674.230527               1665051229.899            0                         899                       2.5368449267E+00          2.5379236398E+00          1.9558821637E+03          1.9567695655E+03          3.8994281576E-02          6.9863378017E+02          4.0437646980E+01          -1.5335038908E+00         4.8593189240E+01          1.8748439738E+01          0.0000000000E+00          0.0000000000E+00          0.0000000000E+00          0.0000000000E+00          0.0000000000E+00          
2022-10-06                10:13:57.418              278.09302568              6674.232616               1665051237.419            0                         899                       2.5369391789E+00          2.5380179508E+00          1.9764446214E+03          1.9773413681E+03          3.8994954653E-02          6.9860948050E+02          4.0442027970E+01          -1.5550298762E+00         4.8593189240E+01          1.8747070249E+01          0.0000000000E+00          0.0000000000E+00          0.0000000000E+00          0.0000000000E+00          0.0000000000E+00          
2022-10-06                10:14:05.249              278.09311631              6674.234791               1665051245.249            0                         899                       2.5371530026E+00          2.5376733467E+00          1.9765065135E+03          1.9769390287E+03          1.8811716383E-02          6.9851831459E+02          4.0445889555E+01          -1.5887255519E+00         4.8593189240E+01          1.8733844909E+01          0.0000000000E+00          0.0000000000E+00          0.0000000000E+00          0.0000000000E+00          0.0000000000E+00          
2022-10-06                10:14:13.341              278.09320997              6674.237039               1665051253.341            0                         899                       2.5372649722E+00          2.5377853499E+00          1.9845423591E+03          1.9849766417E+03          1.8812102092E-02          6.9845990839E+02          4.0451093509E+01          -1.5327170132E+00         4.8593189240E+01          1.8740343081E+01          0.0000000000E+00          0.0000000000E+00          0.0000000000E+00          0.0000000000E+00          0.0000000000E+00          
2022-10-06                10:14:20.775              278.09329601              6674.239104               1665051260.775            0                         899                       2.5489425892E+00          2.5497160043E+00          1.9845992101E+03          1.9852417313E+03          2.7828791101E-02          6.9836053467E+02          4.0454626273E+01          -1.5614003654E+00         4.8593189240E+01          1.8731118171E+01          0.0000000000E+00          0.0000000000E+00          0.0000000000E+00          0.0000000000E+00          0.0000000000E+00          
2022-10-06                10:14:29.171              278.09339319              6674.241437               1665051269.172            0                         899                       2.5490541264E+00          2.5498275911E+00          1.9843585571E+03          1.9850010134E+03          2.7829356780E-02          6.9827531746E+02          4.0459785360E+01          -1.5536286034E+00         4.8593189240E+01          1.8727856011E+01          0.0000000000E+00          0.0000000000E+00          0.0000000000E+00          0.0000000000E+00          0.0000000000E+00          
2022-10-06                10:14:37.184              278.09348593              6674.243662               1665051277.184            0                         899                       2.5498653645E+00          2.5506737404E+00          1.9844179115E+03          1.9850891729E+03          2.9075818702E-02          6.9821591005E+02          4.0463474147E+01          -1.5461047185E+00         4.8593189240E+01          1.8718726531E+01          0.0000000000E+00          0.0000000000E+00          0.0000000000E+00          0.0000000000E+00          0.0000000000E+00          
2022-10-06                10:14:43.940              278.09356412              6674.245539               1665051283.940            0                         899                       2.5499593174E+00          2.5507677369E+00          2.0029097805E+03          2.0035873086E+03          2.9076316382E-02          6.9816437778E+02          4.0467818355E+01          -1.6113294616E+00         4.8593189240E+01          1.8702981911E+01          0.0000000000E+00          0.0000000000E+00          0.0000000000E+00          0.0000000000E+00          0.0000000000E+00          
2022-10-06                10:14:51.150              278.09364757              6674.247542               1665051291.150            0                         899                       2.5589451849E+00          2.5592207808E+00          2.0029732838E+03          2.0032034509E+03          9.8795794081E-03          6.9815882156E+02          4.0471728849E+01          -1.5957859139E+00         4.8593189240E+01          1.8696821516E+01          0.0000000000E+00          0.0000000000E+00          0.0000000000E+00          0.0000000000E+00          0.0000000000E+00          
2022-10-06                10:14:58.052              278.09372745              6674.249459               1665051298.052            0                         899                       2.5590295422E+00          2.5593051513E+00          2.0224672021E+03          2.0226996129E+03          9.8797306880E-03          6.9820268078E+02          4.0475615091E+01          -1.5584900127E+00         4.8593189240E+01          1.8711977586E+01          0.0000000000E+00          0.0000000000E+00          0.0000000000E+00          0.0000000000E+00          0.0000000000E+00          
2022-10-06                10:15:05.517              278.09381387              6674.251533               1665051305.518            0                         899                       2.5558337873E+00          2.5565934127E+00          2.0225407305E+03          2.0231821261E+03          2.7259086470E-02          6.9824453715E+02          4.0480099558E+01          -1.5552023633E+00         4.8593189240E+01          1.8709919772E+01          0.0000000000E+00          0.0000000000E+00          0.0000000000E+00          0.0000000000E+00          0.0000000000E+00          
2022-10-06                10:15:12.448              278.09389409              6674.253458               1665051312.449            0                         899                       2.5559140975E+00          2.5566737578E+00          2.0223972861E+03          2.0230386456E+03          2.7259484362E-02          6.9827013109E+02          4.0483804109E+01          -1.5803285885E+00         4.8593189240E+01          1.8704570202E+01          0.0000000000E+00          0.0000000000E+00          0.0000000000E+00          0.0000000000E+00          0.0000000000E+00          
2022-10-06                10:15:19.806              278.09397925              6674.255502               1665051319.807            0                         899                       2.5646717456E+00          2.5654014005E+00          2.0224597759E+03          2.0230737175E+03          2.6093697647E-02          6.9833813679E+02          4.0487615573E+01          -1.5551915808E+00         4.8593189240E+01          1.8700799702E+01          0.0000000000E+00          0.0000000000E+00          0.0000000000E+00          0.0000000000E+00          0.0000000000E+00          
2022-10-06                10:15:27.003              278.09406255              6674.257501               1665051327.004            0                         899                       2.5647644740E+00          2.5654941675E+00          2.0194902061E+03          2.0201032566E+03          2.6094135863E-02          6.9843368753E+02          4.0491877726E+01          -1.5671887871E+00         4.8593189240E+01          1.8689879740E+01          0.0000000000E+00          0.0000000000E+00          0.0000000000E+00          0.0000000000E+00          0.0000000000E+00          
2022-10-06                10:15:35.405              278.09415979              6674.259835               1665051335.406            0                         899                       2.5602005255E+00          2.5615594736E+00          2.0195650811E+03          2.0207088951E+03          4.8671186609E-02          6.9844077003E+02          4.0496451119E+01          -1.5816544421E+00         4.8593189240E+01          1.8688007342E+01          0.0000000000E+00          0.0000000000E+00          0.0000000000E+00          0.0000000000E+00          0.0000000000E+00          
2022-10-06                10:15:44.125              278.09426071              6674.262257               1665051344.125            0                         899                       2.5603205595E+00          2.5616796009E+00          2.0540488843E+03          2.0552122541E+03          4.8672246638E-02          6.9845203971E+02          4.0501978438E+01          -1.5397558323E+00         4.8593189240E+01          1.8695159773E+01          0.0000000000E+00          0.0000000000E+00          0.0000000000E+00          0.0000000000E+00          0.0000000000E+00          
2022-10-06                10:15:52.130              278.09435336              6674.264481               1665051352.130            0                         899                       2.5705193847E+00          2.5714691915E+00          2.0541134265E+03          2.0549232732E+03          3.3886556794E-02          6.9846663034E+02          4.0505855181E+01          -1.5639226879E+00         4.8593189240E+01          1.8671618695E+01          0.0000000000E+00          0.0000000000E+00          0.0000000000E+00          0.0000000000E+00          0.0000000000E+00          
2022-10-06                10:16:00.134              278.09444600              6674.266704               1665051360.134            0                         899                       2.5706223152E+00          2.5715721777E+00          2.0629127734E+03          2.0637261043E+03          3.3887187050E-02          6.9851856924E+02          4.0510575301E+01          -1.5923150083E+00         4.8593189240E+01          1.8661919209E+01          0.0000000000E+00          0.0000000000E+00          0.0000000000E+00          0.0000000000E+00          0.0000000000E+00          
2022-10-06                10:16:07.974              278.09453675              6674.268882               1665051367.975            0                         899                       2.5696630585E+00          2.5712525091E+00          2.0629834177E+03          2.0643449808E+03          5.6712109668E-02          6.9854277918E+02          4.0514800470E+01          -1.5373951599E+00         4.8593189240E+01          1.8681089098E+01          0.0000000000E+00          0.0000000000E+00          0.0000000000E+00          0.0000000000E+00          0.0000000000E+00          
2022-10-06                10:16:15.028              278.09461838              6674.270841               1665051375.028            0                         899                       2.5697491789E+00          2.5713387075E+00          2.0773545181E+03          2.0787255875E+03          5.6712992530E-02          6.9857796049E+02          4.0518751182E+01          -1.5493385010E+00         4.8593189240E+01          1.8675572642E+01          0.0000000000E+00          0.0000000000E+00          0.0000000000E+00          0.0000000000E+00          0.0000000000E+00          
2022-10-06                10:16:22.687              278.09470704              6674.272969               1665051382.688            0                         899                       2.5747303934E+00          2.5760423050E+00          2.0774268795E+03          2.0785563285E+03          4.6722395870E-02          6.9860667894E+02          4.0523049310E+01          -1.5667791714E+00         4.8593189240E+01          1.8665112590E+01          0.0000000000E+00          0.0000000000E+00          0.0000000000E+00          0.0000000000E+00          0.0000000000E+00          
2022-10-06                10:16:29.533              278.09478627              6674.274871               1665051389.534            0                         899                       2.5748130506E+00          2.5761250240E+00          2.0812683263E+03          2.0823998806E+03          4.6723092566E-02          6.9864477579E+02          4.0526833490E+01          -1.5461801891E+00         4.8593189240E+01          1.8664526049E+01          0.0000000000E+00          0.0000000000E+00          0.0000000000E+00          0.0000000000E+00          0.0000000000E+00          
2022-10-06                10:16:37.543              278.09487898              6674.277096               1665051397.544            0                         899                       2.5737667954E+00          2.5744708894E+00          2.0813488077E+03          2.0819563375E+03          2.5090898028E-02          6.9869413424E+02          4.0531605146E+01          -1.5913341251E+00         4.8593189240E+01          1.8653479393E+01          0.0000000000E+00          0.0000000000E+00          0.0000000000E+00          0.0000000000E+00          0.0000000000E+00          
2022-10-06                10:16:45.125              278.09496674              6674.279202               1665051405.126            0                         899                       2.5738510383E+00          2.5745551661E+00          2.0796196278E+03          2.0802266620E+03          2.5091279507E-02          6.9877460849E+02          4.0535463497E+01          -1.5542645470E+00         4.8593189240E+01          1.8653853637E+01          0.0000000000E+00          0.0000000000E+00          0.0000000000E+00          0.0000000000E+00          0.0000000000E+00          
2022-10-06                10:16:52.717              278.09505461              6674.281311               1665051412.718            0                         899                       2.5814568589E+00          2.5820711335E+00          2.0796958637E+03          2.0802238925E+03          2.1825682941E-02          6.9878562917E+02          4.0539986970E+01          -1.5986100712E+00         4.8593189240E+01          1.8631383795E+01          0.0000000000E+00          0.0000000000E+00          0.0000000000E+00          0.0000000000E+00          0.0000000000E+00          
2022-10-06                10:17:00.617              278.09514603              6674.283505               1665051420.617            0                         899                       2.5815563179E+00          2.5821706271E+00          2.0988949804E+03          2.0994278934E+03          2.1826073514E-02          6.9881358166E+02          4.0544528229E+01          -1.5548574040E+00         4.8593189240E+01          1.8648854805E+01          0.0000000000E+00          0.0000000000E+00          0.0000000000E+00          0.0000000000E+00          0.0000000000E+00          
2022-10-06                10:17:08.384              278.09523594              6674.285662               1665051428.385            0                         899                       2.5819069850E+00          2.5832431631E+00          2.0989728686E+03          2.1001319097E+03          4.7453969095E-02          6.9893502585E+02          4.0549107886E+01          -1.5639550457E+00         4.8593189240E+01          1.8629154205E+01          0.0000000000E+00          0.0000000000E+00          0.0000000000E+00          0.0000000000E+00          0.0000000000E+00          
2022-10-06                10:17:15.489              278.09531816              6674.287636               1665051435.489            0                         899                       2.5819797337E+00          2.5833159669E+00          2.0979574759E+03          2.0991159714E+03          4.7454590143E-02          6.9908119293E+02          4.0552429048E+01          -1.5930911279E+00         4.8593189240E+01          1.8637105045E+01          0.0000000000E+00          0.0000000000E+00          0.0000000000E+00          0.0000000000E+00          0.0000000000E+00          
2022-10-06                10:17:22.980              278.09540487              6674.289717               1665051442.981            0                         899                       2.5904807270E+00          2.5908539820E+00          2.0980379163E+03          2.0983604655E+03          1.3217100674E-02          6.9916470519E+02          4.0557160889E+01          -1.5727831820E+00         4.8608031923E+01          1.8628269221E+01          0.0000000000E+00          0.0000000000E+00          0.0000000000E+00          0.0000000000E+00          0.0000000000E+00          
2022-10-06                10:17:31.117              278.09549904              6674.291977               1665051451.117            0                         899                       2.5905709383E+00          2.5909442124E+00          2.1106950359E+03          2.1110195363E+03          1.3217314444E-02          6.9914268362E+02          4.0561265200E+01          -1.5863649103E+00         4.8593189240E+01          1.8623952221E+01          0.0000000000E+00          0.0000000000E+00          0.0000000000E+00          0.0000000000E+00          0.0000000000E+00          
2022-10-06                10:17:39.503              278.09559610              6674.294306               1665051459.503            0                         899                       2.6012383422E+00          2.6017721814E+00          2.1107828135E+03          2.1112450168E+03          1.8824123262E-02          6.9921250178E+02          4.0566397812E+01          -1.5495432986E+00         4.8660805911E+01          1.8617048466E+01          0.0000000000E+00          0.0000000000E+00          0.0000000000E+00          0.0000000000E+00          0.0000000000E+00          
2022-10-06                10:17:46.773              278.09568025              6674.296326               1665051466.774            0                         899                       2.6013143205E+00          2.6018481827E+00          2.1093051631E+03          2.1097670492E+03          1.8824378592E-02          6.9925951744E+02          4.0569839831E+01          -1.5751006840E+00         4.8692140466E+01          1.8613475888E+01          0.0000000000E+00          0.0000000000E+00          0.0000000000E+00          0.0000000000E+00          0.0000000000E+00          
2022-10-06                10:17:54.282              278.09576716              6674.298412               1665051474.283            0                         899                       2.5973501795E+00          2.5981735194E+00          2.1093851927E+03          2.1100986483E+03          2.9072644444E-02          6.9924187020E+02          4.0574522562E+01          -1.5744539476E+00         4.8741616079E+01          1.8604396631E+01          0.0000000000E+00          0.0000000000E+00          0.0000000000E+00          0.0000000000E+00          0.0000000000E+00          
2022-10-06                10:18:01.717              278.09585321              6674.300477               1665051481.717            0                         899                       2.5974343591E+00          2.5982577381E+00          2.1183779604E+03          2.1190944685E+03          2.9073082044E-02          6.9927599006E+02          4.0578342109E+01          -1.5470856452E+00         4.8817478685E+01          1.8600464663E+01          0.0000000000E+00          0.0000000000E+00          0.0000000000E+00          0.0000000000E+00          0.0000000000E+00          
2022-10-06                10:18:09.727              278.09594593              6674.302702               1665051489.728            0                         899                       2.6043924063E+00          2.6055690419E+00          2.1184554301E+03          2.1194766547E+03          4.1429807506E-02          6.9923962645E+02          4.0582855881E+01          -1.5661863278E+00         4.8772950633E+01          1.8589353018E+01          0.0000000000E+00          0.0000000000E+00          0.0000000000E+00          0.0000000000E+00          0.0000000000E+00          
2022-10-06                10:18:17.585              278.09603687              6674.304885               1665051497.586            0                         899                       2.6044963493E+00          2.6056730537E+00          2.1276602309E+03          2.1286859118E+03          4.1430575376E-02          6.9919973330E+02          4.0587559024E+01          -1.5574444035E+00         4.8736668517E+01          1.8575063188E+01          0.0000000000E+00          0.0000000000E+00          0.0000000000E+00          0.0000000000E+00          0.0000000000E+00          
2022-10-06                10:18:25.494              278.09612841              6674.307082               1665051505.495            0                         899                       2.6066091870E+00          2.6078871037E+00          2.1277272840E+03          2.1288403222E+03          4.4955959790E-02          6.9912681852E+02          4.0591449106E+01          -1.6372102444E+00         4.8654209162E+01          1.8586963527E+01          0.0000000000E+00          0.0000000000E+00          0.0000000000E+00          0.0000000000E+00          0.0000000000E+00          
2022-10-06                10:18:33.765              278.09622413              6674.309379               1665051513.765            0                         899                       2.6067128798E+00          2.6079908710E+00          2.1209697914E+03          2.1220793152E+03          4.4956790304E-02          6.9910540125E+02          4.0596136889E+01          -1.5481312070E+00         4.8713579898E+01          1.8573432089E+01          0.0000000000E+00          0.0000000000E+00          0.0000000000E+00          0.0000000000E+00          0.0000000000E+00          
2022-10-06                10:18:41.496              278.09631361              6674.311527               1665051521.496            0                         899                       2.6086637282E+00          2.6096213029E+00          2.1210413552E+03          2.1218720999E+03          3.3664228559E-02          6.9910644450E+02          4.0600301629E+01          -1.5471395317E+00         4.8842216492E+01          1.8569819002E+01          0.0000000000E+00          0.0000000000E+00          0.0000000000E+00          0.0000000000E+00          0.0000000000E+00          
2022-10-06                10:18:49.697              278.09640853              6674.313805               1665051529.697            0                         899                       2.6087660181E+00          2.6097236478E+00          2.1332556473E+03          2.1340911912E+03          3.3664841576E-02          6.9907987158E+02          4.0604922314E+01          -1.5448651211E+00         4.8814180311E+01          1.8565223226E+01          0.0000000000E+00          0.0000000000E+00          0.0000000000E+00          0.0000000000E+00          0.0000000000E+00          
2022-10-06                10:18:58.072              278.09650546              6674.316131               1665051538.072            0                         899                       2.6192758973E+00          2.6198483921E+00          2.1333403996E+03          2.1338379190E+03          2.0047901103E-02          6.9904025370E+02          4.0609826549E+01          -1.5561509140E+00         4.8809232750E+01          1.8550675247E+01          0.0000000000E+00          0.0000000000E+00          0.0000000000E+00          0.0000000000E+00          0.0000000000E+00          
2022-10-06                10:19:06.042              278.09659772              6674.318345               1665051546.043            0                         899                       2.6193686062E+00          2.6199411307E+00          2.1385942386E+03          2.1390929915E+03          2.0048230599E-02          6.9902499935E+02          4.0613996948E+01          -1.5772672978E+00         4.8842216492E+01          1.8538040363E+01          0.0000000000E+00          0.0000000000E+00          0.0000000000E+00          0.0000000000E+00          0.0000000000E+00          
2022-10-06                10:19:14.454              278.09669508              6674.320682               1665051554.455            0                         899                       2.6215265154E+00          2.6233392702E+00          2.1386802783E+03          2.1402582675E+03          6.3395455478E-02          6.9903428316E+02          4.0618963431E+01          -1.5704548848E+00         4.8842216492E+01          1.8542941213E+01          0.0000000000E+00          0.0000000000E+00          0.0000000000E+00          0.0000000000E+00          0.0000000000E+00          
2022-10-06                10:19:22.344              278.09678639              6674.322873               1665051562.344            0                         899                       2.6216276328E+00          2.6234404901E+00          2.1488423469E+03          2.1504278625E+03          6.3396590941E-02          6.9904711550E+02          4.0623508125E+01          -1.6440118812E+00         4.8822426246E+01          1.8518145946E+01          0.0000000000E+00          0.0000000000E+00          0.0000000000E+00          0.0000000000E+00          0.0000000000E+00          
2022-10-06                10:19:30.115              278.09687633              6674.325032               1665051570.115            0                         899                       2.6256459240E+00          2.6273614460E+00          2.1489100444E+03          2.1504081782E+03          5.9903195819E-02          6.9904120843E+02          4.0627397398E+01          -1.5585331222E+00         4.8842216492E+01          1.8522345979E+01          0.0000000000E+00          0.0000000000E+00          0.0000000000E+00          0.0000000000E+00          0.0000000000E+00          
2022-10-06                10:19:38.776              278.09697657              6674.327438               1665051578.776            0                         899                       2.6257563247E+00          2.6274719524E+00          2.1649517481E+03          2.1664610951E+03          5.9904365366E-02          6.9901217752E+02          4.0632351351E+01          -1.5633190515E+00         4.8842216492E+01          1.8512193869E+01          0.0000000000E+00          0.0000000000E+00          0.0000000000E+00          0.0000000000E+00          0.0000000000E+00          
2022-10-06                10:19:46.775              278.09706916              6674.329660               1665051586.775            0                         899                       2.6331443879E+00          2.6347301152E+00          2.1650297713E+03          2.1664209676E+03          5.5216116913E-02          6.9900324254E+02          4.0636800854E+01          -1.5642137480E+00         4.8842216492E+01          1.8500658136E+01          0.0000000000E+00          0.0000000000E+00          0.0000000000E+00          0.0000000000E+00          0.0000000000E+00          
2022-10-06                10:19:55.013              278.09716450              6674.331948               1665051595.013            0                         899                       2.6332398718E+00          2.6348256833E+00          2.1525640277E+03          2.1539472371E+03          5.5217046573E-02          6.9897236684E+02          4.0641072911E+01          -1.5591044008E+00         4.8842216492E+01          1.8490588801E+01          0.0000000000E+00          0.0000000000E+00          0.0000000000E+00          0.0000000000E+00          0.0000000000E+00          
2022-10-06                10:20:03.315              278.09726060              6674.334254               1665051603.316            0                         899                       2.6254209469E+00          2.6270714142E+00          2.1526443690E+03          2.1540883177E+03          5.7637950854E-02          6.9897523064E+02          4.0645680863E+01          -1.5972195256E+00         4.8842216492E+01          1.8489546858E+01          0.0000000000E+00          0.0000000000E+00          0.0000000000E+00          0.0000000000E+00          0.0000000000E+00          
2022-10-06                10:20:10.615              278.09734509              6674.336282               1665051610.616            0                         899                       2.6255168094E+00          2.6271673650E+00          2.1555324224E+03          2.1569783328E+03          5.7638928144E-02          6.9896354301E+02          4.0649983033E+01          -1.5761247194E+00         4.8842216492E+01          1.8467255990E+01          0.0000000000E+00          0.0000000000E+00          0.0000000000E+00          0.0000000000E+00          0.0000000000E+00          
2022-10-06                10:20:17.720              278.09742733              6674.338256               1665051617.721            0                         899                       2.6359240929E+00          2.6370910129E+00          2.1556029391E+03          2.1566211625E+03          4.0596582593E-02          6.9897039391E+02          4.0654022065E+01          -1.5622734771E+00         4.8842216492E+01          1.8468214616E+01          0.0000000000E+00          0.0000000000E+00          0.0000000000E+00          0.0000000000E+00          0.0000000000E+00          
2022-10-06                10:20:25.611              278.09751865              6674.340448               1665051625.611            0                         899                       2.6360192748E+00          2.6371862565E+00          2.1660795489E+03          2.1671027382E+03          4.0597263248E-02          6.9896251431E+02          4.0658276135E+01          -1.5656473542E+00         4.8842216492E+01          1.8461477292E+01          0.0000000000E+00          0.0000000000E+00          0.0000000000E+00          0.0000000000E+00          0.0000000000E+00          
2022-10-06                10:20:33.354              278.09760826              6674.342598               1665051633.354            0                         899                       2.6484841010E+00          2.6500637743E+00          2.1661555672E+03          2.1675341413E+03          5.4687046365E-02          6.9896312870E+02          4.0662609227E+01          -1.5808136526E+00         4.8842216492E+01          1.8441931162E+01          0.0000000000E+00          0.0000000000E+00          0.0000000000E+00          0.0000000000E+00          0.0000000000E+00          
2022-10-06                10:20:40.778              278.09769419              6674.344661               1665051640.778            0                         899                       2.6485687949E+00          2.6501485422E+00          2.1717932632E+03          2.1731754458E+03          5.4687858251E-02          6.9896512063E+02          4.0666376025E+01          -1.5911616450E+00         4.8832321369E+01          1.8426689413E+01          0.0000000000E+00          0.0000000000E+00          0.0000000000E+00          0.0000000000E+00          0.0000000000E+00          
2022-10-06                10:20:49.226              278.09779198              6674.347007               1665051649.227            0                         899                       2.6505721769E+00          2.6516495800E+00          2.1718817770E+03          2.1728237529E+03          3.7276538882E-02          6.9902503371E+02          4.0671408394E+01          -1.5718346108E+00         4.8830672182E+01          1.8424034826E+01          0.0000000000E+00          0.0000000000E+00          0.0000000000E+00          0.0000000000E+00          0.0000000000E+00          
2022-10-06                10:20:56.680              278.09787824              6674.349078               1665051656.680            0                         899                       2.6506503848E+00          2.6517278345E+00          2.2045566120E+03          2.2055127726E+03          3.7277049510E-02          6.9907497138E+02          4.0674883962E+01          -1.5748311944E+00         4.8842216492E+01          1.8400744962E+01          0.0000000000E+00          0.0000000000E+00          0.0000000000E+00          0.0000000000E+00          0.0000000000E+00          
2022-10-06                10:21:04.638              278.09797036              6674.351289               1665051664.639            0                         899                       2.6747125635E+00          2.6760065222E+00          2.2046455872E+03          2.2057836058E+03          4.4361553404E-02          6.9911614182E+02          4.0679867827E+01          -1.5562155981E+00         4.8842216492E+01          1.8401970390E+01          0.0000000000E+00          0.0000000000E+00          0.0000000000E+00          0.0000000000E+00          0.0000000000E+00          
2022-10-06                10:21:13.509              278.09807303              6674.353753               1665051673.510            0                         899                       2.6748130197E+00          2.6761070495E+00          2.2289288972E+03          2.2300794707E+03          4.4362326683E-02          6.9908047506E+02          4.0684290450E+01          -1.5639981647E+00         4.8842216492E+01          1.8389778794E+01          0.0000000000E+00          0.0000000000E+00          0.0000000000E+00          0.0000000000E+00          0.0000000000E+00          
2022-10-06                10:21:21.868              278.09816978              6674.356075               1665051681.869            0                         899                       2.6775774120E+00          2.6791038901E+00          2.2290122542E+03          2.2303681641E+03          5.2272652458E-02          6.9908293263E+02          4.0688909316E+01          -1.5650760662E+00         4.8842216492E+01          1.8375782493E+01          0.0000000000E+00          0.0000000000E+00          0.0000000000E+00          0.0000000000E+00          0.0000000000E+00          
2022-10-06                10:21:30.234              278.09826661              6674.358399               1665051690.235            0                         899                       2.6776872699E+00          2.6792138397E+00          2.2631987034E+03          2.2645754351E+03          5.2273647847E-02          6.9906312692E+02          4.0693740592E+01          -1.6091844017E+00         4.8842216492E+01          1.8357805353E+01          0.0000000000E+00          0.0000000000E+00          0.0000000000E+00          0.0000000000E+00          0.0000000000E+00          
2022-10-06                10:21:39.299              278.09837152              6674.360916               1665051699.299            0                         899                       2.6911677834E+00          2.6917817422E+00          2.2632919850E+03          2.2638429181E+03          2.0925356275E-02          6.9908475681E+02          4.0698831975E+01          -1.5743784802E+00         4.8842216492E+01          1.8341311676E+01          0.0000000000E+00          0.0000000000E+00          0.0000000000E+00          0.0000000000E+00          0.0000000000E+00          
2022-10-06                10:21:47.686              278.09846859              6674.363246               1665051707.686            0                         899                       2.6912731623E+00          2.6918871563E+00          2.3045164991E+03          2.3050774773E+03          2.0925736511E-02          6.9909033729E+02          4.0703442150E+01          -1.6007227842E+00         4.8842216492E+01          1.8333041324E+01          0.0000000000E+00          0.0000000000E+00          0.0000000000E+00          0.0000000000E+00          0.0000000000E+00          
2022-10-06                10:21:56.907              278.09857532              6674.365808               1665051716.908            0                         899                       2.6969408791E+00          2.6986350589E+00          2.3046065963E+03          2.3061513397E+03          5.7595537451E-02          6.9906233872E+02          4.0708272416E+01          -1.5704440960E+00         4.8842216492E+01          1.8305636299E+01          0.0000000000E+00          0.0000000000E+00          0.0000000000E+00          0.0000000000E+00          0.0000000000E+00          
2022-10-06                10:22:04.976              278.09866872              6674.368049               1665051724.977            0                         899                       2.6970399801E+00          2.6987342511E+00          2.3387926776E+03          2.3403603622E+03          5.7596519528E-02          6.9907167063E+02          4.0712598434E+01          -1.5848450787E+00         4.8842216492E+01          1.8311136031E+01          0.0000000000E+00          0.0000000000E+00          0.0000000000E+00          0.0000000000E+00          0.0000000000E+00          
2022-10-06                10:22:13.301              278.09876506              6674.370361               1665051733.301            4                         899                       2.7097045619E+00          2.7108465874E+00          2.3388747549E+03          2.3399265383E+03          3.8649542994E-02          6.9919013260E+02          4.0716934760E+01          -1.5974135857E+00         4.8842216492E+01          1.8298136313E+01          0.0000000000E+00          0.0000000000E+00          0.0000000000E+00          0.0000000000E+00          0.0000000000E+00          
2022-10-06                10:22:22.220              278.09886830              6674.372839               1665051742.221            4                         899                       2.7098250175E+00          2.7109671174E+00          2.3505104560E+03          2.3515674937E+03          3.8650340146E-02          6.9922196870E+02          4.0722167413E+01          -1.5944492927E+00         4.8842216492E+01          1.8269775517E+01          0.0000000000E+00          0.0000000000E+00          0.0000000000E+00          0.0000000000E+00          0.0000000000E+00          
2022-10-06                10:22:31.174              278.09897192              6674.375326               1665051751.174            4                         899                       2.7128281135E+00          2.7148108905E+00          2.3505978760E+03          2.3524310532E+03          6.7005092125E-02          6.9921625645E+02          4.0726763239E+01          -1.5730418788E+00         4.8842216492E+01          1.8262627949E+01          0.0000000000E+00          0.0000000000E+00          0.0000000000E+00          0.0000000000E+00          0.0000000000E+00          
2022-10-06                10:22:39.301              278.09906598              6674.377584               1665051759.301            4                         899                       2.7129397808E+00          2.7149226774E+00          2.3867056086E+03          2.3885669809E+03          6.7006371808E-02          6.9924504766E+02          4.0731608460E+01          -1.5894693152E+00         4.8829022995E+01          1.8246172659E+01          0.0000000000E+00          0.0000000000E+00          0.0000000000E+00          0.0000000000E+00          0.0000000000E+00          
2022-10-06                10:22:47.410              278.09915984              6674.379836               1665051767.410            4                         899                       2.7142388710E+00          2.7163133863E+00          2.3867875729E+03          2.3887340880E+03          7.0066474143E-02          6.9942333257E+02          4.0735852829E+01          -1.5724813457E+00         4.8842216492E+01          1.8237291361E+01          0.0000000000E+00          0.0000000000E+00          0.0000000000E+00          0.0000000000E+00          0.0000000000E+00          
2022-10-06                10:22:56.019              278.09925948              6674.382228               1665051776.019            4                         899                       2.7143507125E+00          2.7164253529E+00          2.4023157247E+03          2.4042749411E+03          7.0067813707E-02          6.9948592836E+02          4.0740703103E+01          -1.6134098484E+00         4.8842216492E+01          1.8210373683E+01          0.0000000000E+00          0.0000000000E+00          0.0000000000E+00          0.0000000000E+00          0.0000000000E+00          
2022-10-06                10:23:04.444              278.09935700              6674.384568               1665051784.445            4                         899                       2.7184006041E+00          2.7193898320E+00          2.4024074201E+03          2.4033402305E+03          3.3373243523E-02          6.9948109850E+02          4.0745420797E+01          -1.5807813335E+00         4.8842216492E+01          1.8194781272E+01          0.0000000000E+00          0.0000000000E+00          0.0000000000E+00          0.0000000000E+00          0.0000000000E+00          
2022-10-06                10:23:12.805              278.09945376              6674.386890               1665051792.805            4                         899                       2.7184976608E+00          2.7194869405E+00          2.4131258369E+03          2.4140628246E+03          3.3373796366E-02          6.9943842482E+02          4.0749623330E+01          -1.6060476745E+00         4.8842216492E+01          1.8172301968E+01          0.0000000000E+00          0.0000000000E+00          0.0000000000E+00          0.0000000000E+00          0.0000000000E+00          
2022-10-06                10:23:21.665              278.09955632              6674.389352               1665051801.666            4                         899                       2.7288708672E+00          2.7305211010E+00          2.4132177391E+03          2.4147748868E+03          5.5446410440E-02          6.9942312885E+02          4.0754330717E+01          -1.5970039368E+00         4.8842216492E+01          1.8162855224E+01          0.0000000000E+00          0.0000000000E+00          0.0000000000E+00          0.0000000000E+00          0.0000000000E+00          
2022-10-06                10:23:29.874              278.09965132              6674.391632               1665051809.874            4                         899                       2.7289790776E+00          2.7306294072E+00          2.4390328846E+03          2.4406067187E+03          5.5447430456E-02          6.9941020152E+02          4.0758997683E+01          -1.6365419295E+00         4.8842216492E+01          1.8147256194E+01          0.0000000000E+00          0.0000000000E+00          0.0000000000E+00          0.0000000000E+00          0.0000000000E+00          
2022-10-06                10:23:38.928              278.09975612              6674.394147               1665051818.929            4                         899                       2.7389930112E+00          2.7397094131E+00          2.4391318246E+03          2.4398125343E+03          2.3989751376E-02          6.9940322169E+02          4.0764012267E+01          -1.6312062440E+00         4.8842216492E+01          1.8111824225E+01          0.0000000000E+00          0.0000000000E+00          0.0000000000E+00          0.0000000000E+00          0.0000000000E+00          
2022-10-06                10:23:47.845              278.09985933              6674.396624               1665051827.846            4                         899                       2.7390995177E+00          2.7398159604E+00          2.4532392512E+03          2.4539239104E+03          2.3990184108E-02          6.9945143218E+02          4.0768588287E+01          -1.6002053812E+00         4.8842216492E+01          1.8103029314E+01          0.0000000000E+00          0.0000000000E+00          0.0000000000E+00          0.0000000000E+00          0.0000000000E+00          
2022-10-06                10:23:56.687              278.09996166              6674.399080               1665051836.687            4                         899                       2.7420161822E+00          2.7424372016E+00          2.4533287350E+03          2.4537306605E+03          1.4084418513E-02          6.9953720275E+02          4.0773097613E+01          -1.6116097029E+00         4.8842216492E+01          1.8091900945E+01          0.0000000000E+00          0.0000000000E+00          0.0000000000E+00          0.0000000000E+00          0.0000000000E+00          
2022-10-06                10:24:04.351              278.10005036              6674.401209               1665051844.351            4                         899                       2.7421255818E+00          2.7425466258E+00          2.4812626623E+03          2.4816691716E+03          1.4084679183E-02          6.9957080927E+02          4.0777792672E+01          -1.6294061040E+00         4.8842216492E+01          1.8075102118E+01          0.0000000000E+00          0.0000000000E+00          0.0000000000E+00          0.0000000000E+00          0.0000000000E+00          
2022-10-06                10:24:12.572              278.10014551              6674.403492               1665051852.572            4                         899                       2.7533701367E+00          2.7538704616E+00          2.4813546429E+03          2.4818357424E+03          1.6667946755E-02          6.9972365424E+02          4.0782375967E+01          -1.5991382204E+00         4.8842216492E+01          1.8049977688E+01          0.0000000000E+00          0.0000000000E+00          0.0000000000E+00          0.0000000000E+00          0.0000000000E+00          
2022-10-06                10:24:21.286              278.10024637              6674.405913               1665051861.286            4                         899                       2.7534800122E+00          2.7539803663E+00          2.4815779882E+03          2.4820591399E+03          1.6668255270E-02          6.9973002695E+02          4.0787071430E+01          -1.6176891572E+00         4.8842216492E+01          1.8021943819E+01          0.0000000000E+00          0.0000000000E+00          0.0000000000E+00          0.0000000000E+00          0.0000000000E+00          
2022-10-06                10:24:29.763              278.10034449              6674.408268               1665051869.764            4                         899                       2.7503120105E+00          2.7509964430E+00          2.4816691131E+03          2.4823280640E+03          2.2825175603E-02          6.9972594528E+02          4.0791611678E+01          -1.6276706868E+00         4.8842216492E+01          1.8009764614E+01          0.0000000000E+00          0.0000000000E+00          0.0000000000E+00          0.0000000000E+00          0.0000000000E+00          
2022-10-06                10:24:38.933              278.10045061              6674.410815               1665051878.933            4                         899                       2.7504287579E+00          2.7511132330E+00          2.5066013335E+03          2.5072669176E+03          2.2825625043E-02          6.9971606203E+02          4.0796606658E+01          -1.6755086152E+00         4.8842216492E+01          1.7990036844E+01          0.0000000000E+00          0.0000000000E+00          0.0000000000E+00          0.0000000000E+00          0.0000000000E+00          
2022-10-06                10:24:48.107              278.10055679              6674.413363               1665051888.107            4                         899                       2.7503648793E+00          2.7503299981E+00          2.5067004864E+03          2.5066665665E+03          -1.1635351368E-03         6.9965260487E+02          4.0801497958E+01          -1.6143260957E+00         4.8842216492E+01          1.7965544530E+01          0.0000000000E+00          0.0000000000E+00          0.0000000000E+00          0.0000000000E+00          0.0000000000E+00          
2022-10-06                10:24:56.147              278.10064985              6674.415596               1665051896.147            4                         899                       2.7504676816E+00          2.7504327985E+00          2.5066734118E+03          2.5066394916E+03          -1.1635553112E-03         6.9959294846E+02          4.0805896330E+01          -1.5994724027E+00         4.8842216492E+01          1.7958878852E+01          0.0000000000E+00          0.0000000000E+00          0.0000000000E+00          0.0000000000E+00          0.0000000000E+00          
2022-10-06                10:25:04.789              278.10074988              6674.417997               1665051904.790            4                         899                       2.7500556635E+00          2.7513410301E+00          2.5067637369E+03          2.5080138973E+03          4.2860386581E-02          6.9960327957E+02          4.0810352098E+01          -1.6116204791E+00         4.8842216492E+01          1.7936191774E+01          0.0000000000E+00          0.0000000000E+00          0.0000000000E+00          0.0000000000E+00          0.0000000000E+00          
2022-10-06                10:25:13.227              278.10084755              6674.420341               1665051913.228            4                         899                       2.7501652199E+00          2.7514506615E+00          2.4885371038E+03          2.4897781973E+03          4.2861178676E-02          6.9962279020E+02          4.0815040083E+01          -1.6666050147E+00         4.8842216492E+01          1.7911794940E+01          0.0000000000E+00          0.0000000000E+00          0.0000000000E+00          0.0000000000E+00          0.0000000000E+00          
2022-10-06                10:25:21.516              278.10094348              6674.422644               1665051921.517            4                         899                       2.7443892564E+00          2.7457736355E+00          2.4886287761E+03          2.4899682595E+03          4.6255545927E-02          6.9964739384E+02          4.0819595084E+01          -1.6259352206E+00         4.8842216492E+01          1.7891475677E+01          0.0000000000E+00          0.0000000000E+00          0.0000000000E+00          0.0000000000E+00          0.0000000000E+00          
2022-10-06                10:25:30.042              278.10104216              6674.425012               1665051930.043            4                         899                       2.7444913659E+00          2.7458758204E+00          2.5121956018E+03          2.5135477932E+03          4.6256344393E-02          6.9952861094E+02          4.0823973851E+01          -1.6044631383E+00         4.8842216492E+01          1.7864636592E+01          0.0000000000E+00          0.0000000000E+00          0.0000000000E+00          0.0000000000E+00          0.0000000000E+00          
2022-10-06                10:25:38.506              278.10114013              6674.427363               1665051938.507            4                         899                       2.7464981097E+00          2.7467620898E+00          2.5122986765E+03          2.5125563199E+03          8.8170562604E-03          6.9950994671E+02          4.0829047651E+01          -1.6577768823E+00         4.8842216492E+01          1.7829769956E+01          0.0000000000E+00          0.0000000000E+00          0.0000000000E+00          0.0000000000E+00          0.0000000000E+00          
2022-10-06                10:25:46.878              278.10123703              6674.429689               1665051946.879            4                         899                       2.7465958692E+00          2.7468598631E+00          2.5295282869E+03          2.5297877016E+03          8.8172018666E-03          6.9950248546E+02          4.0833236644E+01          -1.6205025446E+00         4.8842216492E+01          1.7830707424E+01          0.0000000000E+00          0.0000000000E+00          0.0000000000E+00          0.0000000000E+00          0.0000000000E+00          
2022-10-06                10:25:54.720              278.10132779              6674.431867               1665051954.721            4                         899                       2.7450189596E+00          2.7459882859E+00          2.5296167221E+03          2.5305698317E+03          3.2385066122E-02          6.9948659975E+02          4.0837560237E+01          -1.6248681001E+00         4.8842216492E+01          1.7815227092E+01          0.0000000000E+00          0.0000000000E+00          0.0000000000E+00          0.0000000000E+00          0.0000000000E+00          
2022-10-06                10:26:03.059              278.10142429              6674.434183               1665051963.059            4                         899                       2.7451168889E+00          2.7460862657E+00          2.5276535746E+03          2.5286059603E+03          3.2385602179E-02          6.9943065396E+02          4.0841758930E+01          -1.6233805521E+00         4.8842216492E+01          1.7788640925E+01          0.0000000000E+00          0.0000000000E+00          0.0000000000E+00          0.0000000000E+00          0.0000000000E+00          
2022-10-06                10:26:11.188              278.10151839              6674.436441               1665051971.189            4                         899                       2.7433731699E+00          2.7449079023E+00          2.5277375244E+03          2.5292463853E+03          5.1295393788E-02          6.9941701401E+02          4.0845866273E+01          -1.6360891915E+00         4.8842216492E+01          1.7762171335E+01          0.0000000000E+00          0.0000000000E+00          0.0000000000E+00          0.0000000000E+00          0.0000000000E+00          
2022-10-06                10:26:20.111              278.10162167              6674.438920               1665051980.112            4                         899                       2.7434850795E+00          2.7450199035E+00          2.4803747495E+03          2.4818553667E+03          5.1296364708E-02          6.9934220351E+02          4.0850667436E+01          -1.6197587544E+00         4.8842216492E+01          1.7735933013E+01          0.0000000000E+00          0.0000000000E+00          0.0000000000E+00          0.0000000000E+00          0.0000000000E+00          
2022-10-06                10:26:29.187              278.10172671              6674.441441               1665051989.188            4                         899                       2.7465164215E+00          2.7484227040E+00          2.4804810597E+03          2.4823180818E+03          6.3632242909E-02          6.9929193196E+02          4.0855967389E+01          -1.6285114296E+00         4.8842216492E+01          1.7714655781E+01          0.0000000000E+00          0.0000000000E+00          0.0000000000E+00          0.0000000000E+00          0.0000000000E+00          
2022-10-06                10:26:37.121              278.10181853              6674.443645               1665051997.121            4                         899                       2.7466139065E+00          2.7485202881E+00          2.4942224527E+03          2.4960696820E+03          6.3633290895E-02          6.9925914315E+02          4.0860144861E+01          -1.6222056316E+00         4.8842216492E+01          1.7697467476E+01          0.0000000000E+00          0.0000000000E+00          0.0000000000E+00          0.0000000000E+00          0.0000000000E+00          
2022-10-06                10:26:45.328              278.10191353              6674.445925               1665052005.329            4                         899                       2.7513373628E+00          2.7530606418E+00          2.4943079825E+03          2.4959749735E+03          5.7426626916E-02          6.9927919097E+02          4.0864385390E+01          -1.6540257362E+00         4.8842216492E+01          1.7650127992E+01          0.0000000000E+00          0.0000000000E+00          0.0000000000E+00          0.0000000000E+00          0.0000000000E+00          
2022-10-06                10:26:54.111              278.10201517              6674.448364               1665052014.111            4                         899                       2.7514533032E+00          2.7531766884E+00          2.5100290982E+03          2.5117066287E+03          5.7427749746E-02          6.9928482965E+02          4.0869344800E+01          -1.6570115697E+00         4.8842216492E+01          1.7643834701E+01          0.0000000000E+00          0.0000000000E+00          0.0000000000E+00          0.0000000000E+00          0.0000000000E+00          
2022-10-06                10:27:02.946              278.10211743              6674.450818               1665052022.946            4                         899                       2.7551261631E+00          2.7556531142E+00          2.5101106321E+03          2.5106228804E+03          1.7543622559E-02          6.9929532770E+02          4.0873362004E+01          -1.6419638553E+00         4.8842216492E+01          1.7614884901E+01          0.0000000000E+00          0.0000000000E+00          0.0000000000E+00          0.0000000000E+00          0.0000000000E+00          
2022-10-06                10:27:11.936              278.10222148              6674.453316               1665052031.936            4                         899                       2.7552447502E+00          2.7557717345E+00          2.5079392916E+03          2.5084511070E+03          1.7543972923E-02          6.9928541656E+02          4.0878427518E+01          -1.6321655978E+00         4.8842216492E+01          1.7589245840E+01          0.0000000000E+00          0.0000000000E+00          0.0000000000E+00          0.0000000000E+00          0.0000000000E+00          
2022-10-06                10:27:20.743              278.10232343              6674.455762               1665052040.744            4                         899                       2.7564436631E+00          2.7572515371E+00          2.5080333185E+03          2.5088176318E+03          2.6880711170E-02          6.9926519654E+02          4.0883064169E+01          -1.6268837989E+00         4.8842216492E+01          1.7562904876E+01          0.0000000000E+00          0.0000000000E+00          0.0000000000E+00          0.0000000000E+00          0.0000000000E+00          
2022-10-06                10:27:29.426              278.10242391              6674.458174               1665052049.426            4                         899                       2.7565553522E+00          2.7573632742E+00          2.5139471597E+03          2.5147333371E+03          2.6881216548E-02          6.9921936480E+02          4.0887832793E+01          -1.6643090461E+00         4.8842216492E+01          1.7522519863E+01          0.0000000000E+00          0.0000000000E+00          0.0000000000E+00          0.0000000000E+00          0.0000000000E+00          
2022-10-06                10:27:37.568              278.10251815              6674.460436               1665052057.568            4                         899                       2.7507843752E+00          2.7519959795E+00          2.5140355041E+03          2.5152170257E+03          4.0391175674E-02          6.9916520398E+02          4.0892179022E+01          -1.6230895259E+00         4.8842216492E+01          1.7516145150E+01          0.0000000000E+00          0.0000000000E+00          0.0000000000E+00          0.0000000000E+00          0.0000000000E+00          
2022-10-06                10:27:45.773              278.10261311              6674.462715               1665052065.773            4                         899                       2.7508745595E+00          2.7520862219E+00          2.5296507407E+03          2.5308396191E+03          4.0391790173E-02          6.9944923330E+02          4.0896037778E+01          -1.6833450613E+00         4.8842216492E+01          1.7483331554E+01          0.0000000000E+00          0.0000000000E+00          0.0000000000E+00          0.0000000000E+00          0.0000000000E+00          
2022-10-06                10:27:53.335              278.10270065              6674.464816               1665052073.336            4                         899                       2.7615733228E+00          2.7621800732E+00          2.5297392136E+03          2.5303322603E+03          2.0152624276E-02          6.9953811181E+02          4.0900363594E+01          -1.6310014322E+00         4.8842216492E+01          1.7455961215E+01          0.0000000000E+00          0.0000000000E+00          0.0000000000E+00          0.0000000000E+00          0.0000000000E+00          
2022-10-06                10:28:01.667              278.10279707              6674.467130               1665052081.667            4                         899                       2.7616861282E+00          2.7622929149E+00          2.5310074546E+03          2.5316008098E+03          2.0153006238E-02          6.9956843052E+02          4.0905170820E+01          -1.7113924642E+00         4.8842216492E+01          1.7410916120E+01          0.0000000000E+00          0.0000000000E+00          0.0000000000E+00          0.0000000000E+00          0.0000000000E+00          
2022-10-06                10:28:10.125              278.10289497              6674.469479               1665052090.125            4                         899                       2.7601228030E+00          2.7613562548E+00          2.5310968506E+03          2.5323037436E+03          4.0980123794E-02          6.9968799273E+02          4.0909539482E+01          -1.6703453774E+00         4.8842216492E+01          1.7394073979E+01          0.0000000000E+00          0.0000000000E+00          0.0000000000E+00          0.0000000000E+00          0.0000000000E+00          
2022-10-06                10:28:18.638              278.10299351              6674.471844               1665052098.639            4                         899                       2.7602291504E+00          2.7614626719E+00          2.5491913596E+03          2.5504069023E+03          4.0980856467E-02          6.9977807415E+02          4.0914074070E+01          -1.6735144514E+00         4.8842216492E+01          1.7363609693E+01          0.0000000000E+00          0.0000000000E+00          0.0000000000E+00          0.0000000000E+00          0.0000000000E+00          
2022-10-06                10:28:27.565              278.10309683              6674.474324               1665052107.566            4                         899                       2.7636654239E+00          2.7650328218E+00          2.5492825398E+03          2.5506283847E+03          4.5369931729E-02          6.9981443291E+02          4.0918498513E+01          -1.6544568894E+00         4.8842216492E+01          1.7329876300E+01          0.0000000000E+00          0.0000000000E+00          0.0000000000E+00          0.0000000000E+00          0.0000000000E+00          
2022-10-06                10:28:36.864              278.10320444              6674.476907               1665052116.864            4                         899                       2.7637882606E+00          2.7651557475E+00          2.5494016872E+03          2.5507476228E+03          4.5370867447E-02          6.9983159552E+02          4.0923729347E+01          -1.6645569841E+00         4.8842216492E+01          1.7297725905E+01          0.0000000000E+00          0.0000000000E+00          0.0000000000E+00          0.0000000000E+00          0.0000000000E+00          
2022-10-06                10:28:44.763              278.10329588              6674.479101               1665052124.764            4                         899                       2.7645599002E+00          2.7648559516E+00          2.5494884595E+03          2.5497797663E+03          9.8235439662E-03          6.9983670994E+02          4.0927939560E+01          -1.7143567161E+00         4.8842216492E+01          1.7273333758E+01          0.0000000000E+00          0.0000000000E+00          0.0000000000E+00          0.0000000000E+00          0.0000000000E+00          
2022-10-06                10:28:52.753              278.10338836              6674.481321               1665052132.754            4                         899                       2.7646571194E+00          2.7649531861E+00          2.5554659136E+03          2.5557579082E+03          9.8237042686E-03          6.9978877147E+02          4.0932078229E+01          -1.6976598028E+00         4.8842216492E+01          1.7224801701E+01          0.0000000000E+00          0.0000000000E+00          0.0000000000E+00          0.0000000000E+00          0.0000000000E+00          
2022-10-06                10:29:01.596              278.10349071              6674.483777               1665052141.597            4                         899                       2.7631552133E+00          2.7642659069E+00          2.5555598245E+03          2.5566558987E+03          3.6862770023E-02          6.9980825583E+02          4.0936624135E+01          -1.7006887371E+00         4.8842216492E+01          1.7198327601E+01          0.0000000000E+00          0.0000000000E+00          0.0000000000E+00          0.0000000000E+00          0.0000000000E+00          
2022-10-06                10:29:11.019              278.10359977              6674.486394               1665052151.020            4                         899                       2.7632662251E+00          2.7643769841E+00          2.5536849125E+03          2.5547802030E+03          3.6863457281E-02          6.9976036708E+02          4.0941352541E+01          -1.7254808217E+00         4.8842216492E+01          1.7156230169E+01          0.0000000000E+00          0.0000000000E+00          0.0000000000E+00          0.0000000000E+00          0.0000000000E+00          
2022-10-06                10:29:19.710              278.10370036              6674.488809               1665052159.711            4                         899                       2.7556532606E+00          2.7567374766E+00          2.5537793718E+03          2.5548514817E+03          3.6082276818E-02          6.9986836697E+02          4.0945928157E+01          -1.6996755024E+00         4.8842216492E+01          1.7135133769E+01          0.0000000000E+00          0.0000000000E+00          0.0000000000E+00          0.0000000000E+00          0.0000000000E+00          
2022-10-06                10:29:27.160              278.10378657              6674.490878               1665052167.160            4                         899                       2.7557492808E+00          2.7568335522E+00          2.5365277473E+03          2.5375926320E+03          3.6082860341E-02          6.9990753133E+02          4.0950029638E+01          -1.7035128676E+00         4.8842216492E+01          1.7082652490E+01          0.0000000000E+00          0.0000000000E+00          0.0000000000E+00          0.0000000000E+00          0.0000000000E+00          
2022-10-06                10:29:35.046              278.10387786              6674.493069               1665052175.047            4                         899                       2.7612123370E+00          2.7623517802E+00          2.5366107936E+03          2.5377276875E+03          3.7843143886E-02          6.9984484297E+02          4.0954079382E+01          -1.6903191805E+00         4.8842216492E+01          1.7056901161E+01          0.0000000000E+00          0.0000000000E+00          0.0000000000E+00          0.0000000000E+00          0.0000000000E+00          
2022-10-06                10:29:42.920              278.10396898              6674.495256               1665052182.920            4                         899                       2.7613148807E+00          2.7624543859E+00          2.5432122815E+03          2.5443321014E+03          3.7843796122E-02          6.9977606322E+02          4.0958450469E+01          -1.7511568006E+00         4.8842216492E+01          1.7018690703E+01          0.0000000000E+00          0.0000000000E+00          0.0000000000E+00          0.0000000000E+00          0.0000000000E+00          
2022-10-06                10:29:51.499              278.10406828              6674.497639               1665052191.499            4                         899                       2.7621761603E+00          2.7625895484E+00          2.5433035672E+03          2.5437096946E+03          1.3728246063E-02          6.9969374984E+02          4.0962890676E+01          -1.6984574716E+00         4.8842216492E+01          1.6985247757E+01          0.0000000000E+00          0.0000000000E+00          0.0000000000E+00          0.0000000000E+00          0.0000000000E+00          
2022-10-06                10:30:00.371              278.10417097              6674.500103               1665052200.372            4                         899                       2.7622790187E+00          2.7626924293E+00          2.5163725246E+03          2.5167743585E+03          1.3728483321E-02          6.9964953492E+02          4.0967273687E+01          -1.7137962043E+00         4.8842216492E+01          1.6942663685E+01          0.0000000000E+00          0.0000000000E+00          0.0000000000E+00          0.0000000000E+00          0.0000000000E+00          
2022-10-06                10:30:08.585              278.10426603              6674.502385               1665052208.585            4                         899                       2.7606427871E+00          2.7619883494E+00          2.5164568239E+03          2.5177655551E+03          4.4694643054E-02          6.9977345407E+02          4.0971417408E+01          -1.7368743728E+00         4.8842216492E+01          1.6909149574E+01          0.0000000000E+00          0.0000000000E+00          0.0000000000E+00          0.0000000000E+00          0.0000000000E+00          
2022-10-06                10:30:16.881              278.10436206              6674.504689               1665052216.882            4                         899                       2.7607512629E+00          2.7620969027E+00          2.5452273358E+03          2.5465510538E+03          4.4695458169E-02          6.9980155531E+02          4.0976042539E+01          -1.7403991672E+00         4.8842216492E+01          1.6849066096E+01          0.0000000000E+00          0.0000000000E+00          0.0000000000E+00          0.0000000000E+00          0.0000000000E+00          
2022-10-06                10:30:25.790              278.10446517              6674.507164               1665052225.791            4                         899                       2.7650142336E+00          2.7665303852E+00          2.5453179193E+03          2.5468071310E+03          5.0278310382E-02          6.9974065111E+02          4.0980445154E+01          -1.7144537335E+00         4.8842216492E+01          1.6797939035E+01          0.0000000000E+00          0.0000000000E+00          0.0000000000E+00          0.0000000000E+00          0.0000000000E+00          
2022-10-06                10:30:33.888              278.10455890              6674.509414               1665052233.889            4                         899                       2.7651267828E+00          2.7666430247E+00          2.5454489639E+03          2.5469382804E+03          5.0279260238E-02          6.9990864937E+02          4.0985236212E+01          -1.7548217071E+00         4.8842216492E+01          1.6758446422E+01          0.0000000000E+00          0.0000000000E+00          0.0000000000E+00          0.0000000000E+00          0.0000000000E+00          
2022-10-06                10:30:42.461              278.10465812              6674.511795               1665052242.462            4                         899                       2.7664106688E+00          2.7678781433E+00          2.5455406624E+03          2.5469814587E+03          4.8640394529E-02          7.0012270815E+02          4.0989692789E+01          -1.7455408265E+00         4.8842216492E+01          1.6740593146E+01          0.0000000000E+00          0.0000000000E+00          0.0000000000E+00          0.0000000000E+00          0.0000000000E+00          
2022-10-06                10:30:51.471              278.10476241              6674.514298               1665052251.472            4                         899                       2.7665223574E+00          2.7679899187E+00          2.5588792536E+03          2.5603276268E+03          4.8641305974E-02          7.0028046463E+02          4.0994444841E+01          -1.7246184823E+00         4.8842216492E+01          1.6687041251E+01          0.0000000000E+00          0.0000000000E+00          0.0000000000E+00          0.0000000000E+00          0.0000000000E+00          
2022-10-06                10:31:00.513              278.10486706              6674.516809               1665052260.514            4                         899                       2.7714555581E+00          2.7728636986E+00          2.5589730245E+03          2.5603603290E+03          4.6589813162E-02          7.0031544101E+02          4.0998978419E+01          -1.7619143835E+00         4.8842216492E+01          1.6622013332E+01          0.0000000000E+00          0.0000000000E+00          0.0000000000E+00          0.0000000000E+00          0.0000000000E+00          
2022-10-06                10:31:09.233              278.10496799              6674.519232               1665052269.234            4                         899                       2.7715648613E+00          2.7729730831E+00          2.5485080717E+03          2.5498897280E+03          4.6590665958E-02          7.0036632654E+02          4.1003620325E+01          -1.7585297333E+00         4.8842216492E+01          1.6567846210E+01          0.0000000000E+00          0.0000000000E+00          0.0000000000E+00          0.0000000000E+00          0.0000000000E+00          
2022-10-06                10:31:17.907              278.10506837              6674.521641               1665052277.907            4                         899                       2.7615999117E+00          2.7620067446E+00          2.5486034315E+03          2.5490040354E+03          1.3513408733E-02          7.0047332562E+02          4.1008249295E+01          -1.7610736067E+00         4.8842216492E+01          1.6520606818E+01          0.0000000000E+00          0.0000000000E+00          0.0000000000E+00          0.0000000000E+00          0.0000000000E+00          
2022-10-06                10:31:27.267              278.10517671              6674.524241               1665052287.268            4                         899                       2.7617171267E+00          2.7621239849E+00          2.5633754518E+03          2.5637783855E+03          1.3513674981E-02          7.0049714267E+02          4.1013245690E+01          -1.7595429799E+00         4.8842216492E+01          1.6469401821E+01          0.0000000000E+00          0.0000000000E+00          0.0000000000E+00          0.0000000000E+00          0.0000000000E+00          
2022-10-06                10:31:35.829              278.10527581              6674.526619               1665052295.830            4                         899                       2.7411960099E+00          2.7416162302E+00          2.5634653495E+03          2.5638846468E+03          1.4061896173E-02          7.0053860858E+02          4.1017584643E+01          -1.7778998834E+00         4.8842216492E+01          1.6414192819E+01          0.0000000000E+00          0.0000000000E+00          0.0000000000E+00          0.0000000000E+00          0.0000000000E+00          
2022-10-06                10:31:43.635              278.10536616              6674.528788               1665052303.636            4                         899                       2.7413012316E+00          2.7417214756E+00          2.4916418622E+03          2.4920494189E+03          1.4062146805E-02          7.0052588214E+02          4.1022104478E+01          -1.8020452277E+00         4.8866954298E+01          1.6353543149E+01          0.0000000000E+00          0.0000000000E+00          0.0000000000E+00          0.0000000000E+00          0.0000000000E+00          
2022-10-06                10:31:52.367              278.10546721              6674.531213               1665052312.367            4                         899                       2.7158203869E+00          2.7171873157E+00          2.4917310267E+03          2.4930692046E+03          4.6152987182E-02          7.0049463982E+02          4.1026530942E+01          -1.7658703493E+00         4.8972502273E+01          1.6292045164E+01          0.0000000000E+00          0.0000000000E+00          0.0000000000E+00          0.0000000000E+00          0.0000000000E+00          
2022-10-06                10:32:01.447              278.10557231              6674.533736               1665052321.448            4                         899                       2.7159171518E+00          2.7172841519E+00          2.4595416979E+03          2.4608626105E+03          4.6153751019E-02          7.0058965984E+02          4.1030727816E+01          -1.7859519191E+00         4.9013731950E+01          1.6211017482E+01          0.0000000000E+00          0.0000000000E+00          0.0000000000E+00          0.0000000000E+00          0.0000000000E+00          
2022-10-06                10:32:09.835              278.10566939              6674.536065               1665052329.835            4                         899                       2.6910509174E+00          2.6914020179E+00          2.4596355471E+03          2.4599779499E+03          1.1968132619E-02          7.0068399149E+02          4.1035447329E+01          -1.7858441413E+00         4.9091243744E+01          1.6160682299E+01          0.0000000000E+00          0.0000000000E+00          0.0000000000E+00          0.0000000000E+00          0.0000000000E+00          
2022-10-06                10:32:17.551              278.10575869              6674.538209               1665052337.551            4                         899                       2.6911465126E+00          2.6914976314E+00          2.3937054419E+03          2.3940386722E+03          1.1968330171E-02          7.0072227791E+02          4.1039633088E+01          -1.7860489326E+00         4.9091243744E+01          1.6096174177E+01          0.0000000000E+00          0.0000000000E+00          0.0000000000E+00          0.0000000000E+00          0.0000000000E+00          
2022-10-06                10:32:25.779              278.10585394              6674.540494               1665052345.780            4                         899                       2.6856256021E+00          2.6861327043E+00          2.3937772677E+03          2.3942595402E+03          1.7319747440E-02          7.0071287324E+02          4.1043343702E+01          -1.7888946352E+00         4.9091243744E+01          1.6003160306E+01          0.0000000000E+00          0.0000000000E+00          0.0000000000E+00          0.0000000000E+00          0.0000000000E+00          
2022-10-06                10:32:33.335              278.10594139              6674.542593               1665052353.336            4                         899                       2.6857294756E+00          2.6862366065E+00          2.3273757288E+03          2.3278446319E+03          1.7320058745E-02          7.0073276141E+02          4.1047901533E+01          -1.7866094499E+00         4.9091243744E+01          1.5944660187E+01          0.0000000000E+00          0.0000000000E+00          0.0000000000E+00          0.0000000000E+00          0.0000000000E+00          
2022-10-06                10:32:40.812              278.10602792              6674.544670               1665052360.812            4                         899                       2.6779484091E+00          2.6792031914E+00          2.3274471597E+03          2.3286107842E+03          4.2967119942E-02          7.0074747573E+02          4.1051696019E+01          -1.8154329433E+00         4.9091243744E+01          1.5850539460E+01          0.0000000000E+00          0.0000000000E+00          0.0000000000E+00          0.0000000000E+00          0.0000000000E+00          
2022-10-06                10:32:50.848              278.10614407              6674.547458               1665052370.848            4                         899                       2.6780640506E+00          2.6793189123E+00          2.2848584816E+03          2.2860008365E+03          4.2967982308E-02          7.0075052628E+02          4.1056785381E+01          -1.8377350371E+00         4.9091243744E+01          1.5716772686E+01          0.0000000000E+00          0.0000000000E+00          0.0000000000E+00          0.0000000000E+00          0.0000000000E+00          
2022-10-06                10:32:59.493              278.10624413              6674.549859               1665052379.493            4                         899                       2.6711406730E+00          2.6728534614E+00          2.2849425765E+03          2.2865059189E+03          5.8789810193E-02          7.0073822304E+02          4.1061335128E+01          -1.8520497621E+00         4.9091243744E+01          1.5590790528E+01          0.0000000000E+00          0.0000000000E+00          0.0000000000E+00          0.0000000000E+00          0.0000000000E+00          
2022-10-06                10:33:08.104              278.10634380              6674.552251               1665052388.104            4                         899                       2.6712436868E+00          2.6729565720E+00          2.2434576796E+03          2.2449926659E+03          5.8790864097E-02          7.0063485213E+02          4.1065880832E+01          -1.8820374201E+00         4.9091243744E+01          1.5420655257E+01          0.0000000000E+00          0.0000000000E+00          0.0000000000E+00          0.0000000000E+00          0.0000000000E+00          
2022-10-06                10:33:15.842              278.10643337              6674.554401               1665052395.843            4                         899                       2.6698890529E+00          2.6710478607E+00          2.2435189818E+03          2.2445579776E+03          3.9801849122E-02          7.0060026540E+02          4.1069258178E+01          -1.8745350980E+00         4.9091243744E+01          1.5183896235E+01          0.0000000000E+00          0.0000000000E+00          0.0000000000E+00          0.0000000000E+00          0.0000000000E+00          
