SN:3K60180500001584 BD:Jul 23 2018 VC:834b9c1 MD5:48f99e4865ed8b810be1bb0eaaabf929
SysTime,                      Time,         Batt_v,      Batt_v_sd,   BATT_PERCENT,BATT_PERCENT_sd,      [CH4]_ppm,   [CH4]_ppm_sd,      [H2O]_ppm,   [H2O]_ppm_sd,      [CO2]_ppm,   [CO2]_ppm_sd,     [CH4]d_ppm,  [CH4]d_ppm_sd,     [CO2]d_ppm,  [CO2]d_ppm_sd,      GasP_torr,   GasP_torr_sd,         GasT_C,      GasT_C_sd,         AmbT_C,      AmbT_C_sd,         RD0_us,      RD0_us_sd,         RD1_us,      RD1_us_sd, Temp_Status_mA,Temp_Status_mA_sd,Analyzer_Status_mA,Analyzer_Status_mA_sd,       Fit_Flag,      MIU_VALVE,       MIU_DESC
04/05/2022 13:27:33.349, 04/05/2022 13:27:33.294, 4.15898e+0, 0.00000e+0, -2.11386e+2, 0.00000e+0, 1.87353e+0, 0.00000e+0, 3.45536e+3, 0.00000e+0, 5.23242e+2, 0.00000e+0, 9.40011e-1, 0.00000e+0, 2.62528e+2, 0.00000e+0, 4.99719e+2, 0.00000e+0, 1.97864e+1, 0.00000e+0, 2.10890e+1, 0.00000e+0, 2.77804e+0, 0.00000e+0, 2.75454e+0, 0.00000e+0, 2.00000e+1, 0.00000e+0, 2.00000e+1, 0.00000e+0, 2, 1, 
04/05/2022 13:27:43.296, 04/05/2022 13:27:43.238, 4.15902e+0, 7.60069e-5, 9.80690e+1, 1.13106e-2, 1.87167e+0, 2.55544e-3, 3.57910e+3, 1.22711e+2, 5.45688e+2, 1.34112e+1, 1.87839e+0, 2.73820e-3, 5.47648e+2, 1.34337e+1, 4.99614e+2, 3.54175e-1, 1.97943e+1, 3.75818e-3, 2.11866e+1, 3.61099e-2, 2.77774e+0, 7.46779e-4, 2.75435e+0, 8.46913e-4, 2.00000e+1, 0.00000e+0, 2.00000e+1, 0.00000e+0, 2, 1, 
04/05/2022 13:27:53.263, 04/05/2022 13:27:53.184, 4.15917e+0, 6.00500e-5, 9.80910e+1, 8.93601e-3, 1.87089e+0, 1.67645e-3, 3.43509e+3, 1.44077e+2, 5.20323e+2, 9.20899e+0, 1.87734e+0, 1.58977e-3, 5.22117e+2, 9.25386e+0, 4.99744e+2, 3.88074e-1, 1.98066e+1, 1.10088e-2, 2.12962e+1, 2.98550e-2, 2.77707e+0, 4.12994e-4, 2.75376e+0, 6.12612e-4, 2.00000e+1, 0.00000e+0, 2.00000e+1, 0.00000e+0, 3, 1, 
04/05/2022 13:28:03.184, 04/05/2022 13:28:03.129, 4.08025e+0, 1.76627e-1, 8.63466e+1, 2.62837e+1, 1.87119e+0, 3.21233e-3, 3.40375e+3, 1.45747e+2, 5.13581e+2, 4.99853e+0, 1.87758e+0, 3.24959e-3, 5.15335e+2, 5.02917e+0, 4.99895e+2, 4.01466e-1, 1.98304e+1, 1.28939e-2, 2.14079e+1, 3.46081e-2, 2.77694e+0, 5.58044e-4, 2.75330e+0, 5.33591e-4, 2.00000e+1, 0.00000e+0, 2.00000e+1, 0.00000e+0, 3, 1, 
04/05/2022 13:28:13.130, 04/05/2022 13:28:13.075, 3.58943e+0, 1.97528e-2, 1.33075e+1, 2.93940e+0, 1.87319e+0, 2.91994e-3, 3.38579e+3, 1.09119e+2, 5.17611e+2, 8.60361e+0, 1.87955e+0, 3.06802e-3, 5.19368e+2, 8.58981e+0, 4.99668e+2, 2.78411e-1, 1.98451e+1, 9.26583e-3, 2.15472e+1, 3.62158e-2, 2.77718e+0, 7.90704e-4, 2.75371e+0, 4.15667e-4, 2.00000e+1, 0.00000e+0, 2.00000e+1, 0.00000e+0, 3, 1, 
04/05/2022 13:28:23.079, 04/05/2022 13:28:23.020, 3.53752e+0, 1.28775e-2, 5.58308e+0, 1.91629e+0, 1.87197e+0, 3.04708e-3, 3.51771e+3, 9.92514e+1, 5.04698e+2, 1.41343e+1, 1.87858e+0, 3.16544e-3, 5.06480e+2, 1.41740e+1, 4.99758e+2, 2.89760e-1, 1.98485e+1, 9.79219e-3, 2.16647e+1, 4.48313e-2, 2.77652e+0, 7.00816e-4, 2.75327e+0, 6.39509e-4, 2.00000e+1, 0.00000e+0, 2.00000e+1, 0.00000e+0, 3, 2, 
04/05/2022 13:28:33.024, 04/05/2022 13:28:32.972, 3.49728e+0, 1.20319e-2, -4.05333e-1, 1.79046e+0, 1.87259e+0, 3.01160e-3, 3.58025e+3, 1.85665e+2, 9.18214e+2, 1.22897e+2, 1.87932e+0, 3.04102e-3, 9.21518e+2, 1.23372e+2, 4.99572e+2, 4.97191e-1, 1.98650e+1, 4.30722e-3, 2.17667e+1, 3.55736e-2, 2.77538e+0, 6.96752e-4, 2.75259e+0, 3.01606e-4, 2.00000e+1, 0.00000e+0, 2.00000e+1, 0.00000e+0, 3, 2, 
04/05/2022 13:28:42.975, 04/05/2022 13:28:42.918, 3.45037e+0, 1.70479e-2, -7.38541e+0, 2.53689e+0, 1.87345e+0, 2.02488e-3, 3.64735e+3, 6.60665e+1, 6.33685e+2, 4.79380e+1, 1.88031e+0, 2.13301e-3, 6.36005e+2, 4.81227e+1, 4.99638e+2, 3.98353e-2, 1.98769e+1, 1.37756e-2, 2.18947e+1, 4.55552e-2, 2.77613e+0, 5.82887e-4, 2.75317e+0, 3.81578e-4, 2.00000e+1, 0.00000e+0, 2.00000e+1, 0.00000e+0, 3, 2, 
