SN:3K60180500001584 BD:Jul 23 2018 VC:834b9c1 MD5:48f99e4865ed8b810be1bb0eaaabf929
SysTime,                      Time,         Batt_v,      Batt_v_sd,   BATT_PERCENT,BATT_PERCENT_sd,      [CH4]_ppm,   [CH4]_ppm_sd,      [H2O]_ppm,   [H2O]_ppm_sd,      [CO2]_ppm,   [CO2]_ppm_sd,     [CH4]d_ppm,  [CH4]d_ppm_sd,     [CO2]d_ppm,  [CO2]d_ppm_sd,      GasP_torr,   GasP_torr_sd,         GasT_C,      GasT_C_sd,         AmbT_C,      AmbT_C_sd,         RD0_us,      RD0_us_sd,         RD1_us,      RD1_us_sd, Temp_Status_mA,Temp_Status_mA_sd,Analyzer_Status_mA,Analyzer_Status_mA_sd,       Fit_Flag,      MIU_VALVE,       MIU_DESC
03/23/2022 10:57:05.355, 03/23/2022 10:57:05.299, 4.15703e+0, 0.00000e+0, -2.11531e+2, 0.00000e+0, 1.74668e+0, 0.00000e+0, 1.91030e+4, 0.00000e+0, 3.77733e+2, 0.00000e+0, 8.90349e-1, 0.00000e+0, 1.92545e+2, 0.00000e+0, 4.99133e+2, 0.00000e+0, 2.70172e+1, 0.00000e+0, 2.88486e+1, 0.00000e+0, 2.77757e+0, 0.00000e+0, 2.75061e+0, 0.00000e+0, 2.00000e+1, 0.00000e+0, 1.65000e+1, 0.00000e+0, 2, 1, 
03/23/2022 10:57:15.314, 03/23/2022 10:57:15.251, 4.15704e+0, 9.55207e-5, 9.77742e+1, 1.42144e-2, 1.75722e+0, 1.41542e-3, 2.19960e+4, 1.94530e+2, 3.83917e+2, 7.46864e-1, 1.79674e+0, 1.30021e-3, 3.92551e+2, 7.59883e-1, 4.99517e+2, 5.23509e-1, 2.70210e+1, 5.43920e-3, 2.89156e+1, 3.08211e-2, 2.77703e+0, 6.12218e-4, 2.75020e+0, 3.62500e-4, 2.00000e+1, 0.00000e+0, 1.37000e+1, 2.21359e+0, 2, 1, 
03/23/2022 10:57:25.260, 03/23/2022 10:57:25.196, 4.15711e+0, 5.28101e-5, 9.77839e+1, 7.85864e-3, 1.75472e+0, 2.28636e-3, 2.22072e+4, 1.38088e+2, 3.82591e+2, 1.01674e+0, 1.79458e+0, 2.34556e-3, 3.91280e+2, 1.00355e+0, 4.99539e+2, 5.98392e-1, 2.70319e+1, 6.24583e-3, 2.89946e+1, 3.47615e-2, 2.77658e+0, 6.69183e-4, 2.74947e+0, 6.65572e-4, 2.00000e+1, 0.00000e+0, 1.65000e+1, 3.68932e+0, 3, 1, 
03/23/2022 10:57:35.194, 03/23/2022 10:57:35.142, 4.15724e+0, 7.50622e-5, 9.78029e+1, 1.11700e-2, 1.75390e+0, 1.92838e-3, 2.23087e+4, 1.54407e+2, 3.81628e+2, 4.50152e-1, 1.79392e+0, 1.93785e-3, 3.90336e+2, 4.41410e-1, 4.99524e+2, 5.45519e-1, 2.70589e+1, 1.03458e-2, 2.90845e+1, 3.27488e-2, 2.77634e+0, 6.44982e-4, 2.74928e+0, 4.95496e-4, 2.00000e+1, 0.00000e+0, 2.00000e+1, 0.00000e+0, 3, 1, 
03/23/2022 10:57:45.148, 03/23/2022 10:57:45.087, 4.15733e+0, 4.16336e-5, 9.78167e+1, 6.19548e-3, 1.75375e+0, 2.27523e-3, 2.24160e+4, 1.27411e+2, 3.82538e+2, 6.97682e-1, 1.79397e+0, 2.20161e-3, 3.91309e+2, 7.45322e-1, 4.99412e+2, 4.97860e-1, 2.70944e+1, 1.17637e-2, 2.91778e+1, 2.77920e-2, 2.77641e+0, 5.71796e-4, 2.74907e+0, 4.54692e-4, 2.00000e+1, 0.00000e+0, 2.00000e+1, 0.00000e+0, 3, 1, 
03/23/2022 10:57:55.088, 03/23/2022 10:57:55.034, 4.15739e+0, 6.13673e-5, 9.78257e+1, 9.13204e-3, 1.75276e+0, 2.65877e-3, 2.25074e+4, 8.10835e+1, 3.83221e+2, 9.84216e-1, 1.79312e+0, 2.66228e-3, 3.92044e+2, 9.98707e-1, 4.99448e+2, 5.22014e-1, 2.71350e+1, 1.11942e-2, 2.92667e+1, 2.01703e-2, 2.77566e+0, 6.08879e-4, 2.74834e+0, 8.05812e-4, 2.00000e+1, 0.00000e+0, 2.00000e+1, 0.00000e+0, 3, 2, 
03/23/2022 10:58:05.034, 03/23/2022 10:58:04.978, 4.15735e+0, 5.75816e-5, 9.78195e+1, 8.56868e-3, 1.75680e+0, 2.44373e-3, 2.25577e+4, 1.39884e+2, 3.85363e+2, 1.01802e+0, 1.79734e+0, 2.39764e-3, 3.94257e+2, 1.05278e+0, 4.99447e+2, 4.84916e-1, 2.71542e+1, 1.21101e-2, 2.93566e+1, 2.80013e-2, 2.77544e+0, 5.33994e-4, 2.74815e+0, 5.08048e-4, 2.00000e+1, 0.00000e+0, 2.00000e+1, 0.00000e+0, 3, 2, 
03/23/2022 10:58:14.979, 03/23/2022 10:58:14.923, 4.15743e+0, 5.98541e-5, 9.78314e+1, 8.90686e-3, 1.75752e+0, 1.80337e-3, 2.26816e+4, 1.58113e+2, 3.86809e+2, 9.29239e-1, 1.79831e+0, 1.74660e-3, 3.95786e+2, 9.55606e-1, 4.99374e+2, 5.69501e-1, 2.71876e+1, 1.18080e-2, 2.94490e+1, 3.13036e-2, 2.77524e+0, 5.28983e-4, 2.74782e+0, 5.49328e-4, 2.00000e+1, 0.00000e+0, 1.65000e+1, 3.68932e+0, 3, 2, 
03/23/2022 10:58:24.919, 03/23/2022 10:58:24.869, 4.15750e+0, 5.29686e-5, 9.78423e+1, 7.88223e-3, 1.75807e+0, 2.36528e-3, 2.27488e+4, 1.36969e+2, 3.87052e+2, 1.22106e+0, 1.79899e+0, 2.46732e-3, 3.96062e+2, 1.26950e+0, 4.99431e+2, 5.15108e-1, 2.72078e+1, 1.55134e-2, 2.95426e+1, 3.11307e-2, 2.77543e+0, 4.48891e-4, 2.74773e+0, 5.98378e-4, 2.00000e+1, 0.00000e+0, 2.00000e+1, 0.00000e+0, 3, 2, 
03/23/2022 10:58:34.879, 03/23/2022 10:58:34.814, 4.15751e+0, 7.76734e-5, 9.78432e+1, 1.15585e-2, 1.75830e+0, 1.19523e-3, 2.28796e+4, 1.31115e+2, 3.88500e+2, 9.78784e-1, 1.79947e+0, 1.20707e-3, 3.97597e+2, 9.90795e-1, 4.99324e+2, 6.72388e-1, 2.72358e+1, 5.70689e-3, 2.96373e+1, 2.97377e-2, 2.77507e+0, 6.55464e-4, 2.74738e+0, 5.03072e-4, 2.00000e+1, 0.00000e+0, 1.58000e+1, 3.61478e+0, 3, 2, 
03/23/2022 10:58:44.818, 03/23/2022 10:58:44.761, 4.15760e+0, 6.20722e-5, 9.78566e+1, 9.23694e-3, 1.75630e+0, 2.20127e-3, 2.29054e+4, 1.58284e+2, 3.86871e+2, 1.02790e+0, 1.79747e+0, 2.04780e-3, 3.95940e+2, 1.03869e+0, 4.99466e+2, 5.43574e-1, 2.72683e+1, 1.23275e-2, 2.97326e+1, 2.31431e-2, 2.77455e+0, 6.05206e-4, 2.74677e+0, 7.01989e-4, 2.00000e+1, 0.00000e+0, 1.37000e+1, 2.21359e+0, 3, 2, 
03/23/2022 10:58:54.762, 03/23/2022 10:58:54.705, 4.15768e+0, 5.72717e-5, 9.78685e+1, 8.52257e-3, 1.75167e+0, 1.73256e-3, 2.30668e+4, 1.41689e+2, 3.89091e+2, 2.71967e+0, 1.79303e+0, 1.83804e-3, 3.98278e+2, 2.79948e+0, 4.99483e+2, 6.21092e-1, 2.72952e+1, 9.35098e-3, 2.98126e+1, 2.76576e-2, 2.77473e+0, 5.05865e-4, 2.74678e+0, 4.59768e-4, 2.00000e+1, 0.00000e+0, 1.93000e+1, 2.21359e+0, 3, 2, 
03/23/2022 10:59:04.705, 03/23/2022 10:59:04.650, 4.15774e+0, 3.89021e-5, 9.78779e+1, 5.78900e-3, 1.75131e+0, 1.76020e-3, 2.31607e+4, 1.50845e+2, 3.85473e+2, 1.79053e+0, 1.79284e+0, 1.70331e-3, 3.94612e+2, 1.82968e+0, 4.99404e+2, 4.37192e-1, 2.73299e+1, 7.37886e-3, 2.99067e+1, 3.14551e-2, 2.77412e+0, 6.85958e-4, 2.74683e+0, 8.25029e-4, 2.00000e+1, 0.00000e+0, 1.72000e+1, 3.61478e+0, 3, 1, 
03/23/2022 10:59:14.655, 03/23/2022 10:59:14.596, 4.15772e+0, 5.83663e-5, 9.78751e+1, 8.68546e-3, 1.75095e+0, 2.61616e-3, 2.31573e+4, 9.65522e+1, 3.82718e+2, 8.03878e-1, 1.79246e+0, 2.64451e-3, 3.91791e+2, 8.29524e-1, 4.99534e+2, 4.16895e-1, 2.73556e+1, 1.29385e-2, 3.00230e+1, 3.52977e-2, 2.77445e+0, 8.54157e-4, 2.74645e+0, 6.31634e-4, 2.00000e+1, 0.00000e+0, 2.00000e+1, 0.00000e+0, 3, 1, 
03/23/2022 10:59:24.598, 03/23/2022 10:59:24.541, 4.15766e+0, 1.34829e-4, 9.78666e+1, 2.00638e-2, 1.75361e+0, 2.23301e-3, 2.31590e+4, 1.14701e+2, 3.85089e+2, 1.09341e+0, 1.79519e+0, 2.30619e-3, 3.94219e+2, 1.11249e+0, 4.99277e+2, 5.20542e-1, 2.73841e+1, 7.55659e-3, 3.01278e+1, 5.26278e-2, 2.77410e+0, 8.95316e-4, 2.74639e+0, 4.31194e-4, 2.00000e+1, 0.00000e+0, 2.00000e+1, 0.00000e+0, 3, 1, 
03/23/2022 10:59:34.542, 03/23/2022 10:59:34.487, 4.15772e+0, 4.32018e-5, 9.78749e+1, 6.42883e-3, 1.75331e+0, 2.80912e-3, 2.33025e+4, 1.08760e+2, 3.91716e+2, 2.70008e+0, 1.79514e+0, 2.89917e-3, 4.01062e+2, 2.75665e+0, 4.99327e+2, 3.99909e-1, 2.74029e+1, 1.40204e-2, 3.02048e+1, 2.58315e-2, 2.77404e+0, 5.15081e-4, 2.74576e+0, 6.38270e-4, 2.00000e+1, 0.00000e+0, 2.00000e+1, 0.00000e+0, 3, 1, 
03/23/2022 10:59:44.490, 03/23/2022 10:59:44.432, 4.15752e+0, 3.98254e-4, 9.78451e+1, 5.92640e-2, 1.75192e+0, 2.38101e-3, 2.34576e+4, 1.73783e+2, 3.83463e+2, 2.08418e+0, 1.79400e+0, 2.37647e-3, 3.92674e+2, 2.09054e+0, 4.99355e+2, 4.73867e-1, 2.74266e+1, 1.20705e-2, 3.02844e+1, 3.41431e-2, 2.77365e+0, 4.42969e-4, 2.74558e+0, 4.75611e-4, 2.00000e+1, 0.00000e+0, 2.00000e+1, 0.00000e+0, 3, 1, 
03/23/2022 10:59:54.433, 03/23/2022 10:59:54.377, 4.15753e+0, 4.72128e-4, 9.78461e+1, 7.02572e-2, 1.75028e+0, 2.04035e-3, 2.33621e+4, 1.31356e+2, 3.81572e+2, 8.82375e-1, 1.79215e+0, 2.09034e-3, 3.90699e+2, 9.03734e-1, 4.99403e+2, 5.31269e-1, 2.74624e+1, 1.16204e-2, 3.03823e+1, 4.04688e-2, 2.77359e+0, 4.77950e-4, 2.74601e+0, 6.50149e-4, 2.00000e+1, 0.00000e+0, 1.65000e+1, 3.68932e+0, 3, 1, 
03/23/2022 11:00:04.382, 03/23/2022 11:00:04.323, 4.15779e+0, 1.05346e-4, 9.78861e+1, 1.56765e-2, 1.75561e+0, 2.96828e-3, 2.33941e+4, 1.12600e+2, 3.85999e+2, 1.68352e+0, 1.79766e+0, 3.07695e-3, 3.95245e+2, 1.73643e+0, 4.99368e+2, 4.45961e-1, 2.75126e+1, 1.59720e-2, 3.04864e+1, 3.36405e-2, 2.77405e+0, 3.70260e-4, 2.74597e+0, 5.36750e-4, 2.00000e+1, 0.00000e+0, 2.00000e+1, 0.00000e+0, 3, 2, 
03/23/2022 11:00:14.324, 03/23/2022 11:00:14.268, 4.15781e+0, 7.66855e-5, 9.78886e+1, 1.14115e-2, 1.75738e+0, 2.58303e-3, 2.34345e+4, 1.61873e+2, 3.87413e+2, 1.45115e+0, 1.79955e+0, 2.63889e-3, 3.96710e+2, 1.45257e+0, 4.99523e+2, 4.18124e-1, 2.75547e+1, 1.51273e-2, 3.05771e+1, 3.33292e-2, 2.77339e+0, 6.85147e-4, 2.74545e+0, 3.19677e-4, 2.00000e+1, 0.00000e+0, 2.00000e+1, 0.00000e+0, 3, 2, 
03/23/2022 11:00:24.274, 03/23/2022 11:00:24.215, 4.15786e+0, 7.42905e-5, 9.78956e+1, 1.10551e-2, 1.75271e+0, 2.40049e-3, 2.35280e+4, 1.60579e+2, 3.83321e+2, 1.93137e+0, 1.79494e+0, 2.36779e-3, 3.92557e+2, 1.94537e+0, 4.99390e+2, 4.82830e-1, 2.75944e+1, 1.02570e-2, 3.06789e+1, 2.85509e-2, 2.77330e+0, 5.55906e-4, 2.74517e+0, 5.44394e-4, 2.00000e+1, 0.00000e+0, 2.00000e+1, 0.00000e+0, 3, 2, 
03/23/2022 11:00:34.214, 03/23/2022 11:00:34.159, 4.15785e+0, 1.13719e-4, 9.78942e+1, 1.69225e-2, 1.75051e+0, 1.44729e-3, 2.34646e+4, 1.06713e+2, 3.81159e+2, 5.37014e-1, 1.79257e+0, 1.46572e-3, 3.90318e+2, 5.30137e-1, 4.99350e+2, 3.34425e-1, 2.76214e+1, 1.53620e-2, 3.07610e+1, 3.37268e-2, 2.77351e+0, 5.92114e-4, 2.74540e+0, 8.24274e-4, 2.00000e+1, 0.00000e+0, 2.00000e+1, 0.00000e+0, 3, 2, 
03/23/2022 11:00:44.162, 03/23/2022 11:00:44.104, 4.15786e+0, 8.29846e-5, 9.78961e+1, 1.23489e-2, 1.75053e+0, 2.30353e-3, 2.33639e+4, 1.16004e+2, 3.84135e+2, 4.54970e+0, 1.79241e+0, 2.37997e-3, 3.93324e+2, 4.64011e+0, 4.99461e+2, 4.59729e-1, 2.76645e+1, 1.13799e-2, 3.08599e+1, 3.82356e-2, 2.77375e+0, 2.72820e-4, 2.74525e+0, 6.37085e-4, 2.00000e+1, 0.00000e+0, 2.00000e+1, 0.00000e+0, 3, 2, 
03/23/2022 11:00:54.110, 03/23/2022 11:00:54.050, 4.15784e+0, 1.24760e-4, 9.78922e+1, 1.85655e-2, 1.75570e+0, 2.67653e-3, 2.33310e+4, 1.35785e+2, 4.03553e+2, 7.29583e+0, 1.79764e+0, 2.63736e-3, 4.13193e+2, 7.44924e+0, 4.99351e+2, 4.27808e-1, 2.76994e+1, 2.13333e-2, 3.09424e+1, 5.55060e-2, 2.77348e+0, 6.07647e-4, 2.74515e+0, 4.85829e-4, 2.00000e+1, 0.00000e+0, 2.00000e+1, 0.00000e+0, 3, 2, 
03/23/2022 11:01:04.057, 03/23/2022 11:01:03.995, 4.15787e+0, 9.93163e-5, 9.78979e+1, 1.47792e-2, 1.75241e+0, 1.85357e-3, 2.34416e+4, 1.06704e+2, 3.86053e+2, 2.71517e+0, 1.79447e+0, 1.75048e-3, 3.95319e+2, 2.76731e+0, 4.99344e+2, 4.51770e-1, 2.77367e+1, 8.15966e-3, 3.10280e+1, 3.61962e-2, 2.77298e+0, 6.12168e-4, 2.74461e+0, 8.08784e-4, 2.00000e+1, 0.00000e+0, 2.00000e+1, 0.00000e+0, 3, 1, 
03/23/2022 11:01:14.000, 03/23/2022 11:01:13.941, 4.15795e+0, 1.20327e-4, 9.79097e+1, 1.79058e-2, 1.74933e+0, 1.47318e-3, 2.34862e+4, 1.51168e+2, 3.84717e+2, 8.81886e-1, 1.79140e+0, 1.59958e-3, 3.93969e+2, 9.08469e-1, 4.99322e+2, 4.20479e-1, 2.77777e+1, 1.14128e-2, 3.11115e+1, 4.31485e-2, 2.77293e+0, 4.81899e-4, 2.74446e+0, 5.85161e-4, 2.00000e+1, 0.00000e+0, 2.00000e+1, 0.00000e+0, 3, 1, 
03/23/2022 11:01:23.942, 03/23/2022 11:01:23.886, 4.15801e+0, 1.19771e-4, 9.79188e+1, 1.78231e-2, 1.75170e+0, 1.94386e-3, 2.34817e+4, 9.99640e+1, 3.84505e+2, 1.78591e+0, 1.79382e+0, 2.04715e-3, 3.93750e+2, 1.82201e+0, 4.99179e+2, 4.45702e-1, 2.78131e+1, 1.36908e-2, 3.11957e+1, 4.23019e-2, 2.77263e+0, 4.90294e-4, 2.74465e+0, 4.63482e-4, 2.00000e+1, 0.00000e+0, 1.65000e+1, 3.68932e+0, 3, 1, 
03/23/2022 11:01:33.889, 03/23/2022 11:01:33.831, 4.15792e+0, 1.40015e-4, 9.79053e+1, 2.08356e-2, 1.74854e+0, 1.59836e-3, 2.34286e+4, 1.00760e+2, 3.85115e+2, 4.46969e+0, 1.79049e+0, 1.49216e-3, 3.94355e+2, 4.58305e+0, 4.99294e+2, 4.58434e-1, 2.78508e+1, 1.04732e-2, 3.12901e+1, 5.18189e-2, 2.77289e+0, 5.89386e-4, 2.74467e+0, 6.28746e-4, 2.00000e+1, 0.00000e+0, 2.00000e+1, 0.00000e+0, 3, 1, 
03/23/2022 11:01:43.838, 03/23/2022 11:01:43.777, 4.15797e+0, 1.29971e-4, 9.79126e+1, 1.93410e-2, 1.74888e+0, 2.63090e-3, 2.35059e+4, 9.52575e+1, 4.01768e+2, 6.21219e+0, 1.79097e+0, 2.62517e-3, 4.11439e+2, 6.36106e+0, 4.99389e+2, 4.70980e-1, 2.78814e+1, 9.92968e-3, 3.13815e+1, 4.69950e-2, 2.77261e+0, 6.97960e-4, 2.74425e+0, 6.49557e-4, 2.00000e+1, 0.00000e+0, 2.00000e+1, 0.00000e+0, 3, 1, 
03/23/2022 11:01:53.781, 03/23/2022 11:01:53.722, 4.15792e+0, 1.32543e-4, 9.79052e+1, 1.97237e-2, 1.74854e+0, 2.58728e-3, 2.34872e+4, 1.37538e+2, 3.83770e+2, 2.29967e+0, 1.79059e+0, 2.47088e-3, 3.93001e+2, 2.34948e+0, 4.99316e+2, 4.72226e-1, 2.79087e+1, 9.55297e-3, 3.14637e+1, 5.34857e-2, 2.77193e+0, 6.10758e-4, 2.74386e+0, 6.60599e-4, 2.00000e+1, 0.00000e+0, 2.00000e+1, 0.00000e+0, 3, 1, 
03/23/2022 11:02:03.724, 03/23/2022 11:02:03.668, 4.15797e+0, 1.21242e-4, 9.79118e+1, 1.80420e-2, 1.75029e+0, 1.75696e-3, 2.34535e+4, 1.09196e+2, 3.86440e+2, 9.86500e-1, 1.79232e+0, 1.64559e-3, 3.95721e+2, 1.00967e+0, 4.99328e+2, 4.49827e-1, 2.79465e+1, 1.55706e-2, 3.15451e+1, 5.19443e-2, 2.77210e+0, 9.71276e-4, 2.74406e+0, 1.18672e-3, 2.00000e+1, 0.00000e+0, 2.00000e+1, 0.00000e+0, 3, 2, 
03/23/2022 11:02:13.675, 03/23/2022 11:02:13.614, 4.15791e+0, 1.50469e-4, 9.79028e+1, 2.23912e-2, 1.75021e+0, 2.80551e-3, 2.34238e+4, 1.42453e+2, 3.84671e+2, 1.39217e+0, 1.79219e+0, 2.81519e-3, 3.93898e+2, 1.42636e+0, 4.99507e+2, 3.98566e-1, 2.80067e+1, 3.01864e-2, 3.16313e+1, 5.60724e-2, 2.77209e+0, 4.08146e-4, 2.74354e+0, 4.79708e-4, 2.00000e+1, 0.00000e+0, 2.00000e+1, 0.00000e+0, 3, 2, 
03/23/2022 11:02:23.617, 03/23/2022 11:02:23.559, 4.15799e+0, 1.64861e-4, 9.79147e+1, 2.45328e-2, 1.74896e+0, 1.81272e-3, 2.33212e+4, 1.63653e+2, 3.82010e+2, 9.35019e-1, 1.79072e+0, 2.00638e-3, 3.91132e+2, 9.72494e-1, 4.99378e+2, 5.10282e-1, 2.80439e+1, 1.24629e-2, 3.17224e+1, 6.34365e-2, 2.77236e+0, 4.91144e-4, 2.74383e+0, 4.30161e-4, 2.00000e+1, 0.00000e+0, 2.00000e+1, 0.00000e+0, 3, 2, 
03/23/2022 11:02:33.565, 03/23/2022 11:02:33.504, 4.15801e+0, 1.53997e-4, 9.79182e+1, 2.29162e-2, 1.74865e+0, 2.37954e-3, 2.32991e+4, 1.37621e+2, 3.82448e+2, 1.63605e+0, 1.79036e+0, 2.41970e-3, 3.91571e+2, 1.68051e+0, 4.99266e+2, 4.17442e-1, 2.80976e+1, 1.29543e-2, 3.17978e+1, 5.16217e-2, 2.77232e+0, 6.43852e-4, 2.74398e+0, 5.17153e-4, 2.00000e+1, 0.00000e+0, 2.00000e+1, 0.00000e+0, 3, 2, 
03/23/2022 11:02:43.527, 03/23/2022 11:02:43.456, 4.15799e+0, 1.59836e-4, 9.79157e+1, 2.37852e-2, 1.74951e+0, 2.88929e-3, 2.32654e+4, 1.39545e+2, 3.83000e+2, 1.92701e+0, 1.79118e+0, 2.80352e-3, 3.92123e+2, 1.97766e+0, 4.99302e+2, 5.47634e-1, 2.81339e+1, 1.43282e-2, 3.18916e+1, 6.16199e-2, 2.77230e+0, 4.53215e-4, 2.74406e+0, 4.86971e-4, 2.00000e+1, 0.00000e+0, 1.93000e+1, 2.21359e+0, 3, 2, 
03/23/2022 11:02:53.463, 03/23/2022 11:02:53.402, 4.15805e+0, 8.78562e-5, 9.79243e+1, 1.30738e-2, 1.74914e+0, 2.19209e-3, 2.30996e+4, 1.31117e+2, 3.81367e+2, 1.07290e+0, 1.79050e+0, 2.28060e-3, 3.90385e+2, 1.07520e+0, 4.99344e+2, 5.46908e-1, 2.81828e+1, 1.23354e-2, 3.19624e+1, 6.13215e-2, 2.77238e+0, 6.33588e-4, 2.74411e+0, 5.27564e-4, 2.00000e+1, 0.00000e+0, 1.37000e+1, 2.21359e+0, 3, 2, 
03/23/2022 11:03:03.411, 03/23/2022 11:03:03.348, 4.15806e+0, 1.19685e-4, 9.79251e+1, 1.78103e-2, 1.74776e+0, 1.61915e-3, 2.30104e+4, 1.30279e+2, 3.81053e+2, 1.06910e+0, 1.78892e+0, 1.56405e-3, 3.90028e+2, 1.11925e+0, 4.99287e+2, 3.97569e-1, 2.82206e+1, 1.81590e-2, 3.20532e+1, 2.49894e-2, 2.77198e+0, 4.44719e-4, 2.74388e+0, 3.64022e-4, 2.00000e+1, 0.00000e+0, 2.00000e+1, 0.00000e+0, 3, 1, 
03/23/2022 11:03:13.352, 03/23/2022 11:03:13.293, 4.15804e+0, 1.40043e-4, 9.79223e+1, 2.08397e-2, 1.75040e+0, 2.23661e-3, 2.31578e+4, 1.35868e+2, 3.82196e+2, 5.02924e-1, 1.79189e+0, 2.23609e-3, 3.91257e+2, 5.16761e-1, 4.99333e+2, 4.38437e-1, 2.82672e+1, 1.11688e-2, 3.21457e+1, 7.04402e-2, 2.77213e+0, 5.75942e-4, 2.74338e+0, 4.53821e-4, 2.00000e+1, 0.00000e+0, 2.00000e+1, 0.00000e+0, 3, 1, 
03/23/2022 11:03:23.288, 03/23/2022 11:03:23.238, 4.15810e+0, 1.95539e-4, 9.79314e+1, 2.90981e-2, 1.75053e+0, 2.50092e-3, 2.30724e+4, 1.58886e+2, 3.83096e+2, 7.64851e-1, 1.79187e+0, 2.56388e-3, 3.92143e+2, 7.69773e-1, 4.99301e+2, 4.80332e-1, 2.83082e+1, 1.92926e-2, 3.22213e+1, 7.14245e-2, 2.77193e+0, 4.71157e-4, 2.74362e+0, 9.27714e-4, 2.00000e+1, 0.00000e+0, 2.00000e+1, 0.00000e+0, 3, 1, 
03/23/2022 11:03:33.244, 03/23/2022 11:03:33.183, 4.15817e+0, 1.23321e-4, 9.79413e+1, 1.83513e-2, 1.75025e+0, 2.22914e-3, 2.29025e+4, 9.81770e+1, 3.82903e+2, 5.96374e-1, 1.79128e+0, 2.18147e-3, 3.91878e+2, 5.95360e-1, 4.99261e+2, 5.67181e-1, 2.83542e+1, 1.00074e-2, 3.23063e+1, 7.12312e-2, 2.77202e+0, 4.94978e-4, 2.74339e+0, 6.00219e-4, 2.00000e+1, 0.00000e+0, 1.93000e+1, 2.21359e+0, 3, 1, 
03/23/2022 11:03:43.190, 03/23/2022 11:03:43.129, 4.15818e+0, 1.47137e-4, 9.79429e+1, 2.18955e-2, 1.75041e+0, 1.86842e-3, 2.28767e+4, 1.57193e+2, 3.83443e+2, 8.17627e-1, 1.79139e+0, 1.81976e-3, 3.92421e+2, 8.15556e-1, 4.99353e+2, 6.39909e-1, 2.83995e+1, 1.33922e-2, 3.23884e+1, 6.22636e-2, 2.77164e+0, 6.37972e-4, 2.74355e+0, 3.59724e-4, 2.00000e+1, 0.00000e+0, 1.37000e+1, 2.21359e+0, 3, 1, 
03/23/2022 11:03:53.133, 03/23/2022 11:03:53.075, 4.15807e+0, 1.92805e-4, 9.79267e+1, 2.86912e-2, 1.75061e+0, 2.44463e-3, 2.32384e+4, 1.63810e+2, 3.82663e+2, 9.40896e-1, 1.79226e+0, 2.49176e-3, 3.91766e+2, 9.21520e-1, 4.99219e+2, 4.21013e-1, 2.84419e+1, 1.29283e-2, 3.24932e+1, 7.67208e-2, 2.77107e+0, 7.29541e-4, 2.74306e+0, 5.56687e-4, 2.00000e+1, 0.00000e+0, 2.00000e+1, 0.00000e+0, 3, 1, 
03/23/2022 11:04:03.078, 03/23/2022 11:04:03.020, 4.15815e+0, 1.74358e-4, 9.79384e+1, 2.59461e-2, 1.74848e+0, 2.25167e-3, 2.34813e+4, 1.21110e+2, 3.81503e+2, 7.09384e-1, 1.79053e+0, 2.23022e-3, 3.90677e+2, 7.21928e-1, 4.99385e+2, 4.90206e-1, 2.84773e+1, 9.64443e-3, 3.25740e+1, 7.99176e-2, 2.77096e+0, 4.61455e-4, 2.74289e+0, 5.69086e-4, 2.00000e+1, 0.00000e+0, 1.65000e+1, 3.68932e+0, 3, 2, 
03/23/2022 11:04:13.016, 03/23/2022 11:04:12.965, 4.15818e+0, 1.75953e-4, 9.79440e+1, 2.61836e-2, 1.74937e+0, 2.04253e-3, 2.34666e+4, 1.01365e+2, 3.82182e+2, 1.04353e+0, 1.79141e+0, 2.09945e-3, 3.91366e+2, 1.06019e+0, 4.99241e+2, 4.58824e-1, 2.85131e+1, 2.44991e-2, 3.26563e+1, 7.33563e-2, 2.77147e+0, 6.24154e-4, 2.74270e+0, 6.81659e-4, 2.00000e+1, 0.00000e+0, 2.00000e+1, 0.00000e+0, 3, 2, 
03/23/2022 11:04:22.998, 03/23/2022 11:04:22.910, 4.15814e+0, 2.44131e-4, 9.79369e+1, 3.63290e-2, 1.75111e+0, 2.56277e-3, 2.31420e+4, 1.40813e+2, 3.81924e+2, 6.84439e-1, 1.79259e+0, 2.44018e-3, 3.90972e+2, 6.60230e-1, 4.99123e+2, 6.68724e-1, 2.85610e+1, 2.58363e-2, 3.27328e+1, 7.60931e-2, 2.77137e+0, 6.35771e-4, 2.74259e+0, 5.14422e-4, 2.00000e+1, 0.00000e+0, 1.58000e+1, 3.61478e+0, 3, 2, 
03/23/2022 11:04:32.919, 03/23/2022 11:04:32.855, 4.15816e+0, 1.97792e-4, 9.79408e+1, 2.94333e-2, 1.75449e+0, 2.05549e-3, 2.30830e+4, 1.55617e+2, 3.83551e+2, 1.19076e+0, 1.79595e+0, 2.22035e-3, 3.92613e+2, 1.22263e+0, 4.99348e+2, 5.43145e-1, 2.86049e+1, 1.65459e-2, 3.28166e+1, 6.99488e-2, 2.77084e+0, 3.44059e-4, 2.74287e+0, 5.70546e-4, 2.00000e+1, 0.00000e+0, 1.37000e+1, 2.21359e+0, 3, 2, 
03/23/2022 11:04:42.855, 03/23/2022 11:04:42.801, 4.15816e+0, 2.39714e-4, 9.79401e+1, 3.56717e-2, 1.76089e+0, 3.65017e-3, 2.32965e+4, 1.32621e+2, 3.87633e+2, 1.43466e+0, 1.80289e+0, 3.77799e-3, 3.96879e+2, 1.46991e+0, 4.99089e+2, 4.68560e-1, 2.86686e+1, 2.41528e-2, 3.28928e+1, 8.08488e-2, 2.77069e+0, 6.19082e-4, 2.74249e+0, 3.94575e-4, 2.00000e+1, 0.00000e+0, 2.00000e+1, 0.00000e+0, 3, 2, 
03/23/2022 11:04:52.805, 03/23/2022 11:04:52.747, 4.15828e+0, 2.31842e-4, 9.79582e+1, 3.45003e-2, 1.76413e+0, 2.33240e-3, 2.36490e+4, 8.43238e+1, 3.89872e+2, 1.09245e+0, 1.80686e+0, 2.33288e-3, 3.99316e+2, 1.10273e+0, 4.99177e+2, 5.16483e-1, 2.87203e+1, 1.25221e-2, 3.29818e+1, 8.12496e-2, 2.77019e+0, 5.88712e-4, 2.74197e+0, 5.14195e-4, 2.00000e+1, 0.00000e+0, 2.00000e+1, 0.00000e+0, 3, 2, 
03/23/2022 11:05:02.752, 03/23/2022 11:05:02.692, 4.15829e+0, 2.02787e-4, 9.79599e+1, 3.01766e-2, 1.75742e+0, 3.12728e-3, 2.39834e+4, 1.05697e+2, 3.86083e+2, 1.86726e+0, 1.80060e+0, 3.16838e-3, 3.95570e+2, 1.92318e+0, 4.99290e+2, 6.14251e-1, 2.87732e+1, 1.42931e-2, 3.30701e+1, 7.26092e-2, 2.77000e+0, 8.56697e-4, 2.74182e+0, 6.14221e-4, 2.00000e+1, 0.00000e+0, 1.93000e+1, 2.21359e+0, 3, 1, 
03/23/2022 11:05:12.724, 03/23/2022 11:05:12.645, 4.15827e+0, 2.02133e-4, 9.79566e+1, 3.00794e-2, 1.75101e+0, 1.71131e-3, 2.40899e+4, 1.75617e+2, 3.83600e+2, 7.62611e-1, 1.79423e+0, 1.67877e-3, 3.93069e+2, 7.73614e-1, 4.99357e+2, 4.37130e-1, 2.88143e+1, 1.68524e-2, 3.31607e+1, 6.77287e-2, 2.77000e+0, 5.69698e-4, 2.74164e+0, 6.41550e-4, 2.00000e+1, 0.00000e+0, 1.72000e+1, 3.61478e+0, 3, 1, 
03/23/2022 11:05:22.649, 03/23/2022 11:05:22.590, 4.15824e+0, 2.16528e-4, 9.79518e+1, 3.22214e-2, 1.74943e+0, 2.04853e-3, 2.40431e+4, 1.55410e+2, 3.85609e+2, 7.15865e-1, 1.79252e+0, 2.01997e-3, 3.95109e+2, 7.12957e-1, 4.99245e+2, 5.18094e-1, 2.88691e+1, 1.40004e-2, 3.32405e+1, 7.79141e-2, 2.76985e+0, 7.28421e-4, 2.74127e+0, 5.76143e-4, 2.00000e+1, 0.00000e+0, 2.00000e+1, 0.00000e+0, 3, 1, 
03/23/2022 11:05:32.596, 03/23/2022 11:05:32.535, 4.15817e+0, 2.35424e-4, 9.79426e+1, 3.50334e-2, 1.74869e+0, 1.91351e-3, 2.39580e+4, 1.54544e+2, 3.82166e+2, 1.50210e+0, 1.79162e+0, 1.78984e-3, 3.91547e+2, 1.55286e+0, 4.99159e+2, 5.01481e-1, 2.89146e+1, 2.26269e-2, 3.33302e+1, 8.66321e-2, 2.76971e+0, 8.04227e-4, 2.74170e+0, 3.95518e-4, 2.00000e+1, 0.00000e+0, 1.65000e+1, 3.68932e+0, 3, 1, 
03/23/2022 11:05:42.535, 03/23/2022 11:05:42.481, 4.15833e+0, 1.76424e-4, 9.79657e+1, 2.62535e-2, 1.74901e+0, 1.41329e-3, 2.37480e+4, 1.61750e+2, 3.80671e+2, 8.06018e-1, 1.79156e+0, 1.59498e-3, 3.89931e+2, 7.92741e-1, 4.99188e+2, 5.03786e-1, 2.89602e+1, 1.25136e-2, 3.33961e+1, 8.47585e-2, 2.76985e+0, 8.64885e-4, 2.74138e+0, 4.66127e-4, 2.00000e+1, 0.00000e+0, 2.00000e+1, 0.00000e+0, 3, 1, 
03/23/2022 11:05:52.480, 03/23/2022 11:05:52.425, 4.15830e+0, 2.58207e-4, 9.79615e+1, 3.84237e-2, 1.74918e+0, 2.39129e-3, 2.33344e+4, 1.94073e+2, 3.83177e+2, 2.02954e+0, 1.79097e+0, 2.48025e-3, 3.92332e+2, 2.00912e+0, 4.99146e+2, 5.80271e-1, 2.90246e+1, 3.27336e-2, 3.34801e+1, 8.03026e-2, 2.77020e+0, 5.90242e-4, 2.74189e+0, 4.79487e-4, 2.00000e+1, 0.00000e+0, 1.58000e+1, 3.61478e+0, 3, 1, 
03/23/2022 11:06:02.428, 03/23/2022 11:06:02.371, 4.15832e+0, 2.45269e-4, 9.79640e+1, 3.64984e-2, 1.75000e+0, 2.05105e-3, 2.31844e+4, 1.47788e+2, 3.83529e+2, 1.54559e+0, 1.79153e+0, 1.99225e-3, 3.92632e+2, 1.57534e+0, 4.99377e+2, 5.75431e-1, 2.90613e+1, 2.75701e-2, 3.35692e+1, 8.00855e-2, 2.77054e+0, 4.68194e-4, 2.74232e+0, 6.97001e-4, 2.00000e+1, 0.00000e+0, 1.30000e+1, 0.00000e+0, 3, 2, 
03/23/2022 11:06:12.376, 03/23/2022 11:06:12.316, 4.15836e+0, 2.18569e-4, 9.79706e+1, 3.25252e-2, 1.75517e+0, 2.98366e-3, 2.33423e+4, 1.45952e+2, 3.86675e+2, 8.86134e-1, 1.79712e+0, 3.13313e-3, 3.95916e+2, 9.15672e-1, 4.99305e+2, 4.61957e-1, 2.91066e+1, 1.54749e-2, 3.36461e+1, 8.54687e-2, 2.77058e+0, 6.33227e-4, 2.74221e+0, 6.29604e-4, 2.00000e+1, 0.00000e+0, 1.72000e+1, 3.61478e+0, 3, 2, 
03/23/2022 11:06:22.320, 03/23/2022 11:06:22.262, 4.15833e+0, 2.15943e-4, 9.79651e+1, 3.21344e-2, 1.75425e+0, 3.83640e-3, 2.36501e+4, 1.26793e+2, 3.86279e+2, 2.09201e+0, 1.79675e+0, 3.84436e-3, 3.95636e+2, 2.11141e+0, 4.99230e+2, 5.89884e-1, 2.91432e+1, 1.07156e-2, 3.37020e+1, 7.41312e-2, 2.77024e+0, 4.79518e-4, 2.74147e+0, 6.10200e-4, 2.00000e+1, 0.00000e+0, 1.58000e+1, 3.61478e+0, 3, 2, 
03/23/2022 11:06:32.263, 03/23/2022 11:06:32.208, 4.15832e+0, 2.46861e-4, 9.79643e+1, 3.67353e-2, 1.75011e+0, 2.00236e-3, 2.35503e+4, 1.29838e+2, 3.86892e+2, 4.53540e+0, 1.79232e+0, 2.01828e-3, 3.96223e+2, 4.64864e+0, 4.99032e+2, 8.41166e-1, 2.91856e+1, 1.73387e-2, 3.37862e+1, 6.81931e-2, 2.76996e+0, 3.71776e-4, 2.74129e+0, 4.71351e-4, 2.00000e+1, 0.00000e+0, 1.65000e+1, 3.68932e+0, 3, 2, 
03/23/2022 11:06:42.210, 03/23/2022 11:06:42.153, 4.15843e+0, 2.68363e-4, 9.79813e+1, 3.99350e-2, 1.75122e+0, 1.99646e-3, 2.34536e+4, 1.38089e+2, 3.87997e+2, 3.18247e+0, 1.79328e+0, 1.97086e-3, 3.97315e+2, 3.23277e+0, 4.99279e+2, 9.61564e-1, 2.92394e+1, 1.38740e-2, 3.38799e+1, 7.39466e-2, 2.77009e+0, 3.05599e-4, 2.74162e+0, 6.17428e-4, 2.00000e+1, 0.00000e+0, 1.30000e+1, 0.00000e+0, 3, 2, 
03/23/2022 11:06:52.158, 03/23/2022 11:06:52.099, 4.15829e+0, 1.96563e-4, 9.79598e+1, 2.92504e-2, 1.75522e+0, 3.21343e-3, 2.34958e+4, 1.83361e+2, 3.86199e+2, 8.63064e-1, 1.79745e+0, 3.37193e-3, 3.95492e+2, 9.24473e-1, 4.99047e+2, 9.32804e-1, 2.92919e+1, 2.54266e-2, 3.40061e+1, 8.76886e-2, 2.76984e+0, 7.13985e-4, 2.74158e+0, 4.07209e-4, 2.00000e+1, 0.00000e+0, 1.30000e+1, 0.00000e+0, 3, 2, 
03/23/2022 11:07:02.106, 03/23/2022 11:07:02.043, 4.15859e+0, 1.29323e-4, 9.80047e+1, 1.92444e-2, 1.75202e+0, 2.80100e-3, 2.35551e+4, 1.49576e+2, 3.82351e+2, 1.50602e+0, 1.79428e+0, 2.75213e-3, 3.91574e+2, 1.52226e+0, 4.99157e+2, 1.13806e+0, 2.93551e+1, 1.22895e-2, 3.39755e+1, 3.98426e-2, 2.76970e+0, 4.52477e-4, 2.74151e+0, 6.27628e-4, 2.00000e+1, 0.00000e+0, 1.30000e+1, 0.00000e+0, 3, 1, 
03/23/2022 11:07:12.049, 03/23/2022 11:07:11.990, 4.15815e+0, 8.77453e-5, 9.79393e+1, 1.30573e-2, 1.75135e+0, 2.80988e-3, 2.31811e+4, 2.37045e+2, 3.80784e+2, 4.55954e-1, 1.79291e+0, 2.93818e-3, 3.89820e+2, 4.77349e-1, 4.99100e+2, 9.91683e-1, 2.94071e+1, 2.04454e-2, 3.42047e+1, 7.88070e-2, 2.76977e+0, 4.14128e-4, 2.74192e+0, 4.77654e-4, 2.00000e+1, 0.00000e+0, 1.30000e+1, 0.00000e+0, 3, 1, 
03/23/2022 11:07:21.993, 03/23/2022 11:07:21.934, 4.15827e+0, 6.63707e-5, 9.79572e+1, 9.87659e-3, 1.75106e+0, 3.48123e-3, 2.27429e+4, 1.91434e+2, 3.80548e+2, 4.88802e-1, 1.79181e+0, 3.59007e-3, 3.89404e+2, 4.87750e-1, 4.99098e+2, 1.04139e+0, 2.94520e+1, 9.04850e-3, 3.42781e+1, 7.32365e-3, 2.77035e+0, 4.71603e-4, 2.74202e+0, 6.84068e-4, 2.00000e+1, 0.00000e+0, 1.30000e+1, 0.00000e+0, 3, 1, 
03/23/2022 11:07:31.931, 03/23/2022 11:07:31.879, 4.15854e+0, 6.75916e-5, 9.79968e+1, 1.00583e-2, 1.75170e+0, 3.23382e-3, 2.25536e+4, 1.70994e+2, 3.80870e+2, 8.10942e-1, 1.79212e+0, 3.33829e-3, 3.89659e+2, 8.46870e-1, 4.99316e+2, 9.27475e-1, 2.95082e+1, 2.20335e-2, 3.42685e+1, 2.86048e-2, 2.77015e+0, 7.87578e-4, 2.74175e+0, 5.66968e-4, 2.00000e+1, 0.00000e+0, 1.30000e+1, 0.00000e+0, 3, 1, 
03/23/2022 11:07:41.884, 03/23/2022 11:07:41.825, 4.15859e+0, 8.56464e-5, 9.80040e+1, 1.27450e-2, 1.75386e+0, 2.78723e-3, 2.26427e+4, 1.39771e+2, 3.81895e+2, 7.81580e-1, 1.79449e+0, 2.85497e-3, 3.90743e+2, 7.84878e-1, 4.98923e+2, 1.15729e+0, 2.95606e+1, 2.67190e-2, 3.42807e+1, 2.11694e-2, 2.77012e+0, 4.48432e-4, 2.74168e+0, 6.63036e-4, 2.00000e+1, 0.00000e+0, 1.30000e+1, 0.00000e+0, 3, 1, 
03/23/2022 11:07:51.828, 03/23/2022 11:07:51.771, 4.15862e+0, 7.35034e-5, 9.80083e+1, 1.09380e-2, 1.75027e+0, 2.86285e-3, 2.26919e+4, 1.96581e+2, 3.80535e+2, 8.64328e-1, 1.79091e+0, 2.75734e-3, 3.89370e+2, 8.64858e-1, 4.99304e+2, 1.19302e+0, 2.96064e+1, 2.53589e-2, 3.43435e+1, 3.13560e-2, 2.77006e+0, 7.47960e-4, 2.74181e+0, 5.38401e-4, 2.00000e+1, 0.00000e+0, 1.30000e+1, 0.00000e+0, 3, 1, 
03/23/2022 11:08:01.775, 03/23/2022 11:08:01.716, 4.15829e+0, 1.58492e-4, 9.79596e+1, 2.35852e-2, 1.75406e+0, 3.43246e-3, 2.25071e+4, 1.53228e+2, 3.83481e+2, 1.58785e+0, 1.79444e+0, 3.68433e-3, 3.92311e+2, 1.63468e+0, 4.98927e+2, 1.09222e+0, 2.96553e+1, 1.76578e-2, 3.45601e+1, 4.93490e-2, 2.76969e+0, 3.29059e-4, 2.74147e+0, 6.82849e-4, 2.00000e+1, 0.00000e+0, 1.30000e+1, 0.00000e+0, 3, 1, 
03/23/2022 11:08:11.722, 03/23/2022 11:08:11.662, 4.15865e+0, 1.63598e-4, 9.80129e+1, 2.43449e-2, 1.75798e+0, 3.00523e-3, 2.27430e+4, 4.12736e+2, 3.93170e+2, 5.27468e+0, 1.79890e+0, 3.20808e-3, 4.02320e+2, 5.40840e+0, 4.99304e+2, 1.06535e+0, 2.96972e+1, 1.44339e-2, 3.44736e+1, 2.67795e-2, 2.76928e+0, 7.14439e-4, 2.74073e+0, 4.54488e-4, 2.00000e+1, 0.00000e+0, 1.30000e+1, 0.00000e+0, 3, 2, 
03/23/2022 11:08:21.657, 03/23/2022 11:08:21.606, 4.15842e+0, 2.56238e-4, 9.79796e+1, 3.81307e-2, 1.75316e+0, 2.54583e-3, 2.30848e+4, 2.10723e+2, 3.90723e+2, 4.73815e+0, 1.79458e+0, 2.65915e-3, 3.99956e+2, 4.81820e+0, 4.98983e+2, 7.92622e-1, 2.97428e+1, 1.58909e-2, 3.46218e+1, 7.79858e-2, 2.76933e+0, 7.30730e-4, 2.74072e+0, 4.31482e-4, 2.00000e+1, 0.00000e+0, 1.30000e+1, 0.00000e+0, 3, 2, 
03/23/2022 11:08:31.611, 03/23/2022 11:08:31.551, 4.15844e+0, 2.05099e-4, 9.79814e+1, 3.05207e-2, 1.75176e+0, 3.14376e-3, 2.31430e+4, 1.80045e+2, 3.85245e+2, 1.11665e+0, 1.79326e+0, 3.31112e-3, 3.94372e+2, 1.17202e+0, 4.99353e+2, 1.07634e+0, 2.97911e+1, 1.44894e-2, 3.46693e+1, 8.60479e-2, 2.76881e+0, 3.92628e-4, 2.74060e+0, 6.58145e-4, 2.00000e+1, 0.00000e+0, 1.30000e+1, 0.00000e+0, 3, 2, 
03/23/2022 11:08:41.557, 03/23/2022 11:08:41.497, 4.15827e+0, 2.75256e-4, 9.79566e+1, 4.09607e-2, 1.74933e+0, 3.13324e-3, 2.34780e+4, 1.14453e+2, 3.90570e+2, 4.58710e+0, 1.79138e+0, 3.16103e-3, 3.99960e+2, 4.69748e+0, 4.99163e+2, 9.31241e-1, 2.98340e+1, 8.39799e-3, 3.47470e+1, 8.34361e-2, 2.76852e+0, 5.30771e-4, 2.74040e+0, 6.96889e-4, 2.00000e+1, 0.00000e+0, 1.30000e+1, 0.00000e+0, 3, 2, 
03/23/2022 11:08:51.498, 03/23/2022 11:08:51.443, 4.15840e+0, 2.11902e-4, 9.79755e+1, 3.15331e-2, 1.74971e+0, 3.64510e-3, 2.35002e+4, 1.60559e+2, 3.89857e+2, 1.75768e+0, 1.79182e+0, 3.74489e-3, 3.99239e+2, 1.79282e+0, 4.99017e+2, 1.02350e+0, 2.98556e+1, 1.01456e-2, 3.47875e+1, 8.63959e-2, 2.76841e+0, 8.85363e-4, 2.74033e+0, 9.54882e-4, 2.00000e+1, 0.00000e+0, 1.30000e+1, 0.00000e+0, 3, 2, 
03/23/2022 11:09:01.449, 03/23/2022 11:09:01.388, 4.15830e+0, 2.88536e-4, 9.79608e+1, 4.29370e-2, 1.75049e+0, 2.71947e-3, 2.31125e+4, 1.79821e+2, 3.87476e+2, 2.79967e+0, 1.79190e+0, 2.60955e-3, 3.96643e+2, 2.82461e+0, 4.99256e+2, 9.63955e-1, 2.99037e+1, 2.16029e-2, 3.48685e+1, 9.03272e-2, 2.76865e+0, 4.25993e-4, 2.74058e+0, 5.47853e-4, 2.00000e+1, 0.00000e+0, 1.30000e+1, 0.00000e+0, 3, 2, 
03/23/2022 11:09:11.387, 03/23/2022 11:09:11.334, 4.15845e+0, 2.49587e-4, 9.79831e+1, 3.71409e-2, 1.75222e+0, 2.54144e-3, 2.30150e+4, 1.60777e+2, 3.91035e+2, 5.09437e+0, 1.79349e+0, 2.53636e-3, 4.00247e+2, 5.19623e+0, 4.98909e+2, 9.45867e-1, 2.99738e+1, 3.80482e-2, 3.49373e+1, 9.28925e-2, 2.76858e+0, 8.05474e-4, 2.74051e+0, 3.65263e-4, 2.00000e+1, 0.00000e+0, 1.30000e+1, 0.00000e+0, 3, 1, 
03/23/2022 11:09:21.339, 03/23/2022 11:09:21.279, 4.15846e+0, 2.07990e-4, 9.79853e+1, 3.09508e-2, 1.75059e+0, 1.88299e-3, 2.31150e+4, 1.44135e+2, 3.89435e+2, 2.23445e+0, 1.79201e+0, 1.77220e-3, 3.98650e+2, 2.29457e+0, 4.99167e+2, 9.14111e-1, 3.00249e+1, 2.60013e-2, 3.49584e+1, 8.23536e-2, 2.76929e+0, 1.62752e-3, 2.74087e+0, 1.40622e-3, 2.00000e+1, 0.00000e+0, 1.30000e+1, 0.00000e+0, 3, 1, 
03/23/2022 11:09:31.286, 03/23/2022 11:09:31.225, 4.15840e+0, 2.33859e-4, 9.79768e+1, 3.48004e-2, 1.75116e+0, 2.71354e-3, 2.29827e+4, 1.93548e+2, 3.84500e+2, 8.17481e-1, 1.79235e+0, 2.88766e-3, 3.93545e+2, 8.57566e-1, 4.99088e+2, 9.08516e-1, 3.00737e+1, 1.17859e-2, 3.50087e+1, 8.50007e-2, 2.76892e+0, 9.58824e-4, 2.74093e+0, 6.07875e-4, 2.00000e+1, 0.00000e+0, 1.30000e+1, 0.00000e+0, 3, 1, 
03/23/2022 11:09:41.222, 03/23/2022 11:09:41.170, 4.15842e+0, 2.25115e-4, 9.79787e+1, 3.34992e-2, 1.75206e+0, 3.34890e-3, 2.28952e+4, 1.50429e+2, 3.82193e+2, 1.55167e+0, 1.79311e+0, 3.44202e-3, 3.91149e+2, 1.58283e+0, 4.98908e+2, 9.44853e-1, 3.01251e+1, 2.02306e-2, 3.50650e+1, 8.28712e-2, 2.76884e+0, 7.70747e-4, 2.74078e+0, 5.43289e-4, 2.00000e+1, 0.00000e+0, 1.30000e+1, 0.00000e+0, 3, 1, 
03/23/2022 11:09:51.196, 03/23/2022 11:09:51.116, 4.15845e+0, 2.33922e-4, 9.79842e+1, 3.48099e-2, 1.75260e+0, 2.73428e-3, 2.27140e+4, 1.82211e+2, 3.81923e+2, 2.94628e+0, 1.79333e+0, 2.66089e-3, 3.90800e+2, 2.99119e+0, 4.98947e+2, 1.00248e+0, 3.01675e+1, 1.55017e-2, 3.51123e+1, 8.24128e-2, 2.76855e+0, 9.49362e-4, 2.74069e+0, 9.50687e-4, 2.00000e+1, 0.00000e+0, 1.30000e+1, 0.00000e+0, 3, 1, 
03/23/2022 11:10:01.119, 03/23/2022 11:10:01.060, 4.15846e+0, 2.06323e-4, 9.79858e+1, 3.07028e-2, 1.75351e+0, 2.83611e-3, 2.25734e+4, 4.61763e+2, 4.20256e+2, 1.28559e+1, 1.79401e+0, 3.37954e-3, 4.29961e+2, 1.31453e+1, 4.99216e+2, 9.44034e-1, 3.02235e+1, 1.75096e-2, 3.51598e+1, 8.01270e-2, 2.76860e+0, 6.18030e-4, 2.74014e+0, 2.48672e-4, 2.00000e+1, 0.00000e+0, 1.30000e+1, 0.00000e+0, 3, 1, 
03/23/2022 11:10:11.065, 03/23/2022 11:10:11.006, 4.15848e+0, 2.38157e-4, 9.79875e+1, 3.54400e-2, 1.75163e+0, 2.57905e-3, 2.29905e+4, 1.76116e+2, 4.05381e+2, 1.36089e+1, 1.79284e+0, 2.61966e-3, 4.14920e+2, 1.39306e+1, 4.98971e+2, 9.78504e-1, 3.02721e+1, 2.37388e-2, 3.52280e+1, 7.43118e-2, 2.76823e+0, 4.48695e-4, 2.74042e+0, 6.74954e-4, 2.00000e+1, 0.00000e+0, 1.30000e+1, 0.00000e+0, 3, 2, 
03/23/2022 11:10:21.008, 03/23/2022 11:10:20.951, 4.15857e+0, 2.26880e-4, 9.80017e+1, 3.37618e-2, 1.75233e+0, 2.87419e-3, 2.27814e+4, 1.07998e+2, 3.97846e+2, 1.81896e+0, 1.79318e+0, 2.90624e-3, 4.07121e+2, 1.85580e+0, 4.99227e+2, 1.12748e+0, 3.03182e+1, 1.83716e-2, 3.52719e+1, 7.49911e-2, 2.76812e+0, 5.10984e-4, 2.73992e+0, 6.12583e-4, 2.00000e+1, 0.00000e+0, 1.30000e+1, 0.00000e+0, 3, 2, 
03/23/2022 11:10:30.974, 03/23/2022 11:10:30.896, 4.15857e+0, 2.41578e-4, 9.80011e+1, 3.59492e-2, 1.75561e+0, 3.27325e-3, 2.29542e+4, 1.95295e+2, 4.00202e+2, 1.66420e+1, 1.79686e+0, 3.57992e-3, 4.09606e+2, 1.70949e+1, 4.98843e+2, 7.96285e-1, 3.03810e+1, 3.80429e-2, 3.53231e+1, 8.05768e-2, 2.76790e+0, 8.86340e-4, 2.73970e+0, 7.31993e-4, 2.00000e+1, 0.00000e+0, 1.30000e+1, 0.00000e+0, 3, 2, 
03/23/2022 11:10:40.897, 03/23/2022 11:10:40.843, 4.15854e+0, 2.00292e-4, 9.79966e+1, 2.98054e-2, 1.75202e+0, 4.21347e-3, 2.31566e+4, 1.73723e+2, 4.04874e+2, 1.06181e+1, 1.79355e+0, 4.27576e-3, 4.14471e+2, 1.08506e+1, 4.99195e+2, 1.00518e+0, 3.04128e+1, 1.50155e-2, 3.53922e+1, 7.20376e-2, 2.76758e+0, 4.15310e-4, 2.73963e+0, 7.49692e-4, 2.00000e+1, 0.00000e+0, 1.30000e+1, 0.00000e+0, 3, 2, 
03/23/2022 11:10:50.846, 03/23/2022 11:10:50.788, 4.15853e+0, 2.28735e-4, 9.79958e+1, 3.40379e-2, 1.75058e+0, 2.86040e-3, 2.31148e+4, 4.38812e+2, 4.14334e+2, 8.73385e+0, 1.79200e+0, 3.29696e-3, 4.24138e+2, 8.96585e+0, 4.99007e+2, 9.04717e-1, 3.04589e+1, 1.20089e-2, 3.54650e+1, 7.29828e-2, 2.76745e+0, 4.34876e-4, 2.73959e+0, 5.67566e-4, 2.00000e+1, 0.00000e+0, 1.30000e+1, 0.00000e+0, 3, 2, 
03/23/2022 11:11:00.792, 03/23/2022 11:11:00.734, 4.15855e+0, 2.39634e-4, 9.79982e+1, 3.56598e-2, 1.74992e+0, 2.55619e-3, 2.27624e+4, 4.71049e+2, 4.02131e+2, 2.06079e+0, 1.79068e+0, 2.49775e-3, 4.11498e+2, 2.07077e+0, 4.99140e+2, 1.04002e+0, 3.05058e+1, 3.36925e-2, 3.55157e+1, 8.38998e-2, 2.76794e+0, 5.46669e-4, 2.73959e+0, 6.16083e-4, 2.00000e+1, 0.00000e+0, 1.30000e+1, 0.00000e+0, 3, 2, 
03/23/2022 11:11:10.735, 03/23/2022 11:11:10.679, 4.15849e+0, 2.27392e-4, 9.79891e+1, 3.38382e-2, 1.75067e+0, 3.40616e-3, 2.25500e+4, 4.56112e+2, 4.01799e+2, 6.41474e+0, 1.79105e+0, 3.80003e-3, 4.11070e+2, 6.64796e+0, 4.99065e+2, 1.09499e+0, 3.05404e+1, 2.46114e-2, 3.55642e+1, 6.93252e-2, 2.76801e+0, 6.68893e-4, 2.73997e+0, 5.36542e-4, 2.00000e+1, 0.00000e+0, 1.30000e+1, 0.00000e+0, 3, 1, 
03/23/2022 11:11:20.700, 03/23/2022 11:11:20.624, 4.15848e+0, 1.96616e-4, 9.79882e+1, 2.92583e-2, 1.75103e+0, 2.70731e-3, 2.29259e+4, 1.51802e+2, 4.00496e+2, 9.06821e+0, 1.79211e+0, 2.76759e-3, 4.09893e+2, 9.25246e+0, 4.99058e+2, 9.85979e-1, 3.05754e+1, 2.09322e-2, 3.56273e+1, 6.55322e-2, 2.76757e+0, 6.67016e-4, 2.73980e+0, 3.71863e-4, 2.00000e+1, 0.00000e+0, 1.30000e+1, 0.00000e+0, 3, 1, 
03/23/2022 11:11:30.650, 03/23/2022 11:11:30.570, 4.15849e+0, 1.45372e-4, 9.79889e+1, 2.16327e-2, 1.75031e+0, 2.39520e-3, 2.27908e+4, 1.79438e+2, 3.82302e+2, 1.24185e+0, 1.79113e+0, 2.55256e-3, 3.91218e+2, 1.28140e+0, 4.99153e+2, 1.10842e+0, 3.06196e+1, 1.84736e-2, 3.56376e+1, 6.40913e-2, 2.76746e+0, 5.70621e-4, 2.73947e+0, 4.59803e-4, 2.00000e+1, 0.00000e+0, 1.30000e+1, 0.00000e+0, 3, 1, 
03/23/2022 11:11:40.567, 03/23/2022 11:11:40.515, 4.15854e+0, 1.92536e-4, 9.79967e+1, 2.86511e-2, 1.75117e+0, 2.13259e-3, 2.25492e+4, 1.96325e+2, 3.82928e+2, 4.95884e+0, 1.79157e+0, 2.18414e-3, 3.91761e+2, 5.02842e+0, 4.98953e+2, 1.00339e+0, 3.06874e+1, 2.04462e-2, 3.56588e+1, 7.17491e-2, 2.76738e+0, 6.25405e-4, 2.73943e+0, 5.89356e-4, 2.00000e+1, 0.00000e+0, 1.30000e+1, 0.00000e+0, 3, 1, 
03/23/2022 11:11:50.520, 03/23/2022 11:11:50.460, 4.15850e+0, 1.63790e-4, 9.79916e+1, 2.43735e-2, 1.75402e+0, 2.70162e-3, 2.25460e+4, 1.89214e+2, 4.01817e+2, 2.77833e+0, 1.79447e+0, 2.86828e-3, 4.11085e+2, 2.81003e+0, 4.98903e+2, 1.08789e+0, 3.07419e+1, 2.38778e-2, 3.57022e+1, 6.47468e-2, 2.76691e+0, 6.17353e-4, 2.73960e+0, 6.29790e-4, 2.00000e+1, 0.00000e+0, 1.30000e+1, 0.00000e+0, 3, 1, 
03/23/2022 11:12:00.461, 03/23/2022 11:12:00.406, 4.15849e+0, 1.92072e-4, 9.79894e+1, 2.85822e-2, 1.75829e+0, 3.00369e-3, 2.29155e+4, 1.95520e+2, 3.98901e+2, 3.20101e+0, 1.79953e+0, 3.13428e-3, 4.08257e+2, 3.30697e+0, 4.99152e+2, 1.16593e+0, 3.07860e+1, 7.97319e-3, 3.57302e+1, 6.41454e-2, 2.76708e+0, 7.50494e-4, 2.73913e+0, 5.86475e-4, 2.00000e+1, 0.00000e+0, 1.30000e+1, 0.00000e+0, 3, 1, 
03/23/2022 11:12:10.411, 03/23/2022 11:12:10.351, 4.15851e+0, 9.55212e-5, 9.79932e+1, 1.42145e-2, 1.75456e+0, 2.33346e-3, 2.31159e+4, 1.57306e+2, 4.01699e+2, 1.49820e+1, 1.79608e+0, 2.40093e-3, 4.11204e+2, 1.53453e+1, 4.98879e+2, 1.17368e+0, 3.08439e+1, 1.48894e-2, 3.57730e+1, 5.29435e-2, 2.76663e+0, 6.87437e-4, 2.73850e+0, 3.01079e-4, 2.00000e+1, 0.00000e+0, 1.30000e+1, 0.00000e+0, 3, 2, 
03/23/2022 11:12:20.353, 03/23/2022 11:12:20.297, 4.15848e+0, 1.43243e-4, 9.79884e+1, 2.13160e-2, 1.75325e+0, 3.30242e-3, 2.32939e+4, 1.82897e+2, 4.07451e+2, 1.11569e+1, 1.79506e+0, 3.56243e-3, 4.17168e+2, 1.14129e+1, 4.99100e+2, 1.09816e+0, 3.08890e+1, 1.68537e-2, 3.58298e+1, 7.08887e-2, 2.76586e+0, 4.74190e-4, 2.73835e+0, 6.46733e-4, 2.00000e+1, 0.00000e+0, 1.30000e+1, 0.00000e+0, 3, 2, 
03/23/2022 11:12:30.316, 03/23/2022 11:12:30.243, 4.15846e+0, 2.24859e-4, 9.79857e+1, 3.34611e-2, 1.75575e+0, 2.99315e-3, 2.34023e+4, 1.46712e+2, 4.06315e+2, 3.21755e+0, 1.79782e+0, 3.04859e-3, 4.16052e+2, 3.29844e+0, 4.99152e+2, 9.83310e-1, 3.09438e+1, 1.51617e-2, 3.59160e+1, 7.57114e-2, 2.76605e+0, 6.99156e-4, 2.73809e+0, 4.96473e-4, 2.00000e+1, 0.00000e+0, 1.30000e+1, 0.00000e+0, 3, 2, 
03/23/2022 11:12:40.248, 03/23/2022 11:12:40.187, 4.15859e+0, 2.02189e-4, 9.80049e+1, 3.00876e-2, 1.75282e+0, 1.68235e-3, 2.34850e+4, 1.77510e+2, 4.01390e+2, 1.71301e+0, 1.79497e+0, 1.71141e-3, 4.11043e+2, 1.76915e+0, 4.98829e+2, 7.86688e-1, 3.09880e+1, 1.67472e-2, 3.59215e+1, 6.40473e-2, 2.76570e+0, 5.12314e-4, 2.73812e+0, 4.29266e-4, 2.00000e+1, 0.00000e+0, 1.65000e+1, 3.68932e+0, 3, 2, 
03/23/2022 11:12:50.212, 03/23/2022 11:12:50.132, 4.15864e+0, 1.57693e-4, 9.80116e+1, 2.34661e-2, 1.75274e+0, 2.77916e-3, 2.32597e+4, 3.73171e+2, 4.24253e+2, 1.81823e+1, 1.79448e+0, 3.04394e-3, 4.34357e+2, 1.86640e+1, 4.99107e+2, 1.01550e+0, 3.10368e+1, 1.27897e-2, 3.59469e+1, 5.47165e-2, 2.76619e+0, 5.56782e-4, 2.73828e+0, 5.45658e-4, 2.00000e+1, 0.00000e+0, 1.30000e+1, 0.00000e+0, 3, 2, 
03/23/2022 11:13:00.137, 03/23/2022 11:13:00.079, 4.15860e+0, 1.61495e-4, 9.80062e+1, 2.40320e-2, 1.75297e+0, 2.53356e-3, 2.34364e+4, 1.44905e+2, 4.33230e+2, 1.35227e+1, 1.79504e+0, 2.63354e-3, 4.43627e+2, 1.38320e+1, 4.98920e+2, 9.70860e-1, 3.10804e+1, 1.80755e-2, 3.59720e+1, 3.31666e-2, 2.76513e+0, 1.25897e-3, 2.73742e+0, 9.11659e-4, 2.00000e+1, 0.00000e+0, 1.30000e+1, 0.00000e+0, 3, 2, 
03/23/2022 11:13:10.081, 03/23/2022 11:13:10.023, 4.15856e+0, 1.40041e-4, 9.79993e+1, 2.08394e-2, 1.76314e+0, 4.30768e-3, 2.33899e+4, 1.65662e+2, 4.11649e+2, 6.71433e+0, 1.80536e+0, 4.53497e-3, 4.21508e+2, 6.83389e+0, 4.98923e+2, 9.55780e-1, 3.11196e+1, 7.19011e-3, 3.60171e+1, 4.20836e-2, 2.74466e+0, 8.21832e-3, 2.72718e+0, 4.23137e-3, 2.00000e+1, 0.00000e+0, 1.30000e+1, 0.00000e+0, 3, 1, 
03/23/2022 11:13:20.028, 03/23/2022 11:13:19.969, 4.15861e+0, 1.04695e-4, 9.80071e+1, 1.55796e-2, 1.75472e+0, 3.20681e-3, 2.32962e+4, 1.52694e+2, 4.14491e+2, 3.20024e+0, 1.79657e+0, 3.36430e-3, 4.24378e+2, 3.29301e+0, 4.99061e+2, 7.85326e-1, 3.11620e+1, 9.75565e-3, 3.60486e+1, 4.23918e-2, 2.74944e+0, 4.51984e-3, 2.72873e+0, 2.38792e-3, 2.00000e+1, 0.00000e+0, 1.30000e+1, 0.00000e+0, 3, 1, 
03/23/2022 11:13:29.977, 03/23/2022 11:13:29.914, 4.15861e+0, 1.74140e-4, 9.80070e+1, 2.59137e-2, 1.75140e+0, 3.32792e-3, 2.31747e+4, 1.38517e+2, 4.06406e+2, 1.82347e+0, 1.79295e+0, 3.43467e-3, 4.16048e+2, 1.88440e+0, 4.98749e+2, 9.06446e-1, 3.11866e+1, 1.00709e-2, 3.60738e+1, 6.60014e-2, 2.75745e+0, 1.73736e-3, 2.73308e+0, 6.65524e-4, 2.00000e+1, 0.00000e+0, 1.30000e+1, 0.00000e+0, 3, 1, 
03/23/2022 11:13:39.916, 03/23/2022 11:13:39.859, 4.15851e+0, 1.42179e-4, 9.79928e+1, 2.11575e-2, 1.75168e+0, 2.87382e-3, 2.30704e+4, 9.52892e+1, 4.01262e+2, 2.17250e+0, 1.79305e+0, 2.83720e-3, 4.10738e+2, 2.21436e+0, 4.98745e+2, 9.20538e-1, 3.12302e+1, 1.47430e-2, 3.61076e+1, 3.65675e-2, 2.76031e+0, 2.80557e-3, 2.73461e+0, 1.57332e-3, 2.00000e+1, 0.00000e+0, 1.30000e+1, 0.00000e+0, 3, 1, 
03/23/2022 11:13:49.860, 03/23/2022 11:13:49.806, 4.15854e+0, 1.44256e-4, 9.79971e+1, 2.14667e-2, 1.75055e+0, 3.92708e-3, 2.30208e+4, 1.19991e+2, 3.90894e+2, 5.49816e+0, 1.79180e+0, 4.02271e-3, 4.00105e+2, 5.64971e+0, 4.98644e+2, 9.40954e-1, 3.12914e+1, 2.47235e-2, 3.61287e+1, 5.46708e-2, 2.75537e+0, 3.14911e-3, 2.73166e+0, 1.52060e-3, 2.00000e+1, 0.00000e+0, 1.30000e+1, 0.00000e+0, 3, 1, 
03/23/2022 11:13:59.809, 03/23/2022 11:13:59.751, 4.15856e+0, 1.42994e-4, 9.80000e+1, 2.12788e-2, 1.76661e+0, 5.14300e-3, 2.27656e+4, 8.11857e+1, 3.96861e+2, 1.12376e+1, 1.80776e+0, 5.28722e-3, 4.06105e+2, 1.14878e+1, 4.98577e+2, 8.97285e-1, 3.13508e+1, 2.31317e-2, 3.61768e+1, 3.92602e-2, 2.75409e+0, 3.82806e-3, 2.73177e+0, 1.83878e-3, 2.00000e+1, 0.00000e+0, 1.30000e+1, 0.00000e+0, 3, 1, 
03/23/2022 11:14:09.755, 03/23/2022 11:14:09.696, 4.15858e+0, 1.45952e-4, 9.80034e+1, 2.17190e-2, 1.75541e+0, 2.38675e-3, 2.27053e+4, 1.57209e+2, 4.25440e+2, 8.48350e+0, 1.79619e+0, 2.38500e-3, 4.35324e+2, 8.66936e+0, 4.98745e+2, 9.89740e-1, 3.14053e+1, 1.13345e-2, 3.62083e+1, 5.07685e-2, 2.75799e+0, 2.68967e-3, 2.73366e+0, 2.18969e-3, 2.00000e+1, 0.00000e+0, 1.30000e+1, 0.00000e+0, 3, 2, 
03/23/2022 11:14:19.694, 03/23/2022 11:14:19.641, 4.15857e+0, 1.24563e-4, 9.80009e+1, 1.85362e-2, 1.75385e+0, 1.53435e-3, 2.27264e+4, 1.28365e+2, 4.37079e+2, 3.11728e+0, 1.79463e+0, 1.58986e-3, 4.47244e+2, 3.20916e+0, 4.98705e+2, 8.98403e-1, 3.14560e+1, 2.01577e-2, 3.62526e+1, 4.19842e-2, 2.76256e+0, 8.42262e-4, 2.73585e+0, 6.01223e-4, 2.00000e+1, 0.00000e+0, 1.30000e+1, 0.00000e+0, 3, 2, 
03/23/2022 11:14:29.643, 03/23/2022 11:14:29.586, 4.15856e+0, 1.39103e-4, 9.79993e+1, 2.06998e-2, 1.75512e+0, 3.49816e-3, 2.28072e+4, 1.10700e+2, 4.94199e+2, 3.01254e+1, 1.79609e+0, 3.52303e-3, 5.05734e+2, 3.08249e+1, 4.98388e+2, 8.43668e-1, 3.14914e+1, 8.27647e-3, 3.62614e+1, 5.86077e-2, 2.76387e+0, 6.57846e-4, 2.73656e+0, 6.50421e-4, 2.00000e+1, 0.00000e+0, 1.65000e+1, 3.68932e+0, 3, 2, 
03/23/2022 11:14:39.613, 03/23/2022 11:14:39.532, 4.15853e+0, 9.64056e-5, 9.79954e+1, 1.43461e-2, 1.75430e+0, 3.58804e-3, 2.30004e+4, 1.99611e+2, 4.18722e+2, 2.01237e+1, 1.79560e+0, 3.56744e-3, 4.28580e+2, 2.05920e+1, 4.98621e+2, 1.50102e+0, 3.15311e+1, 1.20899e-2, 3.63073e+1, 3.80437e-2, 2.76432e+0, 7.87936e-4, 2.73711e+0, 6.83520e-4, 2.00000e+1, 0.00000e+0, 1.30000e+1, 0.00000e+0, 3, 2, 
03/23/2022 11:14:49.554, 03/23/2022 11:14:49.477, 4.15861e+0, 1.18313e-4, 9.80080e+1, 1.76061e-2, 1.75379e+0, 3.11192e-3, 2.28360e+4, 1.39248e+2, 3.85057e+2, 3.72344e+0, 1.79478e+0, 3.18489e-3, 3.94056e+2, 3.82819e+0, 4.98476e+2, 1.39966e+0, 3.15746e+1, 1.82538e-2, 3.63444e+1, 4.40732e-2, 2.76497e+0, 5.25389e-4, 2.73683e+0, 4.54458e-4, 2.00000e+1, 0.00000e+0, 1.30000e+1, 0.00000e+0, 3, 2, 
03/23/2022 11:14:59.481, 03/23/2022 11:14:59.423, 4.15872e+0, 9.25067e-5, 9.80232e+1, 1.37659e-2, 1.75416e+0, 2.74204e-3, 2.29233e+4, 1.66281e+2, 3.82453e+2, 1.15513e+0, 1.79531e+0, 2.87751e-3, 3.91426e+2, 1.19686e+0, 4.98678e+2, 1.33193e+0, 3.16202e+1, 1.43310e-2, 3.63871e+1, 4.55060e-2, 2.76483e+0, 3.96109e-4, 2.73704e+0, 7.88007e-4, 2.00000e+1, 0.00000e+0, 1.30000e+1, 0.00000e+0, 3, 2, 
03/23/2022 11:15:09.447, 03/23/2022 11:15:09.368, 4.15877e+0, 1.35681e-4, 9.80315e+1, 2.01906e-2, 1.75509e+0, 2.08317e-3, 2.28953e+4, 1.76283e+2, 3.81763e+2, 8.03725e-1, 1.79621e+0, 2.09527e-3, 3.90708e+2, 8.01803e-1, 4.98350e+2, 1.11258e+0, 3.16653e+1, 1.50528e-2, 3.64179e+1, 4.49706e-2, 2.76506e+0, 6.37836e-4, 2.73747e+0, 5.69665e-4, 2.00000e+1, 0.00000e+0, 1.30000e+1, 0.00000e+0, 3, 1, 
03/23/2022 11:15:19.373, 03/23/2022 11:15:19.314, 4.15878e+0, 5.09589e-5, 9.80334e+1, 7.58316e-3, 1.75573e+0, 2.80772e-3, 2.27648e+4, 1.81522e+2, 3.80156e+2, 6.88574e-1, 1.79663e+0, 2.99344e-3, 3.89012e+2, 6.81194e-1, 4.98541e+2, 1.20146e+0, 3.17115e+1, 1.59161e-2, 3.64549e+1, 2.51132e-2, 2.76493e+0, 5.94007e-4, 2.73736e+0, 7.05937e-4, 2.00000e+1, 0.00000e+0, 1.30000e+1, 0.00000e+0, 3, 1, 
03/23/2022 11:15:29.317, 03/23/2022 11:15:29.259, 4.15875e+0, 1.16161e-4, 9.80287e+1, 1.72859e-2, 1.75608e+0, 3.10757e-3, 2.26512e+4, 4.53897e+2, 3.87641e+2, 4.20572e+0, 1.79678e+0, 3.32028e-3, 3.96626e+2, 4.32990e+0, 4.98809e+2, 1.30909e+0, 3.17600e+1, 1.78191e-2, 3.64800e+1, 3.68446e-2, 2.76476e+0, 5.57703e-4, 2.73749e+0, 5.74909e-4, 2.00000e+1, 0.00000e+0, 1.30000e+1, 0.00000e+0, 3, 1, 
03/23/2022 11:15:39.266, 03/23/2022 11:15:39.204, 4.15869e+0, 1.01222e-4, 9.80195e+1, 1.50628e-2, 1.75580e+0, 2.87766e-3, 2.28800e+4, 1.66940e+2, 3.99896e+2, 4.73241e+0, 1.79691e+0, 2.89324e-3, 4.09259e+2, 4.83356e+0, 4.98360e+2, 1.32142e+0, 3.17910e+1, 1.08473e-2, 3.65086e+1, 2.83470e-2, 2.76471e+0, 4.63289e-4, 2.73683e+0, 8.52203e-4, 2.00000e+1, 0.00000e+0, 1.30000e+1, 0.00000e+0, 3, 1, 
03/23/2022 11:15:49.211, 03/23/2022 11:15:49.150, 4.15872e+0, 5.42121e-5, 9.80243e+1, 8.06728e-3, 1.75594e+0, 3.79578e-3, 2.29728e+4, 1.47178e+2, 3.89228e+2, 1.67408e+0, 1.79723e+0, 3.86082e-3, 3.98379e+2, 1.71758e+0, 4.98831e+2, 1.10393e+0, 3.18270e+1, 1.22044e-2, 3.65161e+1, 1.46381e-2, 2.76421e+0, 5.61529e-4, 2.73704e+0, 4.51383e-4, 2.00000e+1, 0.00000e+0, 1.30000e+1, 0.00000e+0, 3, 1, 
03/23/2022 11:15:59.148, 03/23/2022 11:15:59.096, 4.15873e+0, 6.54831e-5, 9.80260e+1, 9.74451e-3, 1.75608e+0, 1.89540e-3, 2.29608e+4, 6.31154e+1, 3.87221e+2, 1.69468e+0, 1.79735e+0, 1.86212e-3, 3.96321e+2, 1.73524e+0, 4.98689e+2, 9.19271e-1, 3.18714e+1, 1.21366e-2, 3.65440e+1, 2.59554e-2, 2.76445e+0, 6.05602e-4, 2.73675e+0, 5.48214e-4, 2.00000e+1, 0.00000e+0, 1.30000e+1, 0.00000e+0, 3, 1, 
03/23/2022 11:16:09.102, 03/23/2022 11:16:09.040, 4.15866e+0, 8.56969e-5, 9.80144e+1, 1.27525e-2, 1.75771e+0, 2.25166e-3, 2.30237e+4, 1.44042e+2, 3.84531e+2, 1.50508e+0, 1.79913e+0, 2.15670e-3, 3.93593e+2, 1.55482e+0, 4.98454e+2, 7.31241e-1, 3.19166e+1, 1.63322e-2, 3.65825e+1, 1.00098e-2, 2.76435e+0, 8.13006e-4, 2.73685e+0, 7.15801e-4, 2.00000e+1, 0.00000e+0, 1.37000e+1, 2.21359e+0, 3, 2, 
03/23/2022 11:16:19.044, 03/23/2022 11:16:18.987, 4.15873e+0, 7.31427e-5, 9.80248e+1, 1.08843e-2, 1.75884e+0, 2.64372e-3, 2.28955e+4, 1.83178e+2, 3.85858e+2, 3.46683e+0, 1.80005e+0, 2.46358e-3, 3.94900e+2, 3.53050e+0, 4.98746e+2, 6.09764e-1, 3.19739e+1, 1.55176e-2, 3.65919e+1, 2.22587e-2, 2.76433e+0, 6.03742e-4, 2.73681e+0, 4.69532e-4, 2.00000e+1, 0.00000e+0, 1.58000e+1, 3.61478e+0, 3, 2, 
03/23/2022 11:16:28.995, 03/23/2022 11:16:28.931, 4.15872e+0, 7.38960e-5, 9.80241e+1, 1.09964e-2, 1.75959e+0, 4.22598e-3, 2.27149e+4, 1.37120e+2, 3.89642e+2, 3.74471e+0, 1.80049e+0, 4.33146e-3, 3.98699e+2, 3.83575e+0, 4.98242e+2, 1.24322e+0, 3.20151e+1, 1.67742e-2, 3.66217e+1, 8.60351e-3, 2.76420e+0, 7.08381e-4, 2.73682e+0, 5.68775e-4, 2.00000e+1, 0.00000e+0, 1.30000e+1, 0.00000e+0, 3, 2, 
03/23/2022 11:16:38.939, 03/23/2022 11:16:38.877, 4.15878e+0, 7.51619e-5, 9.80323e+1, 1.11848e-2, 1.75781e+0, 2.80564e-3, 2.28222e+4, 1.12474e+2, 3.86513e+2, 4.98501e+0, 1.79886e+0, 2.84165e-3, 3.95540e+2, 5.08781e+0, 4.98770e+2, 8.86995e-1, 3.20632e+1, 1.15934e-2, 3.66584e+1, 2.34985e-2, 2.76421e+0, 7.15376e-4, 2.73670e+0, 7.04933e-4, 2.00000e+1, 0.00000e+0, 1.30000e+1, 0.00000e+0, 3, 2, 
03/23/2022 11:16:48.879, 03/23/2022 11:16:48.822, 4.15877e+0, 6.23991e-5, 9.80315e+1, 9.28558e-3, 1.76010e+0, 3.93379e-3, 2.28130e+4, 1.33551e+2, 3.81623e+2, 2.87546e+0, 1.80119e+0, 3.94508e-3, 3.90532e+2, 2.93370e+0, 4.98719e+2, 9.86168e-1, 3.21031e+1, 1.61094e-2, 3.67082e+1, 2.83107e-2, 2.76428e+0, 6.66141e-4, 2.73646e+0, 7.14430e-4, 2.00000e+1, 0.00000e+0, 1.30000e+1, 0.00000e+0, 3, 2, 
03/23/2022 11:16:58.827, 03/23/2022 11:16:58.767, 4.15871e+0, 1.02069e-4, 9.80230e+1, 1.51888e-2, 1.76236e+0, 3.36766e-3, 2.29131e+4, 1.46436e+2, 3.84962e+2, 2.94941e+0, 1.80368e+0, 3.35128e-3, 3.93989e+2, 2.99462e+0, 4.98517e+2, 1.11029e+0, 3.21459e+1, 1.16760e-2, 3.67357e+1, 3.71004e-2, 2.76411e+0, 7.73492e-4, 2.73650e+0, 5.16451e-4, 2.00000e+1, 0.00000e+0, 1.30000e+1, 0.00000e+0, 3, 2, 
03/23/2022 11:17:08.773, 03/23/2022 11:17:08.713, 4.15885e+0, 1.27896e-4, 9.80433e+1, 1.90322e-2, 1.75562e+0, 3.59544e-3, 2.30088e+4, 1.07202e+2, 3.79549e+2, 1.00429e+0, 1.79697e+0, 3.62154e-3, 3.88488e+2, 1.03905e+0, 4.98512e+2, 1.20469e+0, 3.21937e+1, 1.60936e-2, 3.67923e+1, 3.78121e-2, 2.76407e+0, 6.27983e-4, 2.73673e+0, 5.35718e-4, 2.00000e+1, 0.00000e+0, 1.30000e+1, 0.00000e+0, 3, 2, 
03/23/2022 11:17:18.721, 03/23/2022 11:17:18.658, 4.15892e+0, 9.15140e-5, 9.80541e+1, 1.36182e-2, 1.75497e+0, 3.31892e-3, 2.27389e+4, 1.25624e+2, 3.78765e+2, 8.14629e-1, 1.79581e+0, 3.42517e-3, 3.87578e+2, 8.36479e-1, 4.98771e+2, 8.84435e-1, 3.22427e+1, 1.46125e-2, 3.69535e+1, 3.84862e-2, 2.76391e+0, 4.10536e-4, 2.73646e+0, 4.63246e-4, 2.00000e+1, 0.00000e+0, 1.30000e+1, 0.00000e+0, 3, 1, 
03/23/2022 11:17:28.661, 03/23/2022 11:17:28.604, 4.15891e+0, 8.86560e-5, 9.80519e+1, 1.31929e-2, 1.75894e+0, 5.35828e-3, 2.29611e+4, 1.91490e+2, 3.80722e+2, 1.57031e+0, 1.80027e+0, 5.71880e-3, 3.89669e+2, 1.65545e+0, 4.98579e+2, 1.27658e+0, 3.22868e+1, 1.38828e-2, 3.70695e+1, 3.44558e-2, 2.76384e+0, 6.04863e-4, 2.73650e+0, 3.54518e-4, 2.00000e+1, 0.00000e+0, 1.30000e+1, 0.00000e+0, 3, 1, 
03/23/2022 11:17:38.601, 03/23/2022 11:17:38.550, 4.15893e+0, 9.72837e-5, 9.80549e+1, 1.44767e-2, 1.76663e+0, 4.27864e-3, 2.33855e+4, 1.81908e+2, 3.82006e+2, 1.87503e+0, 1.80894e+0, 4.32400e-3, 3.91153e+2, 1.89208e+0, 4.98559e+2, 9.40476e-1, 3.23334e+1, 1.61307e-2, 3.71461e+1, 3.41189e-2, 2.76339e+0, 5.72846e-4, 2.73619e+0, 5.80316e-4, 2.00000e+1, 0.00000e+0, 1.30000e+1, 0.00000e+0, 3, 1, 
03/23/2022 11:17:48.555, 03/23/2022 11:17:48.495, 4.15889e+0, 1.11394e-4, 9.80487e+1, 1.65765e-2, 1.76219e+0, 4.36432e-3, 2.32951e+4, 1.47188e+2, 3.79284e+2, 7.78977e-1, 1.80422e+0, 4.52714e-3, 3.88330e+2, 8.02960e-1, 4.98604e+2, 1.39604e+0, 3.23761e+1, 1.02989e-2, 3.72048e+1, 2.97138e-2, 2.76335e+0, 4.82884e-4, 2.73612e+0, 6.29716e-4, 2.00000e+1, 0.00000e+0, 1.30000e+1, 0.00000e+0, 3, 1, 
03/23/2022 11:17:58.500, 03/23/2022 11:17:58.442, 4.15893e+0, 5.56080e-5, 9.80545e+1, 8.27500e-3, 1.77727e+0, 5.10364e-3, 2.34904e+4, 1.47476e+2, 3.80977e+2, 8.50211e-1, 1.82002e+0, 5.28869e-3, 3.90141e+2, 8.45948e-1, 4.98333e+2, 1.11013e+0, 3.24099e+1, 1.04670e-2, 3.72377e+1, 2.38477e-2, 2.76328e+0, 1.02229e-3, 2.73579e+0, 6.24949e-4, 2.00000e+1, 0.00000e+0, 1.30000e+1, 0.00000e+0, 3, 1, 
03/23/2022 11:18:08.443, 03/23/2022 11:18:08.386, 4.15891e+0, 1.22246e-4, 9.80520e+1, 1.81914e-2, 1.76765e+0, 5.82641e-3, 2.33103e+4, 1.60903e+2, 3.80075e+2, 1.26349e+0, 1.80984e+0, 6.09716e-3, 3.89146e+2, 1.29470e+0, 4.98790e+2, 1.13815e+0, 3.24472e+1, 7.64379e-3, 3.72783e+1, 2.61607e-2, 2.76314e+0, 5.77720e-4, 2.73631e+0, 6.41528e-4, 2.00000e+1, 0.00000e+0, 1.30000e+1, 0.00000e+0, 3, 1, 
03/23/2022 11:18:18.385, 03/23/2022 11:18:18.330, 4.15891e+0, 9.37492e-5, 9.80519e+1, 1.39508e-2, 1.75529e+0, 2.81199e-3, 2.29120e+4, 1.69018e+2, 3.79102e+2, 7.73680e-1, 1.79645e+0, 2.99613e-3, 3.87992e+2, 7.93932e-1, 4.98554e+2, 1.06373e+0, 3.24807e+1, 1.25918e-2, 3.73080e+1, 1.25728e-2, 2.76357e+0, 6.66789e-4, 2.73653e+0, 4.80905e-4, 2.00000e+1, 0.00000e+0, 1.30000e+1, 0.00000e+0, 3, 2, 
03/23/2022 11:18:28.367, 03/23/2022 11:18:28.283, 4.15901e+0, 6.90203e-5, 9.80663e+1, 1.02709e-2, 1.75878e+0, 5.17295e-3, 2.27745e+4, 1.36750e+2, 3.79339e+2, 9.19717e-1, 1.79977e+0, 5.33664e-3, 3.88180e+2, 9.61160e-1, 4.98688e+2, 8.75897e-1, 3.25308e+1, 1.84937e-2, 3.73349e+1, 2.38399e-2, 2.76386e+0, 3.75521e-4, 2.73610e+0, 5.15056e-4, 2.00000e+1, 0.00000e+0, 1.30000e+1, 0.00000e+0, 3, 2, 
03/23/2022 11:18:38.285, 03/23/2022 11:18:38.229, 4.15894e+0, 8.38525e-5, 9.80569e+1, 1.24780e-2, 1.75865e+0, 4.03763e-3, 2.29413e+4, 2.15706e+2, 3.79634e+2, 1.03458e+0, 1.79994e+0, 4.10275e-3, 3.88548e+2, 1.05055e+0, 4.98469e+2, 9.84266e-1, 3.25798e+1, 1.39774e-2, 3.73585e+1, 1.63914e-2, 2.76332e+0, 8.13065e-4, 2.73602e+0, 3.48876e-4, 2.00000e+1, 0.00000e+0, 1.30000e+1, 0.00000e+0, 3, 2, 
03/23/2022 11:18:48.232, 03/23/2022 11:18:48.175, 4.15893e+0, 7.14033e-5, 9.80551e+1, 1.06255e-2, 1.75471e+0, 3.29570e-3, 2.25771e+4, 1.71744e+2, 3.78851e+2, 6.63183e-1, 1.79524e+0, 3.29936e-3, 3.87602e+2, 7.05914e-1, 4.98690e+2, 1.06020e+0, 3.26206e+1, 1.10655e-2, 3.73697e+1, 1.39883e-2, 2.76330e+0, 7.09641e-4, 2.73599e+0, 4.54562e-4, 2.00000e+1, 0.00000e+0, 1.30000e+1, 0.00000e+0, 3, 2, 
03/23/2022 11:18:58.180, 03/23/2022 11:18:58.119, 4.15893e+0, 6.84445e-5, 9.80558e+1, 1.01852e-2, 1.77133e+0, 1.09129e-2, 2.25498e+4, 2.37487e+2, 3.81449e+2, 1.64169e+0, 1.81219e+0, 1.13142e-2, 3.90250e+2, 1.72564e+0, 4.98648e+2, 1.13318e+0, 3.26589e+1, 1.40938e-2, 3.73941e+1, 1.56755e-2, 2.76337e+0, 5.20234e-4, 2.73585e+0, 6.75029e-4, 2.00000e+1, 0.00000e+0, 1.30000e+1, 0.00000e+0, 3, 2, 
03/23/2022 11:19:08.122, 03/23/2022 11:19:08.066, 4.15888e+0, 6.06588e-5, 9.80480e+1, 9.02661e-3, 1.77390e+0, 7.30160e-3, 2.26812e+4, 1.70570e+2, 3.82543e+2, 1.06047e+0, 1.81506e+0, 7.37199e-3, 3.91421e+2, 1.05778e+0, 4.98678e+2, 9.49169e-1, 3.27022e+1, 1.23840e-2, 3.74180e+1, 1.80055e-2, 2.76307e+0, 4.89923e-4, 2.73559e+0, 4.14515e-4, 2.00000e+1, 0.00000e+0, 1.65000e+1, 3.68932e+0, 3, 2, 
03/23/2022 11:19:18.066, 03/23/2022 11:19:18.011, 4.15895e+0, 8.73042e-5, 9.80583e+1, 1.29917e-2, 1.75977e+0, 2.02368e-3, 2.27457e+4, 1.73396e+2, 3.79392e+2, 1.10710e+0, 1.80073e+0, 1.98244e-3, 3.88223e+2, 1.13533e+0, 4.98726e+2, 7.85478e-1, 3.27418e+1, 1.07921e-2, 3.74593e+1, 2.93074e-2, 2.76283e+0, 5.38096e-4, 2.73629e+0, 7.25661e-4, 2.00000e+1, 0.00000e+0, 1.65000e+1, 3.68932e+0, 3, 1, 
03/23/2022 11:19:28.012, 03/23/2022 11:19:27.955, 4.15898e+0, 8.50230e-5, 9.80632e+1, 1.26522e-2, 1.75651e+0, 3.51474e-3, 2.25106e+4, 1.35262e+2, 3.78420e+2, 9.76225e-1, 1.79696e+0, 3.68096e-3, 3.87135e+2, 9.95078e-1, 4.98408e+2, 1.00981e+0, 3.27731e+1, 1.23410e-2, 3.74852e+1, 1.29754e-2, 2.76261e+0, 5.34406e-4, 2.73556e+0, 6.78444e-4, 2.00000e+1, 0.00000e+0, 1.30000e+1, 0.00000e+0, 3, 1, 
03/23/2022 11:19:37.960, 03/23/2022 11:19:37.900, 4.15902e+0, 9.24145e-5, 9.80688e+1, 1.37522e-2, 1.75659e+0, 2.60410e-3, 2.25633e+4, 1.35105e+2, 3.78570e+2, 8.64126e-1, 1.79714e+0, 2.74493e-3, 3.87309e+2, 9.10796e-1, 4.98661e+2, 8.97957e-1, 3.28195e+1, 1.39356e-2, 3.75152e+1, 2.07447e-2, 2.76251e+0, 5.05994e-4, 2.73593e+0, 4.55559e-4, 2.00000e+1, 0.00000e+0, 1.30000e+1, 0.00000e+0, 3, 1, 
03/23/2022 11:19:47.906, 03/23/2022 11:19:47.846, 4.15909e+0, 5.49906e-5, 9.80789e+1, 8.18312e-3, 1.76120e+0, 2.43853e-3, 2.28459e+4, 2.09307e+2, 3.79816e+2, 1.20325e+0, 1.80238e+0, 2.54124e-3, 3.88696e+2, 1.20635e+0, 4.98320e+2, 1.00426e+0, 3.28548e+1, 1.11852e-2, 3.75297e+1, 1.48302e-2, 2.76227e+0, 8.12845e-4, 2.73544e+0, 6.27328e-4, 2.00000e+1, 0.00000e+0, 1.30000e+1, 0.00000e+0, 3, 1, 
03/23/2022 11:19:57.851, 03/23/2022 11:19:57.792, 4.15906e+0, 8.45603e-5, 9.80744e+1, 1.25834e-2, 1.75862e+0, 2.55938e-3, 2.28785e+4, 1.79938e+2, 3.78674e+2, 6.01794e-1, 1.79979e+0, 2.74593e-3, 3.87540e+2, 6.11217e-1, 4.98574e+2, 1.01485e+0, 3.28939e+1, 1.09327e-2, 3.75532e+1, 1.15973e-2, 2.76258e+0, 5.43061e-4, 2.73523e+0, 5.72466e-4, 2.00000e+1, 0.00000e+0, 1.30000e+1, 0.00000e+0, 3, 1, 
03/23/2022 11:20:07.804, 03/23/2022 11:20:07.743, 4.15904e+0, 5.86210e-5, 9.80716e+1, 8.72336e-3, 1.75629e+0, 2.56375e-3, 2.25975e+4, 2.02137e+2, 3.78725e+2, 8.13921e-1, 1.79690e+0, 2.64583e-3, 3.87482e+2, 8.46133e-1, 4.98352e+2, 1.05466e+0, 3.29293e+1, 1.54706e-2, 3.75882e+1, 1.35037e-2, 2.76254e+0, 3.81806e-4, 2.73547e+0, 5.05703e-4, 2.00000e+1, 0.00000e+0, 1.30000e+1, 0.00000e+0, 3, 1, 
03/23/2022 11:20:17.752, 03/23/2022 11:20:17.689, 4.15902e+0, 6.41379e-5, 9.80689e+1, 9.54432e-3, 1.75745e+0, 3.80571e-3, 2.25153e+4, 1.56926e+2, 3.78810e+2, 5.21548e-1, 1.79794e+0, 3.87460e-3, 3.87536e+2, 5.25416e-1, 4.98375e+2, 7.74265e-1, 3.29648e+1, 8.39520e-3, 3.76148e+1, 6.67788e-3, 2.76313e+0, 6.21922e-4, 2.73569e+0, 6.31155e-4, 2.00000e+1, 0.00000e+0, 1.30000e+1, 0.00000e+0, 3, 2, 
03/23/2022 11:20:27.688, 03/23/2022 11:20:27.634, 4.15905e+0, 2.54756e-5, 9.80732e+1, 3.79101e-3, 1.75505e+0, 3.21242e-3, 2.24802e+4, 1.08652e+2, 3.78169e+2, 9.03480e-1, 1.79541e+0, 3.18933e-3, 3.86866e+2, 9.23538e-1, 4.98456e+2, 1.07227e+0, 3.29977e+1, 1.22844e-2, 3.76147e+1, 4.92447e-3, 2.76241e+0, 4.56055e-4, 2.73551e+0, 5.10997e-4, 2.00000e+1, 0.00000e+0, 1.30000e+1, 0.00000e+0, 3, 2, 
03/23/2022 11:20:37.641, 03/23/2022 11:20:37.580, 4.15904e+0, 6.58929e-5, 9.80712e+1, 9.80549e-3, 1.75470e+0, 2.30931e-3, 2.25117e+4, 1.37362e+2, 3.77332e+2, 8.57208e-1, 1.79511e+0, 2.21899e-3, 3.86022e+2, 8.49295e-1, 4.98341e+2, 7.83783e-1, 3.30324e+1, 1.40297e-2, 3.76334e+1, 1.50350e-2, 2.76290e+0, 5.69945e-4, 2.73586e+0, 8.26798e-4, 2.00000e+1, 0.00000e+0, 1.30000e+1, 0.00000e+0, 3, 2, 
03/23/2022 11:20:47.591, 03/23/2022 11:20:47.531, 4.15906e+0, 7.60097e-5, 9.80743e+1, 1.13110e-2, 1.75483e+0, 3.04004e-3, 2.23223e+4, 1.33736e+2, 3.78536e+2, 6.85552e-1, 1.79489e+0, 3.02724e-3, 3.87179e+2, 7.18711e-1, 4.98364e+2, 1.08620e+0, 3.30684e+1, 1.49209e-2, 3.76578e+1, 1.35626e-2, 2.76262e+0, 6.10665e-4, 2.73534e+0, 8.04031e-4, 2.00000e+1, 0.00000e+0, 1.30000e+1, 0.00000e+0, 3, 2, 
03/23/2022 11:20:57.534, 03/23/2022 11:20:57.477, 4.15907e+0, 5.56619e-5, 9.80759e+1, 8.28302e-3, 1.75624e+0, 2.48504e-3, 2.21896e+4, 1.33355e+2, 3.78248e+2, 5.54349e-1, 1.79609e+0, 2.49379e-3, 3.86832e+2, 5.60781e-1, 4.98283e+2, 1.05432e+0, 3.31132e+1, 1.11813e-2, 3.76962e+1, 1.92554e-2, 2.76243e+0, 4.13475e-4, 2.73553e+0, 6.55747e-4, 2.00000e+1, 0.00000e+0, 1.30000e+1, 0.00000e+0, 3, 2, 
03/23/2022 11:21:07.479, 03/23/2022 11:21:07.422, 4.15908e+0, 4.80075e-5, 9.80773e+1, 7.14397e-3, 1.75401e+0, 2.10246e-3, 2.21542e+4, 9.19255e+1, 3.79536e+2, 1.31812e+0, 1.79375e+0, 2.11698e-3, 3.88135e+2, 1.34827e+0, 4.98413e+2, 9.96254e-1, 3.31507e+1, 1.37094e-2, 3.77212e+1, 2.12476e-2, 2.76257e+0, 7.77088e-4, 2.73525e+0, 6.05386e-4, 2.00000e+1, 0.00000e+0, 1.30000e+1, 0.00000e+0, 3, 2, 
03/23/2022 11:21:17.429, 03/23/2022 11:21:17.369, 4.15905e+0, 1.04038e-4, 9.80729e+1, 1.54818e-2, 1.75424e+0, 2.62075e-3, 2.22865e+4, 1.52084e+2, 3.79360e+2, 1.12649e+0, 1.79423e+0, 2.49844e-3, 3.88007e+2, 1.15272e+0, 4.98400e+2, 9.30892e-1, 3.31892e+1, 9.79712e-3, 3.77576e+1, 3.20872e-2, 2.76243e+0, 5.24235e-4, 2.73528e+0, 6.15647e-4, 2.00000e+1, 0.00000e+0, 1.30000e+1, 0.00000e+0, 3, 1, 
03/23/2022 11:21:27.369, 03/23/2022 11:21:27.314, 4.15906e+0, 5.93079e-5, 9.80738e+1, 8.82558e-3, 1.75526e+0, 3.45202e-3, 2.21792e+4, 1.72362e+2, 3.78570e+2, 7.18684e-1, 1.79507e+0, 3.42533e-3, 3.87157e+2, 6.94265e-1, 4.98687e+2, 8.58191e-1, 3.32215e+1, 1.48693e-2, 3.77600e+1, 9.88972e-3, 2.76273e+0, 5.05815e-4, 2.73541e+0, 6.23335e-4, 2.00000e+1, 0.00000e+0, 1.30000e+1, 0.00000e+0, 3, 1, 
03/23/2022 11:21:37.319, 03/23/2022 11:21:37.259, 4.15906e+0, 8.25408e-5, 9.80744e+1, 1.22829e-2, 1.76738e+0, 4.30501e-3, 2.22996e+4, 1.53994e+2, 3.80019e+2, 7.40598e-1, 1.80769e+0, 4.47919e-3, 3.88686e+2, 7.85498e-1, 4.98511e+2, 9.93968e-1, 3.32620e+1, 9.37921e-3, 3.77925e+1, 1.94741e-2, 2.76241e+0, 7.11552e-4, 2.73515e+0, 4.80240e-4, 2.00000e+1, 0.00000e+0, 1.30000e+1, 0.00000e+0, 3, 1, 
03/23/2022 11:21:47.262, 03/23/2022 11:21:47.204, 4.15906e+0, 1.01175e-4, 9.80739e+1, 1.50559e-2, 1.76035e+0, 4.24651e-3, 2.24613e+4, 1.17647e+2, 3.78946e+2, 1.13806e+0, 1.80080e+0, 4.34331e-3, 3.87653e+2, 1.15349e+0, 4.98320e+2, 1.33189e+0, 3.33001e+1, 1.24321e-2, 3.78360e+1, 3.16481e-2, 2.76234e+0, 5.72895e-4, 2.73519e+0, 4.66143e-4, 2.00000e+1, 0.00000e+0, 1.30000e+1, 0.00000e+0, 3, 1, 
03/23/2022 11:21:57.210, 03/23/2022 11:21:57.150, 4.15912e+0, 5.29992e-5, 9.80839e+1, 7.88679e-3, 1.75682e+0, 2.67647e-3, 2.23223e+4, 1.76841e+2, 3.78732e+2, 7.53817e-1, 1.79693e+0, 2.72365e-3, 3.87380e+2, 7.63610e-1, 4.98533e+2, 5.74584e-1, 3.33274e+1, 7.75345e-3, 3.78481e+1, 1.53126e-2, 2.76228e+0, 6.08391e-4, 2.73521e+0, 7.15574e-4, 2.00000e+1, 0.00000e+0, 1.65000e+1, 3.68932e+0, 3, 1, 
03/23/2022 11:22:07.152, 03/23/2022 11:22:07.096, 4.15920e+0, 8.95774e-5, 9.80945e+1, 1.33300e-2, 1.75455e+0, 3.38831e-3, 2.21973e+4, 1.83774e+2, 3.80609e+2, 1.03926e+0, 1.79438e+0, 3.62242e-3, 3.89249e+2, 1.01706e+0, 4.98263e+2, 1.45017e+0, 3.33678e+1, 1.17497e-2, 3.78635e+1, 1.78114e-2, 2.76260e+0, 7.47319e-4, 2.73524e+0, 4.35432e-4, 2.00000e+1, 0.00000e+0, 1.30000e+1, 0.00000e+0, 3, 1, 
03/23/2022 11:22:17.097, 03/23/2022 11:22:17.042, 4.15923e+0, 9.42377e-5, 9.80993e+1, 1.40235e-2, 1.75622e+0, 2.93356e-3, 2.22432e+4, 1.31023e+2, 3.79241e+2, 7.85776e-1, 1.79617e+0, 3.03088e-3, 3.87868e+2, 7.65967e-1, 4.98618e+2, 1.13789e+0, 3.34028e+1, 1.34582e-2, 3.79053e+1, 2.12017e-2, 2.76241e+0, 5.01951e-4, 2.73515e+0, 5.49368e-4, 2.00000e+1, 0.00000e+0, 1.30000e+1, 0.00000e+0, 3, 2, 
03/23/2022 11:22:27.044, 03/23/2022 11:22:26.986, 4.15912e+0, 5.98658e-5, 9.80834e+1, 8.90861e-3, 1.76448e+0, 3.47291e-3, 2.25164e+4, 1.96319e+2, 3.80174e+2, 5.31593e-1, 1.80512e+0, 3.68351e-3, 3.88931e+2, 5.73776e-1, 4.98518e+2, 8.09713e-1, 3.34430e+1, 1.07113e-2, 3.79322e+1, 1.71784e-2, 2.76214e+0, 9.49381e-4, 2.73476e+0, 5.74460e-4, 2.00000e+1, 0.00000e+0, 1.30000e+1, 0.00000e+0, 3, 2, 
03/23/2022 11:22:36.989, 03/23/2022 11:22:36.931, 4.15919e+0, 4.96485e-5, 9.80931e+1, 7.38817e-3, 1.76664e+0, 4.10028e-3, 2.29215e+4, 1.67535e+2, 3.80114e+2, 7.06913e-1, 1.80808e+0, 4.20453e-3, 3.89032e+2, 7.45574e-1, 4.98441e+2, 1.07635e+0, 3.34705e+1, 7.89254e-3, 3.79675e+1, 1.70850e-2, 2.76190e+0, 8.11501e-4, 2.73453e+0, 6.02977e-4, 2.00000e+1, 0.00000e+0, 1.30000e+1, 0.00000e+0, 3, 2, 
03/23/2022 11:22:46.936, 03/23/2022 11:22:46.877, 4.15915e+0, 8.41469e-5, 9.80876e+1, 1.25219e-2, 1.75620e+0, 3.38223e-3, 2.26777e+4, 1.86221e+2, 3.79280e+2, 5.97039e-1, 1.79695e+0, 3.55191e-3, 3.88081e+2, 6.60212e-1, 4.98598e+2, 1.18214e+0, 3.34965e+1, 1.10955e-2, 3.79974e+1, 2.20536e-2, 2.76180e+0, 6.28529e-4, 2.73466e+0, 6.61141e-4, 2.00000e+1, 0.00000e+0, 1.30000e+1, 0.00000e+0, 3, 2, 
03/23/2022 11:22:56.886, 03/23/2022 11:22:56.822, 4.15918e+0, 6.97229e-5, 9.80920e+1, 1.03754e-2, 1.75737e+0, 4.40969e-3, 2.24956e+4, 1.39759e+2, 3.78698e+2, 5.97675e-1, 1.79781e+0, 4.57851e-3, 3.87413e+2, 5.77269e-1, 4.98025e+2, 1.09784e+0, 3.35287e+1, 1.14099e-2, 3.80207e+1, 1.82857e-2, 2.76193e+0, 6.91096e-4, 2.73418e+0, 6.82146e-4, 2.00000e+1, 0.00000e+0, 1.30000e+1, 0.00000e+0, 3, 2, 
03/23/2022 11:23:06.842, 03/23/2022 11:23:06.768, 4.15918e+0, 7.43559e-5, 9.80930e+1, 1.10649e-2, 1.75594e+0, 3.37006e-3, 2.25988e+4, 1.54489e+2, 3.77620e+2, 1.01717e+0, 1.79654e+0, 3.56571e-3, 3.86351e+2, 1.02849e+0, 4.98610e+2, 1.47514e+0, 3.35603e+1, 1.09063e-2, 3.80667e+1, 1.48476e-2, 2.76170e+0, 3.36135e-4, 2.73456e+0, 4.82992e-4, 2.00000e+1, 0.00000e+0, 1.30000e+1, 0.00000e+0, 3, 2, 
03/23/2022 11:23:16.770, 03/23/2022 11:23:16.713, 4.15917e+0, 4.97253e-5, 9.80903e+1, 7.39959e-3, 1.75608e+0, 1.84814e-3, 2.23804e+4, 1.50937e+2, 3.78903e+2, 6.57061e-1, 1.79629e+0, 1.95088e-3, 3.87577e+2, 6.46591e-1, 4.98559e+2, 9.75732e-1, 3.36014e+1, 1.14102e-2, 3.80837e+1, 8.23681e-3, 2.76162e+0, 5.33749e-4, 2.73452e+0, 8.31668e-4, 2.00000e+1, 0.00000e+0, 1.30000e+1, 0.00000e+0, 3, 1, 
03/23/2022 11:23:26.717, 03/23/2022 11:23:26.658, 4.15918e+0, 1.03361e-4, 9.80925e+1, 1.53812e-2, 1.75487e+0, 2.90024e-3, 2.23599e+4, 1.80419e+2, 3.78655e+2, 8.72034e-1, 1.79501e+0, 2.90756e-3, 3.87315e+2, 8.84840e-1, 4.98236e+2, 1.14972e+0, 3.36431e+1, 1.24005e-2, 3.81110e+1, 2.70823e-2, 2.76167e+0, 5.23815e-4, 2.73467e+0, 7.45203e-4, 2.00000e+1, 0.00000e+0, 1.30000e+1, 0.00000e+0, 3, 1, 
03/23/2022 11:23:36.663, 03/23/2022 11:23:36.603, 4.15922e+0, 1.04521e-4, 9.80976e+1, 1.55537e-2, 1.75324e+0, 2.82629e-3, 2.24934e+4, 1.61573e+2, 3.78657e+2, 6.28545e-1, 1.79358e+0, 2.91676e-3, 3.87371e+2, 6.55405e-1, 4.98383e+2, 6.09264e-1, 3.36773e+1, 1.09243e-2, 3.81325e+1, 1.82873e-2, 2.76170e+0, 7.77809e-4, 2.73480e+0, 6.68358e-4, 2.00000e+1, 0.00000e+0, 1.65000e+1, 3.68932e+0, 3, 1, 
03/23/2022 11:23:46.609, 03/23/2022 11:23:46.550, 4.15922e+0, 1.37412e-4, 9.80978e+1, 2.04482e-2, 1.75325e+0, 2.39237e-3, 2.24879e+4, 1.56230e+2, 3.77955e+2, 7.57073e-1, 1.79359e+0, 2.42024e-3, 3.86650e+2, 7.87347e-1, 4.98476e+2, 9.87001e-1, 3.37118e+1, 9.92404e-3, 3.81393e+1, 1.43785e-2, 2.76162e+0, 5.88961e-4, 2.73460e+0, 5.18988e-4, 2.00000e+1, 0.00000e+0, 1.30000e+1, 0.00000e+0, 3, 1, 
03/23/2022 11:23:56.554, 03/23/2022 11:23:56.494, 4.15916e+0, 1.16063e-4, 9.80893e+1, 1.72714e-2, 1.75427e+0, 3.42015e-3, 2.20848e+4, 3.67209e+2, 3.79106e+2, 9.31190e-1, 1.79389e+0, 3.35930e-3, 3.87667e+2, 9.10905e-1, 4.98499e+2, 1.04289e+0, 3.37439e+1, 1.45721e-2, 3.81572e+1, 2.58159e-2, 2.76158e+0, 5.53431e-4, 2.73485e+0, 6.01922e-4, 2.00000e+1, 0.00000e+0, 1.30000e+1, 0.00000e+0, 3, 1, 
03/23/2022 11:24:06.496, 03/23/2022 11:24:06.440, 4.15916e+0, 5.46843e-5, 9.80890e+1, 8.13755e-3, 1.75383e+0, 2.59598e-3, 2.20219e+4, 3.54392e+2, 3.78870e+2, 9.18534e-1, 1.79333e+0, 3.02234e-3, 3.87401e+2, 9.67650e-1, 4.98347e+2, 1.06398e+0, 3.37749e+1, 5.78556e-3, 3.81830e+1, 3.14609e-2, 2.76191e+0, 5.43539e-4, 2.73484e+0, 6.23010e-4, 2.00000e+1, 0.00000e+0, 1.30000e+1, 0.00000e+0, 3, 1, 
03/23/2022 11:24:16.445, 03/23/2022 11:24:16.386, 4.15926e+0, 6.69191e-5, 9.81036e+1, 9.95820e-3, 1.75303e+0, 2.51898e-3, 2.19876e+4, 3.63869e+2, 3.79743e+2, 1.09465e+0, 1.79244e+0, 2.52328e-3, 3.88280e+2, 1.09664e+0, 4.98496e+2, 8.57059e-1, 3.38087e+1, 1.26536e-2, 3.82019e+1, 1.23772e-2, 2.76177e+0, 5.64747e-4, 2.73430e+0, 4.67090e-4, 2.00000e+1, 0.00000e+0, 1.30000e+1, 0.00000e+0, 3, 2, 
03/23/2022 11:24:26.413, 03/23/2022 11:24:26.337, 4.15930e+0, 7.29346e-5, 9.81094e+1, 1.08534e-2, 1.75612e+0, 3.25120e-3, 2.22963e+4, 1.74039e+2, 3.80099e+2, 8.98486e-1, 1.79617e+0, 3.37954e-3, 3.88767e+2, 9.41750e-1, 4.98333e+2, 1.04719e+0, 3.38448e+1, 1.08336e-2, 3.82381e+1, 1.59813e-2, 2.76202e+0, 7.90312e-4, 2.73469e+0, 2.46235e-4, 2.00000e+1, 0.00000e+0, 1.30000e+1, 0.00000e+0, 3, 2, 
03/23/2022 11:24:36.340, 03/23/2022 11:24:36.282, 4.15925e+0, 6.08292e-5, 9.81026e+1, 9.05197e-3, 1.76635e+0, 5.06406e-3, 2.26889e+4, 2.31836e+2, 3.82073e+2, 8.12549e-1, 1.80735e+0, 5.37806e-3, 3.90943e+2, 9.11295e-1, 4.98431e+2, 8.41901e-1, 3.38818e+1, 9.92541e-3, 3.82643e+1, 8.11462e-3, 2.76188e+0, 7.15580e-4, 2.73457e+0, 5.10245e-4, 2.00000e+1, 0.00000e+0, 1.30000e+1, 0.00000e+0, 3, 2, 
03/23/2022 11:24:46.301, 03/23/2022 11:24:46.229, 4.15921e+0, 7.08337e-5, 9.80964e+1, 1.05407e-2, 1.77190e+0, 3.66278e-3, 2.30246e+4, 1.13021e+2, 3.81088e+2, 9.19486e-1, 1.81366e+0, 3.75793e-3, 3.90069e+2, 9.43135e-1, 4.98314e+2, 9.54526e-1, 3.39159e+1, 1.26337e-2, 3.82935e+1, 1.65823e-2, 2.76121e+0, 4.72191e-4, 2.73422e+0, 5.45181e-4, 2.00000e+1, 0.00000e+0, 1.30000e+1, 0.00000e+0, 3, 2, 
03/23/2022 11:24:56.233, 03/23/2022 11:24:56.174, 4.15923e+0, 7.11358e-5, 9.81002e+1, 1.05857e-2, 1.76152e+0, 8.14619e-3, 2.32494e+4, 1.35901e+2, 3.79158e+2, 9.07186e-1, 1.80345e+0, 8.40646e-3, 3.88183e+2, 9.45052e-1, 4.98312e+2, 1.19035e+0, 3.39437e+1, 6.08401e-3, 3.83168e+1, 1.89354e-2, 2.76151e+0, 5.99055e-4, 2.73433e+0, 3.59981e-4, 2.00000e+1, 0.00000e+0, 1.30000e+1, 0.00000e+0, 3, 2, 
03/23/2022 11:25:06.182, 03/23/2022 11:25:06.119, 4.15931e+0, 4.88546e-5, 9.81118e+1, 7.27002e-3, 1.75392e+0, 2.89387e-3, 2.27498e+4, 2.90708e+2, 3.78585e+2, 6.53809e-1, 1.79475e+0, 2.74320e-3, 3.87398e+2, 6.35343e-1, 4.98276e+2, 9.54356e-1, 3.39600e+1, 1.15463e-2, 3.83451e+1, 1.37556e-2, 2.76157e+0, 4.74156e-4, 2.73465e+0, 6.93501e-4, 2.00000e+1, 0.00000e+0, 1.30000e+1, 0.00000e+0, 3, 2, 
03/23/2022 11:25:16.121, 03/23/2022 11:25:16.065, 4.15926e+0, 6.15394e-5, 9.81042e+1, 9.15764e-3, 1.75330e+0, 2.74136e-3, 2.22465e+4, 1.36574e+2, 3.79084e+2, 6.91242e-1, 1.79319e+0, 2.85319e-3, 3.87709e+2, 6.94614e-1, 4.98333e+2, 1.14738e+0, 3.39942e+1, 1.27098e-2, 3.83625e+1, 1.25332e-2, 2.76157e+0, 5.24598e-4, 2.73432e+0, 6.26298e-4, 2.00000e+1, 0.00000e+0, 1.30000e+1, 0.00000e+0, 3, 1, 
03/23/2022 11:25:26.070, 03/23/2022 11:25:26.011, 4.15924e+0, 6.29947e-5, 9.81009e+1, 9.37421e-3, 1.76094e+0, 3.90387e-3, 2.22483e+4, 1.59808e+2, 3.79972e+2, 9.05327e-1, 1.80101e+0, 4.14499e-3, 3.88618e+2, 9.52045e-1, 4.98475e+2, 9.79576e-1, 3.40339e+1, 1.23197e-2, 3.83852e+1, 1.54619e-2, 2.76188e+0, 4.74650e-4, 2.73475e+0, 6.04470e-4, 2.00000e+1, 0.00000e+0, 1.30000e+1, 0.00000e+0, 3, 1, 
03/23/2022 11:25:36.008, 03/23/2022 11:25:35.956, 4.15926e+0, 7.01581e-5, 9.81045e+1, 1.04402e-2, 1.76501e+0, 2.74811e-3, 2.25135e+4, 1.40619e+2, 3.79941e+2, 6.40485e-1, 1.80566e+0, 2.71330e-3, 3.88692e+2, 6.36279e-1, 4.98157e+2, 9.32500e-1, 3.40755e+1, 1.24055e-2, 3.84248e+1, 2.06985e-2, 2.76125e+0, 6.26822e-4, 2.73417e+0, 5.95250e-4, 2.00000e+1, 0.00000e+0, 1.30000e+1, 0.00000e+0, 3, 1, 
03/23/2022 11:25:45.960, 03/23/2022 11:25:45.901, 4.15931e+0, 6.43788e-5, 9.81112e+1, 9.58018e-3, 1.75971e+0, 2.87782e-3, 2.28001e+4, 1.49340e+2, 3.80117e+2, 8.37044e-1, 1.80076e+0, 2.84808e-3, 3.88986e+2, 8.88645e-1, 4.98247e+2, 1.11624e+0, 3.41089e+1, 9.75187e-3, 3.84526e+1, 2.60649e-2, 2.76155e+0, 6.66250e-4, 2.73398e+0, 5.40901e-4, 2.00000e+1, 0.00000e+0, 1.30000e+1, 0.00000e+0, 3, 1, 
03/23/2022 11:25:55.904, 03/23/2022 11:25:55.846, 4.15932e+0, 1.24132e-4, 9.81131e+1, 1.84720e-2, 1.75974e+0, 3.69547e-3, 2.26080e+4, 1.59927e+2, 3.80314e+2, 7.45104e-1, 1.80044e+0, 3.70656e-3, 3.89111e+2, 7.48257e-1, 4.98326e+2, 1.02747e+0, 3.41443e+1, 1.01589e-2, 3.84799e+1, 1.67124e-2, 2.76130e+0, 4.86709e-4, 2.73374e+0, 5.03828e-4, 2.00000e+1, 0.00000e+0, 1.30000e+1, 0.00000e+0, 3, 1, 
03/23/2022 11:26:05.848, 03/23/2022 11:26:05.791, 4.15929e+0, 6.84041e-5, 9.81081e+1, 1.01792e-2, 1.75949e+0, 3.60716e-3, 2.25999e+4, 1.67568e+2, 3.80430e+2, 8.93978e-1, 1.80018e+0, 3.53101e-3, 3.89226e+2, 9.03140e-1, 4.98227e+2, 1.01426e+0, 3.41721e+1, 1.02546e-2, 3.84964e+1, 1.67068e-2, 2.76105e+0, 5.68654e-4, 2.73380e+0, 4.64738e-4, 2.00000e+1, 0.00000e+0, 1.30000e+1, 0.00000e+0, 3, 1, 
03/23/2022 11:26:15.797, 03/23/2022 11:26:15.736, 4.15935e+0, 6.00840e-5, 9.81178e+1, 8.94107e-3, 1.75580e+0, 3.26648e-3, 2.26874e+4, 1.62036e+2, 3.78417e+2, 8.62952e-1, 1.79656e+0, 3.28667e-3, 3.87202e+2, 8.69660e-1, 4.98330e+2, 9.25021e-1, 3.42044e+1, 8.98220e-3, 3.85190e+1, 1.14288e-2, 2.76101e+0, 5.87558e-4, 2.73380e+0, 5.05632e-4, 2.00000e+1, 0.00000e+0, 1.30000e+1, 0.00000e+0, 3, 1, 
03/23/2022 11:26:25.739, 03/23/2022 11:26:25.683, 4.15937e+0, 7.17515e-5, 9.81211e+1, 1.06773e-2, 1.75296e+0, 2.44995e-3, 2.28417e+4, 1.24164e+2, 3.78645e+2, 4.54529e-1, 1.79394e+0, 2.53962e-3, 3.87496e+2, 4.65712e-1, 4.98054e+2, 8.31934e-1, 3.42352e+1, 1.37769e-2, 3.85396e+1, 1.61913e-2, 2.76139e+0, 7.59041e-4, 2.73387e+0, 4.05688e-4, 2.00000e+1, 0.00000e+0, 1.30000e+1, 0.00000e+0, 3, 2, 
03/23/2022 11:26:35.692, 03/23/2022 11:26:35.634, 4.15943e+0, 6.43314e-5, 9.81290e+1, 9.57312e-3, 1.74987e+0, 2.65883e-3, 2.26979e+4, 1.71434e+2, 3.78505e+2, 7.92008e-1, 1.79051e+0, 2.66744e-3, 3.87296e+2, 8.11729e-1, 4.98336e+2, 9.82816e-1, 3.42677e+1, 8.60564e-3, 3.85773e+1, 2.20043e-2, 2.76097e+0, 9.41785e-4, 2.73401e+0, 7.53201e-4, 2.00000e+1, 0.00000e+0, 1.30000e+1, 0.00000e+0, 3, 2, 
03/23/2022 11:26:45.639, 03/23/2022 11:26:45.579, 4.15941e+0, 5.24327e-5, 9.81266e+1, 7.80248e-3, 1.75065e+0, 2.39657e-3, 2.24681e+4, 1.85949e+2, 3.78592e+2, 7.43662e-1, 1.79089e+0, 2.45425e-3, 3.87293e+2, 7.64781e-1, 4.98245e+2, 8.84565e-1, 3.43030e+1, 1.07419e-2, 3.85744e+1, 2.03071e-2, 2.76136e+0, 6.15691e-4, 2.73388e+0, 7.86808e-4, 2.00000e+1, 0.00000e+0, 1.30000e+1, 0.00000e+0, 3, 2, 
03/23/2022 11:26:55.584, 03/23/2022 11:26:55.525, 4.15934e+0, 8.19217e-5, 9.81163e+1, 1.21907e-2, 1.75010e+0, 1.83688e-3, 2.23308e+4, 1.29642e+2, 3.78907e+2, 6.36078e-1, 1.79008e+0, 1.77999e-3, 3.87561e+2, 6.22163e-1, 4.98026e+2, 1.02860e+0, 3.43337e+1, 7.49850e-3, 3.85862e+1, 1.52481e-2, 2.76106e+0, 6.14069e-4, 2.73396e+0, 8.57241e-4, 2.00000e+1, 0.00000e+0, 1.30000e+1, 0.00000e+0, 3, 2, 
03/23/2022 11:27:05.531, 03/23/2022 11:27:05.472, 4.15931e+0, 6.59946e-5, 9.81121e+1, 9.82062e-3, 1.74956e+0, 2.23549e-3, 2.22648e+4, 1.26379e+2, 3.79198e+2, 7.48554e-1, 1.78940e+0, 2.27039e-3, 3.87833e+2, 7.52082e-1, 4.98396e+2, 9.76149e-1, 3.43581e+1, 7.58993e-3, 3.86086e+1, 1.83596e-2, 2.76146e+0, 5.73370e-4, 2.73430e+0, 3.57408e-4, 2.00000e+1, 0.00000e+0, 1.30000e+1, 0.00000e+0, 3, 2, 
03/23/2022 11:27:15.498, 03/23/2022 11:27:15.416, 4.15937e+0, 9.60667e-5, 9.81204e+1, 1.42956e-2, 1.75132e+0, 3.57241e-3, 2.21303e+4, 1.15359e+2, 3.79246e+2, 6.33648e-1, 1.79096e+0, 3.68771e-3, 3.87829e+2, 6.55640e-1, 4.98068e+2, 9.31249e-1, 3.43822e+1, 8.60960e-3, 3.86388e+1, 1.74399e-2, 2.76117e+0, 2.69390e-4, 2.73414e+0, 5.23319e-4, 2.00000e+1, 0.00000e+0, 1.30000e+1, 0.00000e+0, 3, 2, 
03/23/2022 11:27:25.422, 03/23/2022 11:27:25.362, 4.15934e+0, 1.30268e-4, 9.81164e+1, 1.93851e-2, 1.74928e+0, 3.06915e-3, 2.20682e+4, 1.74197e+2, 3.79369e+2, 8.50350e-1, 1.78875e+0, 3.07413e-3, 3.87929e+2, 8.46503e-1, 4.98263e+2, 9.48578e-1, 3.44072e+1, 6.82112e-3, 3.86519e+1, 1.87105e-2, 2.76156e+0, 6.15337e-4, 2.73417e+0, 6.78534e-4, 2.00000e+1, 0.00000e+0, 1.30000e+1, 0.00000e+0, 3, 1, 
03/23/2022 11:27:35.370, 03/23/2022 11:27:35.307, 4.15938e+0, 7.31953e-5, 9.81224e+1, 1.08922e-2, 1.75206e+0, 3.64585e-3, 2.20765e+4, 1.08805e+2, 3.79092e+2, 7.82330e-1, 1.79161e+0, 3.62091e-3, 3.87650e+2, 7.89189e-1, 4.98571e+2, 1.28795e+0, 3.44370e+1, 1.17535e-2, 3.86970e+1, 2.94304e-2, 2.76142e+0, 4.90347e-4, 2.73408e+0, 5.16789e-4, 2.00000e+1, 0.00000e+0, 1.30000e+1, 0.00000e+0, 3, 1, 
03/23/2022 11:27:45.316, 03/23/2022 11:27:45.252, 4.15944e+0, 1.08807e-4, 9.81317e+1, 1.61915e-2, 1.75387e+0, 2.53980e-3, 2.22724e+4, 1.16940e+2, 3.79354e+2, 6.97808e-1, 1.79382e+0, 2.50112e-3, 3.87995e+2, 6.85661e-1, 4.98876e+2, 7.17477e-1, 3.44752e+1, 1.37500e-2, 3.86811e+1, 1.94205e-2, 2.76135e+0, 6.36712e-4, 2.73415e+0, 7.42388e-4, 2.00000e+1, 0.00000e+0, 1.37000e+1, 2.21359e+0, 3, 1, 
03/23/2022 11:27:55.254, 03/23/2022 11:27:55.197, 4.15938e+0, 1.21368e-4, 9.81221e+1, 1.80607e-2, 1.75213e+0, 1.89150e-3, 2.23318e+4, 1.11164e+2, 3.78500e+2, 5.47567e-1, 1.79215e+0, 1.94455e-3, 3.87146e+2, 5.49345e-1, 4.98386e+2, 7.86977e-1, 3.45118e+1, 8.44864e-3, 3.87140e+1, 2.02433e-2, 2.76130e+0, 7.05321e-4, 2.73395e+0, 5.21230e-4, 2.00000e+1, 0.00000e+0, 1.58000e+1, 3.61478e+0, 3, 1, 
03/23/2022 11:28:05.209, 03/23/2022 11:28:05.143, 4.15950e+0, 8.46316e-5, 9.81399e+1, 1.25940e-2, 1.75221e+0, 2.99791e-3, 2.24101e+4, 1.54248e+2, 3.78884e+2, 8.19909e-1, 1.79238e+0, 3.04474e-3, 3.87569e+2, 8.25099e-1, 4.98674e+2, 6.84097e-1, 3.45467e+1, 1.24445e-2, 3.87227e+1, 1.54192e-2, 2.76144e+0, 4.78264e-4, 2.73370e+0, 6.61192e-4, 2.00000e+1, 0.00000e+0, 1.37000e+1, 2.21359e+0, 3, 1, 
03/23/2022 11:28:15.147, 03/23/2022 11:28:15.088, 4.15949e+0, 9.84840e-5, 9.81378e+1, 1.46554e-2, 1.75232e+0, 2.70557e-3, 2.26641e+4, 1.46033e+2, 3.79052e+2, 8.61605e-1, 1.79296e+0, 2.64449e-3, 3.87842e+2, 8.93081e-1, 4.98505e+2, 9.75681e-1, 3.45721e+1, 8.16552e-3, 3.87563e+1, 1.96636e-2, 2.76103e+0, 6.72173e-4, 2.73357e+0, 4.67762e-4, 2.00000e+1, 0.00000e+0, 1.58000e+1, 3.61478e+0, 3, 1, 
03/23/2022 11:28:25.096, 03/23/2022 11:28:25.035, 4.15947e+0, 1.51848e-4, 9.81359e+1, 2.25965e-2, 1.75020e+0, 3.49473e-3, 2.26132e+4, 1.39876e+2, 3.79135e+2, 1.06904e+0, 1.79070e+0, 3.59646e-3, 3.87907e+2, 1.08959e+0, 4.98237e+2, 1.62595e+0, 3.46050e+1, 1.25373e-2, 3.87748e+1, 2.22126e-2, 2.76109e+0, 6.42564e-4, 2.73360e+0, 7.51492e-4, 2.00000e+1, 0.00000e+0, 1.30000e+1, 0.00000e+0, 3, 2, 
03/23/2022 11:28:35.037, 03/23/2022 11:28:34.980, 4.15948e+0, 1.02561e-4, 9.81374e+1, 1.52620e-2, 1.75004e+0, 4.40030e-3, 2.23524e+4, 1.52352e+2, 3.79500e+2, 6.61217e-1, 1.79005e+0, 4.54708e-3, 3.88177e+2, 6.93991e-1, 4.98232e+2, 1.00725e+0, 3.46299e+1, 1.11577e-2, 3.87878e+1, 2.55830e-2, 2.76110e+0, 5.59025e-4, 2.73382e+0, 6.78350e-4, 2.00000e+1, 0.00000e+0, 1.30000e+1, 0.00000e+0, 3, 2, 
03/23/2022 11:28:44.983, 03/23/2022 11:28:44.925, 4.15960e+0, 1.15389e-4, 9.81554e+1, 1.71710e-2, 1.75446e+0, 2.85439e-3, 2.23142e+4, 1.24848e+2, 3.80032e+2, 7.07622e-1, 1.79450e+0, 2.94048e-3, 3.88705e+2, 6.93196e-1, 4.98370e+2, 1.19506e+0, 3.46599e+1, 6.70489e-3, 3.88116e+1, 2.96291e-2, 2.76099e+0, 6.28073e-4, 2.73400e+0, 5.01257e-4, 2.00000e+1, 0.00000e+0, 1.30000e+1, 0.00000e+0, 3, 2, 
03/23/2022 11:28:54.929, 03/23/2022 11:28:54.871, 4.15957e+0, 1.37868e-4, 9.81499e+1, 2.05160e-2, 1.75880e+0, 5.28723e-3, 2.22785e+4, 1.60608e+2, 3.80523e+2, 7.12836e-1, 1.79887e+0, 5.38716e-3, 3.89193e+2, 7.09672e-1, 4.98662e+2, 1.12473e+0, 3.46868e+1, 9.77261e-3, 3.88263e+1, 2.62254e-2, 2.76095e+0, 8.57892e-4, 2.73382e+0, 6.10832e-4, 2.00000e+1, 0.00000e+0, 1.30000e+1, 0.00000e+0, 3, 2, 
03/23/2022 11:29:04.873, 03/23/2022 11:29:04.815, 4.15959e+0, 9.75976e-5, 9.81539e+1, 1.45235e-2, 1.75293e+0, 3.44290e-3, 2.22030e+4, 1.82600e+2, 3.79590e+2, 5.92420e-1, 1.79273e+0, 3.70397e-3, 3.88210e+2, 6.21342e-1, 4.98461e+2, 1.23721e+0, 3.47125e+1, 7.41871e-3, 3.88494e+1, 2.54716e-2, 2.76087e+0, 6.60620e-4, 2.73385e+0, 5.43845e-4, 2.00000e+1, 0.00000e+0, 1.30000e+1, 0.00000e+0, 3, 2, 
03/23/2022 11:29:14.841, 03/23/2022 11:29:14.762, 4.15968e+0, 1.29108e-4, 9.81660e+1, 1.92126e-2, 1.75282e+0, 2.98382e-3, 2.19748e+4, 1.52032e+2, 3.78901e+2, 3.14230e-1, 1.79221e+0, 2.99156e-3, 3.87414e+2, 3.53872e-1, 4.98449e+2, 1.13122e+0, 3.47407e+1, 4.99749e-3, 3.88631e+1, 2.27158e-2, 2.76111e+0, 6.14702e-4, 2.73380e+0, 7.09949e-4, 2.00000e+1, 0.00000e+0, 1.30000e+1, 0.00000e+0, 3, 2, 
03/23/2022 11:29:24.765, 03/23/2022 11:29:24.707, 4.15953e+0, 1.48905e-4, 9.81446e+1, 2.21584e-2, 1.75386e+0, 2.92948e-3, 2.19553e+4, 1.40114e+2, 3.78686e+2, 6.98739e-1, 1.79323e+0, 3.10529e-3, 3.87187e+2, 7.07874e-1, 4.98315e+2, 9.14382e-1, 3.47663e+1, 9.09753e-3, 3.88629e+1, 2.01787e-2, 2.76063e+0, 6.52380e-4, 2.73351e+0, 5.53815e-4, 2.00000e+1, 0.00000e+0, 1.30000e+1, 0.00000e+0, 3, 1, 
03/23/2022 11:29:34.706, 03/23/2022 11:29:34.651, 4.15954e+0, 1.34147e-4, 9.81465e+1, 1.99624e-2, 1.75885e+0, 3.67093e-3, 2.23145e+4, 2.00809e+2, 3.80263e+2, 9.10558e-1, 1.79899e+0, 3.81657e-3, 3.88942e+2, 9.69418e-1, 4.98433e+2, 1.00076e+0, 3.47913e+1, 5.98763e-3, 3.89027e+1, 4.11565e-2, 2.76063e+0, 3.99081e-4, 2.73367e+0, 6.75204e-4, 2.00000e+1, 0.00000e+0, 1.30000e+1, 0.00000e+0, 3, 1, 
03/23/2022 11:29:44.655, 03/23/2022 11:29:44.598, 4.15962e+0, 1.06740e-4, 9.81575e+1, 1.58839e-2, 1.76488e+0, 2.97198e-3, 2.25382e+4, 1.48146e+2, 3.81154e+2, 1.03722e+0, 1.80558e+0, 3.08868e-3, 3.89942e+2, 1.07839e+0, 4.98469e+2, 9.01817e-1, 3.48175e+1, 9.65608e-3, 3.89071e+1, 2.34226e-2, 2.76067e+0, 3.71105e-4, 2.73361e+0, 2.40871e-4, 2.00000e+1, 0.00000e+0, 1.30000e+1, 0.00000e+0, 3, 1, 
03/23/2022 11:29:54.601, 03/23/2022 11:29:54.542, 4.15955e+0, 1.39774e-4, 9.81468e+1, 2.07998e-2, 1.75505e+0, 3.96654e-3, 2.25563e+4, 1.75081e+2, 3.79810e+2, 5.83949e-1, 1.79555e+0, 4.17440e-3, 3.88575e+2, 6.24855e-1, 4.98334e+2, 8.34574e-1, 3.48448e+1, 7.98292e-3, 3.89245e+1, 2.66271e-2, 2.76055e+0, 5.71043e-4, 2.73356e+0, 3.43695e-4, 2.00000e+1, 0.00000e+0, 1.30000e+1, 0.00000e+0, 3, 1, 
03/23/2022 11:30:04.573, 03/23/2022 11:30:04.488, 4.15947e+0, 2.06261e-4, 9.81353e+1, 3.06937e-2, 1.75076e+0, 3.10124e-3, 2.19778e+4, 3.36678e+2, 3.78958e+2, 9.18106e-1, 1.79011e+0, 3.18513e-3, 3.87474e+2, 1.00649e+0, 4.98469e+2, 1.61157e+0, 3.48737e+1, 9.13224e-3, 3.89573e+1, 5.51345e-2, 2.76089e+0, 5.80946e-4, 2.73374e+0, 6.57876e-4, 2.00000e+1, 0.00000e+0, 1.30000e+1, 0.00000e+0, 3, 1, 
03/23/2022 11:30:14.511, 03/23/2022 11:30:14.433, 4.15950e+0, 1.09596e-4, 9.81392e+1, 1.63090e-2, 1.75074e+0, 2.74576e-3, 2.19185e+4, 1.76069e+2, 3.78799e+2, 1.05427e+0, 1.78998e+0, 2.81532e-3, 3.87288e+2, 1.10381e+0, 4.98475e+2, 9.27541e-1, 3.49086e+1, 1.05094e-2, 3.89595e+1, 2.16726e-2, 2.76066e+0, 5.65312e-4, 2.73386e+0, 4.81695e-4, 2.00000e+1, 0.00000e+0, 1.30000e+1, 0.00000e+0, 3, 1, 
03/23/2022 11:30:24.445, 03/23/2022 11:30:24.385, 4.15958e+0, 1.14098e-4, 9.81515e+1, 1.69789e-2, 1.75323e+0, 5.46304e-3, 2.20134e+4, 1.80802e+2, 3.79509e+2, 1.39589e+0, 1.79270e+0, 5.84746e-3, 3.88052e+2, 1.47952e+0, 4.98247e+2, 1.15119e+0, 3.49332e+1, 5.39208e-3, 3.89821e+1, 1.89089e-2, 2.76057e+0, 4.23842e-4, 2.73371e+0, 7.82270e-4, 2.00000e+1, 0.00000e+0, 1.30000e+1, 0.00000e+0, 3, 2, 
03/23/2022 11:30:34.392, 03/23/2022 11:30:34.331, 4.15960e+0, 5.80993e-5, 9.81545e+1, 8.64574e-3, 1.75859e+0, 3.45127e-3, 2.20503e+4, 1.75281e+2, 3.79896e+2, 9.79665e-1, 1.79824e+0, 3.47216e-3, 3.88461e+2, 1.03256e+0, 4.98471e+2, 7.67038e-1, 3.49600e+1, 7.12828e-3, 3.89959e+1, 2.01238e-2, 2.76110e+0, 5.08614e-4, 2.73368e+0, 4.44439e-4, 2.00000e+1, 0.00000e+0, 1.30000e+1, 0.00000e+0, 3, 2, 
03/23/2022 11:30:44.356, 03/23/2022 11:30:44.276, 4.15957e+0, 1.39478e-4, 9.81507e+1, 2.07557e-2, 1.75323e+0, 3.82789e-3, 2.18833e+4, 1.18740e+2, 3.79162e+2, 7.54502e-1, 1.79245e+0, 3.89122e-3, 3.87645e+2, 7.69429e-1, 4.98182e+2, 1.29131e+0, 3.49845e+1, 1.02046e-2, 3.90117e+1, 1.99175e-2, 2.76093e+0, 5.85927e-4, 2.73348e+0, 3.56506e-4, 2.00000e+1, 0.00000e+0, 1.30000e+1, 0.00000e+0, 3, 2, 
03/23/2022 11:30:54.277, 03/23/2022 11:30:54.222, 4.15962e+0, 1.50994e-4, 9.81573e+1, 2.24693e-2, 1.75418e+0, 3.10284e-3, 2.19642e+4, 1.55012e+2, 3.78631e+2, 6.38001e-1, 1.79358e+0, 3.25379e-3, 3.87134e+2, 6.28129e-1, 4.98409e+2, 1.03307e+0, 3.50141e+1, 4.66565e-3, 3.90286e+1, 1.47427e-2, 2.76077e+0, 6.27940e-4, 2.73381e+0, 4.12304e-4, 2.00000e+1, 0.00000e+0, 1.30000e+1, 0.00000e+0, 3, 2, 
03/23/2022 11:31:04.226, 03/23/2022 11:31:04.166, 4.15961e+0, 1.39959e-4, 9.81560e+1, 2.08272e-2, 1.75401e+0, 2.16841e-3, 2.18480e+4, 1.61673e+2, 3.79495e+2, 7.71974e-1, 1.79318e+0, 2.06345e-3, 3.87971e+2, 7.86628e-1, 4.98162e+2, 6.39964e-1, 3.50403e+1, 1.22532e-2, 3.90604e+1, 2.78348e-2, 2.76105e+0, 6.19267e-4, 2.73387e+0, 4.51057e-4, 2.00000e+1, 0.00000e+0, 1.37000e+1, 2.21359e+0, 3, 2, 
03/23/2022 11:31:14.169, 03/23/2022 11:31:14.113, 4.15965e+0, 2.08041e-4, 9.81616e+1, 3.09585e-2, 1.75917e+0, 5.65340e-3, 2.20849e+4, 1.56729e+2, 3.80007e+2, 1.50370e+0, 1.79890e+0, 5.87783e-3, 3.88589e+2, 1.56479e+0, 4.98258e+2, 1.03943e+0, 3.50661e+1, 5.48458e-3, 3.90706e+1, 1.87645e-2, 2.76097e+0, 7.08409e-4, 2.73327e+0, 3.32282e-4, 2.00000e+1, 0.00000e+0, 1.58000e+1, 3.61478e+0, 3, 2, 
03/23/2022 11:31:24.121, 03/23/2022 11:31:24.064, 4.15968e+0, 1.07790e-4, 9.81672e+1, 1.60402e-2, 1.76669e+0, 4.52961e-3, 2.21917e+4, 1.22603e+2, 3.82414e+2, 6.30557e-1, 1.80679e+0, 4.69676e-3, 3.91093e+2, 6.44454e-1, 4.98164e+2, 1.04637e+0, 3.51016e+1, 1.42535e-2, 3.90909e+1, 2.33099e-2, 2.76091e+0, 5.66522e-4, 2.73352e+0, 3.53611e-4, 2.00000e+1, 0.00000e+0, 1.30000e+1, 0.00000e+0, 3, 1, 
03/23/2022 11:31:34.072, 03/23/2022 11:31:34.010, 4.15971e+0, 1.01036e-4, 9.81705e+1, 1.50350e-2, 1.76220e+0, 5.09346e-3, 2.25057e+4, 1.69746e+2, 3.80694e+2, 1.71451e+0, 1.80278e+0, 5.06554e-3, 3.89459e+2, 1.72076e+0, 4.98016e+2, 8.54295e-1, 3.51303e+1, 1.25092e-2, 3.91093e+1, 1.98262e-2, 2.76066e+0, 4.86160e-4, 2.73364e+0, 4.39189e-4, 2.00000e+1, 0.00000e+0, 1.30000e+1, 0.00000e+0, 3, 1, 
03/23/2022 11:31:44.046, 03/23/2022 11:31:43.955, 4.15966e+0, 1.19590e-4, 9.81642e+1, 1.77961e-2, 1.75606e+0, 3.28091e-3, 2.25258e+4, 1.21173e+2, 3.79871e+2, 7.74228e-1, 1.79652e+0, 3.37991e-3, 3.88625e+2, 8.03099e-1, 4.98069e+2, 1.09468e+0, 3.51524e+1, 8.24597e-3, 3.91519e+1, 2.26104e-2, 2.76077e+0, 7.98506e-4, 2.73332e+0, 4.08064e-4, 2.00000e+1, 0.00000e+0, 1.30000e+1, 0.00000e+0, 3, 1, 
03/23/2022 11:31:53.957, 03/23/2022 11:31:53.900, 4.15976e+0, 1.07778e-4, 9.81785e+1, 1.60384e-2, 1.75391e+0, 2.27444e-3, 2.24575e+4, 1.69840e+2, 3.82259e+2, 2.06744e+0, 1.79420e+0, 2.52728e-3, 3.91041e+2, 2.12724e+0, 4.98352e+2, 1.38889e+0, 3.51858e+1, 1.41773e-2, 3.90928e+1, 3.80519e-2, 2.76099e+0, 6.61322e-4, 2.73387e+0, 5.26334e-4, 2.00000e+1, 0.00000e+0, 1.30000e+1, 0.00000e+0, 3, 1, 
03/23/2022 11:32:03.903, 03/23/2022 11:32:03.846, 4.15979e+0, 1.38808e-4, 9.81826e+1, 2.06560e-2, 1.75735e+0, 2.39568e-3, 2.26433e+4, 1.18847e+2, 3.86113e+2, 2.69573e+0, 1.79806e+0, 2.58483e-3, 3.95058e+2, 2.78144e+0, 4.98084e+2, 9.56226e-1, 3.52295e+1, 2.21277e-2, 3.91051e+1, 3.75043e-2, 2.76123e+0, 4.99856e-4, 2.73375e+0, 3.51428e-4, 2.00000e+1, 0.00000e+0, 1.30000e+1, 0.00000e+0, 3, 1, 
03/23/2022 11:32:13.851, 03/23/2022 11:32:13.791, 4.15971e+0, 1.13711e-4, 9.81712e+1, 1.69213e-2, 1.75459e+0, 4.12124e-3, 2.33535e+4, 2.52322e+2, 3.90860e+2, 1.99174e+0, 1.79655e+0, 4.10109e-3, 4.00206e+2, 2.01988e+0, 4.98315e+2, 1.55012e+0, 3.52616e+1, 5.28900e-3, 3.91444e+1, 1.60866e-2, 2.76115e+0, 5.58199e-4, 2.73363e+0, 5.32870e-4, 2.00000e+1, 0.00000e+0, 1.30000e+1, 0.00000e+0, 3, 1, 
03/23/2022 11:32:23.802, 03/23/2022 11:32:23.736, 4.15962e+0, 4.20718e-5, 9.81574e+1, 6.26069e-3, 1.75323e+0, 2.55954e-3, 2.34953e+4, 9.66328e+1, 3.92910e+2, 5.00149e+0, 1.79541e+0, 2.58940e-3, 4.02364e+2, 5.11278e+0, 4.98283e+2, 1.17074e+0, 3.52754e+1, 8.83269e-3, 3.91142e+1, 1.78607e-2, 2.76070e+0, 8.81584e-4, 2.73348e+0, 7.02882e-4, 2.00000e+1, 0.00000e+0, 1.30000e+1, 0.00000e+0, 3, 2, 
03/23/2022 11:32:33.745, 03/23/2022 11:32:33.682, 4.15957e+0, 9.85550e-5, 9.81505e+1, 1.46659e-2, 1.75209e+0, 2.36394e-3, 2.35754e+4, 1.39885e+2, 4.00366e+2, 2.14402e+1, 1.79439e+0, 2.36546e-3, 4.10032e+2, 2.19457e+1, 4.98224e+2, 8.92751e-1, 3.52999e+1, 9.94690e-3, 3.91322e+1, 1.71345e-2, 2.76083e+0, 4.99383e-4, 2.73370e+0, 5.09326e-4, 2.00000e+1, 0.00000e+0, 1.30000e+1, 0.00000e+0, 3, 2, 
03/23/2022 11:32:43.694, 03/23/2022 11:32:43.634, 4.15968e+0, 1.03420e-4, 9.81663e+1, 1.53899e-2, 1.75189e+0, 3.09554e-3, 2.33274e+4, 1.68933e+2, 4.05159e+2, 1.76465e+1, 1.79374e+0, 3.11594e-3, 4.14838e+2, 1.81211e+1, 4.98167e+2, 1.34503e+0, 3.53329e+1, 1.82109e-2, 3.91171e+1, 2.42925e-2, 2.76043e+0, 6.41988e-4, 2.73321e+0, 7.33251e-4, 2.00000e+1, 0.00000e+0, 1.30000e+1, 0.00000e+0, 3, 2, 
03/23/2022 11:32:53.638, 03/23/2022 11:32:53.579, 4.15971e+0, 1.53305e-4, 9.81713e+1, 2.28132e-2, 1.75258e+0, 3.01812e-3, 2.29046e+4, 1.67580e+2, 3.82818e+2, 1.25841e+0, 1.79366e+0, 3.10797e-3, 3.91792e+2, 1.28584e+0, 4.97971e+2, 8.67308e-1, 3.54039e+1, 2.37439e-2, 3.92096e+1, 5.55347e-2, 2.76087e+0, 7.14255e-4, 2.73428e+0, 6.81185e-4, 2.00000e+1, 0.00000e+0, 1.65000e+1, 3.68932e+0, 3, 2, 
03/23/2022 11:33:03.582, 03/23/2022 11:33:03.525, 4.15969e+0, 1.00983e-4, 9.81677e+1, 1.50272e-2, 1.75132e+0, 2.10922e-3, 2.29152e+4, 1.65133e+2, 3.79734e+2, 7.76546e-1, 1.79239e+0, 2.23672e-3, 3.88640e+2, 7.75719e-1, 4.98378e+2, 1.19219e+0, 3.54394e+1, 1.06780e-2, 3.93231e+1, 2.64746e-2, 2.76094e+0, 7.12862e-4, 2.73338e+0, 6.76758e-4, 2.00000e+1, 0.00000e+0, 1.30000e+1, 0.00000e+0, 3, 2, 
03/23/2022 11:33:13.526, 03/23/2022 11:33:13.470, 4.15971e+0, 1.53358e-4, 9.81708e+1, 2.28211e-2, 1.75073e+0, 2.69654e-3, 2.32710e+4, 2.22277e+2, 3.78400e+2, 8.72375e-1, 1.79244e+0, 2.78416e-3, 3.87415e+2, 8.62663e-1, 4.98210e+2, 8.94538e-1, 3.54702e+1, 1.17481e-2, 3.93582e+1, 3.69837e-2, 2.76041e+0, 6.30276e-4, 2.73268e+0, 6.10711e-4, 2.00000e+1, 0.00000e+0, 1.30000e+1, 0.00000e+0, 3, 2, 
03/23/2022 11:33:23.500, 03/23/2022 11:33:23.416, 4.15979e+0, 1.46779e-4, 9.81837e+1, 2.18421e-2, 1.75095e+0, 2.71645e-3, 2.29622e+4, 1.78121e+2, 3.79066e+2, 5.58372e-1, 1.79210e+0, 2.64108e-3, 3.87975e+2, 5.60390e-1, 4.98237e+2, 7.75212e-1, 3.55052e+1, 1.00861e-2, 3.93814e+1, 2.46314e-2, 2.76042e+0, 8.58326e-4, 2.73295e+0, 4.62934e-4, 2.00000e+1, 0.00000e+0, 1.65000e+1, 3.68932e+0, 3, 1, 
03/23/2022 11:33:33.439, 03/23/2022 11:33:33.361, 4.15987e+0, 9.86934e-5, 9.81942e+1, 1.46865e-2, 1.75488e+0, 3.60038e-3, 2.29707e+4, 1.94881e+2, 3.82228e+2, 1.37024e+0, 1.79614e+0, 3.91984e-3, 3.91215e+2, 1.44752e+0, 4.98115e+2, 9.71305e-1, 3.55359e+1, 1.12239e-2, 3.94082e+1, 2.21736e-2, 2.76024e+0, 9.16190e-4, 2.73278e+0, 5.45322e-4, 2.00000e+1, 0.00000e+0, 1.30000e+1, 0.00000e+0, 3, 1, 
03/23/2022 11:33:43.365, 03/23/2022 11:33:43.306, 4.15994e+0, 8.07249e-5, 9.82054e+1, 1.20126e-2, 1.75087e+0, 2.28778e-3, 2.29992e+4, 1.61735e+2, 3.81810e+2, 1.01606e+0, 1.79208e+0, 2.45784e-3, 3.90798e+2, 1.04643e+0, 4.98486e+2, 1.16879e+0, 3.55700e+1, 1.06739e-2, 3.94021e+1, 2.17256e-2, 2.76033e+0, 5.82290e-4, 2.73244e+0, 4.48725e-4, 2.00000e+1, 0.00000e+0, 1.30000e+1, 0.00000e+0, 3, 1, 
