DATE                      TIME                      FRAC_DAYS_SINCE_JAN1      FRAC_HRS_SINCE_JAN1       EPOCH_TIME                ALARM_STATUS              INST_STATUS               CH4                       CH4_dry                   CO2                       CO2_dry                   H2O                       CavityPressure            CavityTemp                Battery_Current           Battery_Temperature       Battery_Voltage           GPS_ABS_LAT               GPS_ABS_LONG              GPS_FIT                   GPS_TIME                  GPS_ALTITUDE              
2022-10-08                15:44:14.974              280.32239554              6727.737493               1665243854.975            2                         899                       3.0299583760E+00          3.1402940134E+00          -1.9631491968E+01         -2.0396112787E+01         3.2234356075E+00          6.0984215864E+02          3.4396326381E+01          -1.1383289296E+00         3.2406421661E+01          1.9072622792E+01          0.0000000000E+00          0.0000000000E+00          0.0000000000E+00          0.0000000000E+00          0.0000000000E+00          
2022-10-08                15:44:17.346              280.32242300              6727.738152               1665243857.347            2                         899                       3.0299270849E+00          3.1402610508E+00          7.2438679031E+02          7.5260056767E+02          3.2234206117E+00          6.0967281559E+02          3.4395133972E+01          -1.2583333412E+00         3.2406421661E+01          1.9058649644E+01          0.0000000000E+00          0.0000000000E+00          0.0000000000E+00          0.0000000000E+00          0.0000000000E+00          
2022-10-08                15:44:19.579              280.32244884              6727.738772               1665243859.580            2                         899                       3.0368677898E+00          3.1392902315E+00          7.2437913298E+02          7.5050498448E+02          2.9932097984E+00          6.0959817929E+02          3.4393866381E+01          -1.4237288410E+00         3.2406421661E+01          1.9023086560E+01          0.0000000000E+00          0.0000000000E+00          0.0000000000E+00          0.0000000000E+00          0.0000000000E+00          
2022-10-08                15:44:26.055              280.32252380              6727.740571               1665243866.056            2                         899                       3.0287528565E+00          3.1366609023E+00          7.2193968857E+02          7.4944912086E+02          3.1561654309E+00          6.0913439699E+02          3.4389335632E+01          -1.1494207090E+00         3.2406421661E+01          1.9066679733E+01          0.0000000000E+00          0.0000000000E+00          0.0000000000E+00          0.0000000000E+00          0.0000000000E+00          
2022-10-08                15:44:28.334              280.32255016              6727.741204               1665243868.334            2                         899                       3.0325054274E+00          3.1439875604E+00          7.2193892193E+02          7.5032647356E+02          3.2531040361E+00          6.0909048280E+02          3.4389208307E+01          -1.1588632310E+00         3.2406421661E+01          1.9065152718E+01          0.0000000000E+00          0.0000000000E+00          0.0000000000E+00          0.0000000000E+00          0.0000000000E+00          
2022-10-08                15:44:39.407              280.32267833              6727.744280               1665243879.408            2                         899                       3.0511408833E+00          3.1554020048E+00          6.5266269256E+02          6.7651317514E+02          3.0313856967E+00          6.0883812506E+02          3.4383232117E+01          -1.1132135391E+00         3.2406421661E+01          1.9066898346E+01          0.0000000000E+00          0.0000000000E+00          0.0000000000E+00          0.0000000000E+00          0.0000000000E+00          
2022-10-08                15:44:41.571              280.32270337              6727.744881               1665243881.571            2                         899                       3.0539524509E+00          3.1593525588E+00          6.5264762016E+02          6.7673645259E+02          3.0606697092E+00          6.0871694724E+02          3.4380470983E+01          -1.2185582996E+00         3.2406421661E+01          1.9062441630E+01          0.0000000000E+00          0.0000000000E+00          0.0000000000E+00          0.0000000000E+00          0.0000000000E+00          
2022-10-08                15:44:43.691              280.32272792              6727.745470               1665243883.692            2                         899                       3.0539455691E+00          3.1593453289E+00          6.5375803735E+02          6.7788782923E+02          3.0606666033E+00          6.0862156869E+02          3.4380210876E+01          -1.1178916393E+00         3.2406421661E+01          1.9071455886E+01          0.0000000000E+00          0.0000000000E+00          0.0000000000E+00          0.0000000000E+00          0.0000000000E+00          
2022-10-08                15:44:45.947              280.32275403              6727.746097               1665243885.948            2                         899                       3.0434777093E+00          3.1502273664E+00          6.5374837707E+02          6.7827182804E+02          3.1088379929E+00          6.0853734826E+02          3.4378444091E+01          -1.1266227929E+00         3.2406421661E+01          1.9072149555E+01          0.0000000000E+00          0.0000000000E+00          0.0000000000E+00          0.0000000000E+00          0.0000000000E+00          
