SN:3K60180500001584 BD:Jul 23 2018 VC:834b9c1 MD5:48f99e4865ed8b810be1bb0eaaabf929
SysTime,                      Time,         Batt_v,      Batt_v_sd,   BATT_PERCENT,BATT_PERCENT_sd,      [CH4]_ppm,   [CH4]_ppm_sd,      [H2O]_ppm,   [H2O]_ppm_sd,      [CO2]_ppm,   [CO2]_ppm_sd,     [CH4]d_ppm,  [CH4]d_ppm_sd,     [CO2]d_ppm,  [CO2]d_ppm_sd,      GasP_torr,   GasP_torr_sd,         GasT_C,      GasT_C_sd,         AmbT_C,      AmbT_C_sd,         RD0_us,      RD0_us_sd,         RD1_us,      RD1_us_sd, Temp_Status_mA,Temp_Status_mA_sd,Analyzer_Status_mA,Analyzer_Status_mA_sd,       Fit_Flag,      MIU_VALVE,       MIU_DESC
03/18/2022 23:10:06.547, 03/18/2022 23:10:06.486, 3.46563e+0, 0.00000e+0, -2.62974e+2, 0.00000e+0, 1.83670e+0, 0.00000e+0, 7.87889e+3, 0.00000e+0, 1.03359e+3, 0.00000e+0, 9.25644e-1, 0.00000e+0, 5.20899e+2, 0.00000e+0, 4.99351e+2, 0.00000e+0, 2.56331e+1, 0.00000e+0, 2.62658e+1, 0.00000e+0, 2.81261e+0, 0.00000e+0, 2.78672e+0, 0.00000e+0, 2.00000e+1, 0.00000e+0, 1.30000e+1, 0.00000e+0, 2, 1, 
03/18/2022 23:10:16.493, 03/18/2022 23:10:16.431, 3.46378e+0, 1.46006e-3, -5.39056e+0, 2.17270e-1, 1.83827e+0, 4.02532e-3, 7.97734e+3, 9.85571e+1, 1.04666e+3, 2.40350e+0, 1.85305e+0, 4.00279e-3, 1.05507e+3, 2.43398e+0, 4.99341e+2, 8.29698e-1, 2.56421e+1, 1.44757e-2, 2.62832e+1, 2.05222e-2, 2.81196e+0, 7.78990e-4, 2.78751e+0, 5.80336e-4, 2.00000e+1, 0.00000e+0, 1.30000e+1, 0.00000e+0, 2, 1, 
03/18/2022 23:10:26.432, 03/18/2022 23:10:26.377, 3.45491e+0, 3.94286e-3, -6.70993e+0, 5.86735e-1, 1.83877e+0, 3.85489e-3, 8.03189e+3, 1.26202e+2, 1.04876e+3, 2.99724e+0, 1.85366e+0, 3.96589e-3, 1.05725e+3, 3.00491e+0, 4.99349e+2, 8.58986e-1, 2.56437e+1, 3.33054e-2, 2.63114e+1, 1.49914e-2, 2.81125e+0, 7.15179e-4, 2.78721e+0, 9.67033e-4, 2.00000e+1, 0.00000e+0, 1.30000e+1, 0.00000e+0, 3, 1, 
03/18/2022 23:10:36.380, 03/18/2022 23:10:36.330, 3.44686e+0, 2.33521e-3, -7.90847e+0, 3.47501e-1, 1.84011e+0, 6.93879e-3, 8.11677e+3, 1.14108e+2, 1.05062e+3, 1.78944e+0, 1.85517e+0, 6.88430e-3, 1.05921e+3, 1.82744e+0, 4.99401e+2, 8.78500e-1, 2.56364e+1, 1.93566e-2, 2.63361e+1, 2.35321e-2, 2.81119e+0, 5.88794e-4, 2.78697e+0, 8.99209e-4, 2.00000e+1, 0.00000e+0, 1.30000e+1, 0.00000e+0, 3, 1, 
03/18/2022 23:10:46.334, 03/18/2022 23:10:46.274, 3.43805e+0, 2.57879e-3, -9.21853e+0, 3.83748e-1, 1.84049e+0, 4.60598e-3, 8.14474e+3, 5.04836e+1, 1.05201e+3, 2.78690e+0, 1.85560e+0, 4.63012e-3, 1.06064e+3, 2.82498e+0, 4.99336e+2, 9.52685e-1, 2.56181e+1, 2.40245e-2, 2.63528e+1, 1.80256e-2, 2.81085e+0, 6.03575e-4, 2.78673e+0, 7.63026e-4, 2.00000e+1, 0.00000e+0, 1.30000e+1, 0.00000e+0, 3, 1, 
03/18/2022 23:10:56.277, 03/18/2022 23:10:56.220, 3.42842e+0, 2.86828e-3, -1.06511e+1, 4.26828e-1, 1.83859e+0, 4.18132e-3, 8.10808e+3, 1.11750e+2, 1.05376e+3, 1.63968e+0, 1.85362e+0, 4.22961e-3, 1.06237e+3, 1.66993e+0, 4.99342e+2, 8.87923e-1, 2.56263e+1, 3.03859e-2, 2.63820e+1, 2.11189e-2, 2.81066e+0, 5.02302e-4, 2.78628e+0, 8.66674e-4, 2.00000e+1, 0.00000e+0, 1.30000e+1, 0.00000e+0, 3, 2, 
03/18/2022 23:11:06.217, 03/18/2022 23:11:06.165, 3.57799e+0, 3.00255e-1, 1.16062e+1, 4.46808e+1, 1.83929e+0, 4.72472e-3, 8.13437e+3, 1.05290e+2, 1.05379e+3, 1.91916e+0, 1.85437e+0, 4.74342e-3, 1.06243e+3, 1.91213e+0, 4.99271e+2, 9.76848e-1, 2.55872e+1, 1.62822e-2, 2.64047e+1, 2.33917e-2, 2.81076e+0, 5.23948e-4, 2.78578e+0, 7.33675e-4, 2.00000e+1, 0.00000e+0, 1.30000e+1, 0.00000e+0, 3, 2, 
03/18/2022 23:11:16.170, 03/18/2022 23:11:16.111, 4.14859e+0, 1.36073e-3, 9.65160e+1, 2.02490e-1, 1.83745e+0, 5.78636e-3, 8.26884e+3, 1.21258e+2, 1.05708e+3, 2.72910e+0, 1.85277e+0, 5.85004e-3, 1.06589e+3, 2.66866e+0, 4.99222e+2, 6.78003e-1, 2.55649e+1, 1.87151e-2, 2.64479e+1, 1.67181e-2, 2.80978e+0, 8.61366e-4, 2.78631e+0, 8.71245e-4, 2.00000e+1, 0.00000e+0, 1.30000e+1, 0.00000e+0, 3, 2, 
03/18/2022 23:11:26.110, 03/18/2022 23:11:26.056, 4.15132e+0, 5.48533e-4, 9.69219e+1, 8.16269e-2, 1.83863e+0, 4.91746e-3, 8.18307e+3, 2.20295e+2, 1.05304e+3, 2.05983e+0, 1.85380e+0, 4.82202e-3, 1.06173e+3, 2.09827e+0, 4.99306e+2, 7.54758e-1, 2.55401e+1, 1.81691e-2, 2.64676e+1, 1.53681e-2, 2.80991e+0, 3.19987e-4, 2.78581e+0, 9.89943e-4, 2.00000e+1, 0.00000e+0, 1.30000e+1, 0.00000e+0, 3, 2, 
03/18/2022 23:11:36.059, 03/18/2022 23:11:36.002, 4.15285e+0, 4.46622e-4, 9.71509e+1, 6.64616e-2, 1.84018e+0, 4.72281e-3, 8.07954e+3, 9.64757e+1, 1.05215e+3, 2.09497e+0, 1.85517e+0, 4.76644e-3, 1.06072e+3, 2.11270e+0, 4.99424e+2, 7.77830e-1, 2.55541e+1, 2.34850e-2, 2.64996e+1, 2.30992e-2, 2.81033e+0, 4.81808e-4, 2.78584e+0, 7.87308e-4, 2.00000e+1, 0.00000e+0, 1.30000e+1, 0.00000e+0, 3, 2, 
03/18/2022 23:11:46.003, 03/18/2022 23:11:45.947, 4.15388e+0, 2.90538e-4, 9.73041e+1, 4.32349e-2, 1.83840e+0, 3.60717e-3, 8.14029e+3, 2.33438e+2, 1.06944e+3, 2.18525e+1, 1.85349e+0, 3.76906e-3, 1.07822e+3, 2.20377e+1, 4.99263e+2, 1.11337e+0, 2.55828e+1, 1.30839e-2, 2.65387e+1, 2.40685e-2, 2.81015e+0, 6.76787e-4, 2.78604e+0, 7.96154e-4, 2.00000e+1, 0.00000e+0, 1.30000e+1, 0.00000e+0, 3, 2, 
03/18/2022 23:11:55.966, 03/18/2022 23:11:55.900, 4.15453e+0, 1.79524e-4, 9.74004e+1, 2.67149e-2, 1.84572e+0, 1.00196e-2, 8.44715e+3, 5.39524e+2, 1.00122e+3, 1.36919e+2, 1.86145e+0, 1.09348e-2, 1.00969e+3, 1.37677e+2, 4.99189e+2, 9.48753e-1, 2.56214e+1, 2.10364e-2, 2.65727e+1, 2.33621e-2, 2.81010e+0, 6.06881e-4, 2.78526e+0, 6.15782e-4, 2.00000e+1, 0.00000e+0, 1.30000e+1, 0.00000e+0, 3, 2, 
03/18/2022 23:12:05.899, 03/18/2022 23:12:05.845, 4.15502e+0, 1.70508e-4, 9.74732e+1, 2.53732e-2, 1.87299e+0, 5.30788e-3, 1.17334e+4, 1.25458e+3, 5.36741e+2, 7.78029e+1, 1.89523e+0, 6.82295e-3, 5.43026e+2, 7.80078e+1, 4.99249e+2, 8.19604e-1, 2.56492e+1, 2.25305e-2, 2.66886e+1, 3.87094e-2, 2.80971e+0, 7.09647e-4, 2.78518e+0, 7.33860e-4, 2.00000e+1, 0.00000e+0, 1.30000e+1, 0.00000e+0, 3, 1, 
03/18/2022 23:12:15.847, 03/18/2022 23:12:15.790, 4.15547e+0, 1.68327e-4, 9.75409e+1, 2.50487e-2, 1.87427e+0, 4.13480e-3, 1.47970e+4, 6.41228e+2, 4.19845e+2, 8.28880e+0, 1.90242e+0, 4.23394e-3, 4.26146e+2, 8.14334e+0, 4.99237e+2, 8.86264e-1, 2.56711e+1, 2.01361e-2, 2.68010e+1, 3.79793e-2, 2.80809e+0, 9.83415e-4, 2.78347e+0, 1.07873e-3, 2.00000e+1, 0.00000e+0, 1.30000e+1, 0.00000e+0, 3, 1, 
03/18/2022 23:12:25.796, 03/18/2022 23:12:25.735, 4.15584e+0, 1.38683e-4, 9.75948e+1, 2.06374e-2, 1.87316e+0, 4.61881e-3, 1.61878e+4, 2.81928e+2, 4.08097e+2, 2.15656e+0, 1.90398e+0, 4.65764e-3, 4.14812e+2, 2.19792e+0, 4.99315e+2, 9.63283e-1, 2.56731e+1, 2.29991e-2, 2.69164e+1, 3.97127e-2, 2.80741e+0, 4.64785e-4, 2.78181e+0, 7.46170e-4, 2.00000e+1, 0.00000e+0, 1.30000e+1, 0.00000e+0, 3, 1, 
03/18/2022 23:12:35.739, 03/18/2022 23:12:35.681, 4.15611e+0, 1.49054e-4, 9.76348e+1, 2.21807e-2, 1.87285e+0, 3.07039e-3, 1.69739e+4, 2.49440e+2, 4.08665e+2, 2.39202e+0, 1.90519e+0, 3.10479e-3, 4.15721e+2, 2.36149e+0, 4.99368e+2, 7.47394e-1, 2.56870e+1, 2.06824e-2, 2.70423e+1, 2.78836e-2, 2.80602e+0, 5.58299e-4, 2.78079e+0, 5.85973e-4, 2.00000e+1, 0.00000e+0, 1.30000e+1, 0.00000e+0, 3, 1, 
03/18/2022 23:12:45.679, 03/18/2022 23:12:45.626, 4.15640e+0, 1.37005e-4, 9.76786e+1, 2.03877e-2, 1.87198e+0, 2.17010e-3, 1.75067e+4, 2.10817e+2, 4.04557e+2, 1.16678e+0, 1.90533e+0, 2.17176e-3, 4.11765e+2, 1.12801e+0, 4.99285e+2, 8.77909e-1, 2.57115e+1, 3.60084e-2, 2.71536e+1, 3.28060e-2, 2.80593e+0, 5.92279e-4, 2.78034e+0, 4.18391e-4, 2.00000e+1, 0.00000e+0, 1.30000e+1, 0.00000e+0, 3, 1, 
03/18/2022 23:12:55.629, 03/18/2022 23:12:55.571, 4.15661e+0, 8.11600e-5, 9.77105e+1, 1.20774e-2, 1.87196e+0, 2.12543e-3, 1.79016e+4, 1.87107e+2, 4.01234e+2, 1.02507e+0, 1.90609e+0, 2.12727e-3, 4.08547e+2, 1.04843e+0, 4.99229e+2, 8.41054e-1, 2.57012e+1, 2.01239e-2, 2.72589e+1, 3.60022e-2, 2.80549e+0, 5.98900e-4, 2.78002e+0, 5.69896e-4, 2.00000e+1, 0.00000e+0, 1.30000e+1, 0.00000e+0, 3, 1, 
03/18/2022 23:13:05.577, 03/18/2022 23:13:05.525, 4.15678e+0, 6.50797e-5, 9.77347e+1, 9.68448e-3, 1.87331e+0, 3.19990e-3, 1.82402e+4, 1.26677e+2, 4.00941e+2, 1.24234e+0, 1.90812e+0, 3.32951e-3, 4.08390e+2, 1.26099e+0, 4.99152e+2, 7.57161e-1, 2.57225e+1, 2.16214e-2, 2.73610e+1, 3.04122e-2, 2.80496e+0, 3.66210e-4, 2.77963e+0, 7.36747e-4, 2.00000e+1, 0.00000e+0, 1.30000e+1, 0.00000e+0, 3, 2, 
03/18/2022 23:13:15.521, 03/18/2022 23:13:15.469, 4.15689e+0, 5.07790e-5, 9.77514e+1, 7.55640e-3, 1.87438e+0, 5.16676e-3, 1.84668e+4, 2.02949e+2, 4.01002e+2, 8.62345e-1, 1.90964e+0, 5.29119e-3, 4.08546e+2, 8.42107e-1, 4.99375e+2, 7.44595e-1, 2.57036e+1, 2.97635e-2, 2.74567e+1, 2.90094e-2, 2.80455e+0, 9.51537e-4, 2.77928e+0, 3.66502e-4, 2.00000e+1, 0.00000e+0, 1.30000e+1, 0.00000e+0, 3, 2, 
03/18/2022 23:13:25.461, 03/18/2022 23:13:25.414, 4.15710e+0, 9.50484e-5, 9.77828e+1, 1.41441e-2, 1.87805e+0, 2.95793e-3, 1.85966e+4, 1.46023e+2, 4.01397e+2, 1.28250e+0, 1.91363e+0, 2.87180e-3, 4.09003e+2, 1.29493e+0, 4.99110e+2, 6.96007e-1, 2.57151e+1, 2.00292e-2, 2.75488e+1, 3.24251e-2, 2.80403e+0, 7.20642e-4, 2.77897e+0, 6.15716e-4, 2.00000e+1, 0.00000e+0, 1.30000e+1, 0.00000e+0, 3, 2, 
03/18/2022 23:13:35.406, 03/18/2022 23:13:35.359, 4.15717e+0, 6.38666e-5, 9.77937e+1, 9.50396e-3, 1.87165e+0, 3.50758e-3, 1.87666e+4, 1.40062e+2, 4.00960e+2, 9.80578e-1, 1.90744e+0, 3.34825e-3, 4.08628e+2, 1.01643e+0, 4.99249e+2, 7.59303e-1, 2.57120e+1, 4.67788e-2, 2.76486e+1, 3.01430e-2, 2.80433e+0, 5.73442e-4, 2.77905e+0, 5.62549e-4, 2.00000e+1, 0.00000e+0, 1.30000e+1, 0.00000e+0, 3, 2, 
03/18/2022 23:13:45.369, 03/18/2022 23:13:45.311, 4.15724e+0, 7.24657e-5, 9.78041e+1, 1.07836e-2, 1.86893e+0, 2.86399e-3, 1.89158e+4, 1.55521e+2, 4.01006e+2, 1.00276e+0, 1.90497e+0, 2.71487e-3, 4.08737e+2, 1.02044e+0, 4.99340e+2, 8.04386e-1, 2.57051e+1, 2.70250e-2, 2.77402e+1, 3.13973e-2, 2.80400e+0, 7.87298e-4, 2.77819e+0, 6.55820e-4, 2.00000e+1, 0.00000e+0, 1.30000e+1, 0.00000e+0, 3, 2, 
03/18/2022 23:13:55.378, 03/18/2022 23:13:55.258, 4.15742e+0, 5.73836e-5, 9.78305e+1, 8.53923e-3, 1.86773e+0, 3.24682e-3, 1.90194e+4, 1.21571e+2, 4.01222e+2, 1.63397e+0, 1.90395e+0, 3.41440e-3, 4.09001e+2, 1.67178e+0, 4.99126e+2, 6.39815e-1, 2.57158e+1, 2.17842e-2, 2.78399e+1, 3.40837e-2, 2.80388e+0, 4.37553e-4, 2.77823e+0, 6.68544e-4, 2.00000e+1, 0.00000e+0, 1.30000e+1, 0.00000e+0, 3, 2, 
03/18/2022 23:14:05.263, 03/18/2022 23:14:05.202, 4.15753e+0, 6.75286e-5, 9.78468e+1, 1.00489e-2, 1.86819e+0, 2.38724e-3, 1.92117e+4, 1.18110e+2, 4.02718e+2, 1.50032e+0, 1.90478e+0, 2.36827e-3, 4.10607e+2, 1.56020e+0, 4.99347e+2, 7.85243e-1, 2.57573e+1, 3.11023e-2, 2.79359e+1, 2.99508e-2, 2.80393e+0, 1.00697e-3, 2.77817e+0, 6.66751e-4, 2.00000e+1, 0.00000e+0, 1.30000e+1, 0.00000e+0, 3, 1, 
03/18/2022 23:14:15.208, 03/18/2022 23:14:15.148, 4.15762e+0, 5.12999e-5, 9.78596e+1, 7.63392e-3, 1.86982e+0, 4.20588e-3, 1.92998e+4, 1.05005e+2, 4.03723e+2, 1.84811e+0, 1.90662e+0, 4.30889e-3, 4.11668e+2, 1.88445e+0, 4.99154e+2, 7.24836e-1, 2.57724e+1, 2.14142e-2, 2.80212e+1, 3.05560e-2, 2.80350e+0, 7.39138e-4, 2.77799e+0, 7.67745e-4, 2.00000e+1, 0.00000e+0, 1.30000e+1, 0.00000e+0, 3, 1, 
03/18/2022 23:14:25.151, 03/18/2022 23:14:25.093, 4.15774e+0, 6.09980e-5, 9.78787e+1, 9.07708e-3, 1.86755e+0, 3.75441e-3, 1.93332e+4, 1.13519e+2, 4.06457e+2, 1.99496e+0, 1.90437e+0, 3.83920e-3, 4.14470e+2, 2.03423e+0, 4.99349e+2, 7.17678e-1, 2.58001e+1, 1.11313e-2, 2.81073e+1, 2.46619e-2, 2.80367e+0, 4.90357e-4, 2.77782e+0, 4.66506e-4, 2.00000e+1, 0.00000e+0, 1.30000e+1, 0.00000e+0, 3, 1, 
03/18/2022 23:14:35.098, 03/18/2022 23:14:35.038, 4.15782e+0, 7.90311e-5, 9.78901e+1, 1.17606e-2, 1.87282e+0, 4.87097e-3, 1.94498e+4, 1.30097e+2, 4.01486e+2, 1.41132e+0, 1.90997e+0, 4.92599e-3, 4.09449e+2, 1.41120e+0, 4.99252e+2, 7.96896e-1, 2.58226e+1, 2.72991e-2, 2.81901e+1, 2.50723e-2, 2.80346e+0, 7.30765e-4, 2.77759e+0, 3.27237e-4, 2.00000e+1, 0.00000e+0, 1.30000e+1, 0.00000e+0, 3, 1, 
03/18/2022 23:14:45.046, 03/18/2022 23:14:44.992, 4.15790e+0, 5.49716e-5, 9.79012e+1, 8.18029e-3, 1.87063e+0, 3.34671e-3, 1.95216e+4, 1.33952e+2, 4.00647e+2, 9.12645e-1, 1.90787e+0, 3.35597e-3, 4.08624e+2, 9.57775e-1, 4.99256e+2, 7.35870e-1, 2.58285e+1, 2.38042e-2, 2.82728e+1, 2.72415e-2, 2.80329e+0, 6.63649e-4, 2.77755e+0, 7.69051e-4, 2.00000e+1, 0.00000e+0, 1.30000e+1, 0.00000e+0, 3, 1, 
03/18/2022 23:14:55.050, 03/18/2022 23:14:54.937, 4.15791e+0, 8.81353e-5, 9.79036e+1, 1.31154e-2, 1.87164e+0, 3.37599e-3, 1.95543e+4, 1.20272e+2, 4.00097e+2, 1.42894e+0, 1.90897e+0, 3.37505e-3, 4.08076e+2, 1.45369e+0, 4.99276e+2, 7.22398e-1, 2.58431e+1, 2.94799e-2, 2.83650e+1, 2.21316e-2, 2.80315e+0, 7.02890e-4, 2.77724e+0, 4.74318e-4, 2.00000e+1, 0.00000e+0, 1.30000e+1, 0.00000e+0, 3, 1, 
03/18/2022 23:15:05.008, 03/18/2022 23:15:04.888, 4.15812e+0, 1.13790e-4, 9.79341e+1, 1.69331e-2, 1.87266e+0, 3.47589e-3, 1.95557e+4, 1.20435e+2, 3.99332e+2, 1.81108e+0, 1.91002e+0, 3.70102e-3, 4.07297e+2, 1.84125e+0, 4.99280e+2, 8.21035e-1, 2.58688e+1, 2.79320e-2, 2.84596e+1, 1.97391e-2, 2.80328e+0, 6.95436e-4, 2.77748e+0, 4.32763e-4, 2.00000e+1, 0.00000e+0, 1.30000e+1, 0.00000e+0, 3, 2, 
03/18/2022 23:15:14.890, 03/18/2022 23:15:14.834, 4.15816e+0, 9.56582e-5, 9.79406e+1, 1.42349e-2, 1.87426e+0, 3.36296e-3, 1.97055e+4, 1.46956e+2, 3.99758e+2, 1.12181e+0, 1.91194e+0, 3.39572e-3, 4.07794e+2, 1.13006e+0, 4.99301e+2, 6.24798e-1, 2.58781e+1, 4.12716e-2, 2.85471e+1, 1.84717e-2, 2.80315e+0, 5.51007e-4, 2.77723e+0, 7.31794e-4, 2.00000e+1, 0.00000e+0, 1.30000e+1, 0.00000e+0, 3, 2, 
03/18/2022 23:15:24.835, 03/18/2022 23:15:24.779, 4.15819e+0, 5.49943e-5, 9.79454e+1, 8.18367e-3, 1.87343e+0, 2.49663e-3, 1.96824e+4, 1.77595e+2, 3.99801e+2, 1.12942e+0, 1.91105e+0, 2.64899e-3, 4.07828e+2, 1.14261e+0, 4.99165e+2, 7.49924e-1, 2.58770e+1, 2.76147e-2, 2.86051e+1, 1.37263e-2, 2.80304e+0, 4.88031e-4, 2.77724e+0, 5.29932e-4, 2.00000e+1, 0.00000e+0, 1.30000e+1, 0.00000e+0, 3, 2, 
03/18/2022 23:15:34.777, 03/18/2022 23:15:34.725, 4.15825e+0, 1.25922e-4, 9.79539e+1, 1.87384e-2, 1.87267e+0, 2.86395e-3, 1.98247e+4, 1.03511e+2, 4.02322e+2, 3.29152e+0, 1.91055e+0, 2.91045e-3, 4.10460e+2, 3.35186e+0, 4.99367e+2, 7.05517e-1, 2.58759e+1, 2.80563e-2, 2.86729e+1, 2.86185e-2, 2.80287e+0, 8.79860e-4, 2.77661e+0, 8.14560e-4, 2.00000e+1, 0.00000e+0, 1.30000e+1, 0.00000e+0, 3, 2, 
03/18/2022 23:15:44.729, 03/18/2022 23:15:44.671, 4.15833e+0, 7.10763e-5, 9.79654e+1, 1.05768e-2, 1.87108e+0, 4.38667e-3, 1.98202e+4, 1.61065e+2, 4.05056e+2, 2.97373e+0, 1.90891e+0, 4.41316e-3, 4.13247e+2, 3.01290e+0, 4.99288e+2, 6.25328e-1, 2.58563e+1, 2.27699e-2, 2.87406e+1, 2.95669e-2, 2.80229e+0, 5.58411e-4, 2.77636e+0, 5.88338e-4, 2.00000e+1, 0.00000e+0, 1.30000e+1, 0.00000e+0, 3, 2, 
03/18/2022 23:15:54.677, 03/18/2022 23:15:54.622, 4.15834e+0, 1.01187e-4, 9.79677e+1, 1.50576e-2, 1.87168e+0, 4.58923e-3, 1.98635e+4, 1.29060e+2, 3.99969e+2, 1.21272e+0, 1.90961e+0, 4.79122e-3, 4.08075e+2, 1.24125e+0, 4.99151e+2, 6.01652e-1, 2.58524e+1, 2.35974e-2, 2.88317e+1, 3.74986e-2, 2.80241e+0, 7.53306e-4, 2.77674e+0, 5.99483e-4, 2.00000e+1, 0.00000e+0, 1.37000e+1, 2.21359e+0, 3, 2, 
03/18/2022 23:16:04.647, 03/18/2022 23:16:04.567, 4.15842e+0, 7.18379e-5, 9.79799e+1, 1.06902e-2, 1.86992e+0, 4.16763e-3, 1.99102e+4, 1.47431e+2, 4.04877e+2, 1.11426e+0, 1.90791e+0, 4.17065e-3, 4.13102e+2, 1.13760e+0, 4.99285e+2, 6.48788e-1, 2.58677e+1, 9.85711e-3, 2.88896e+1, 3.99541e-2, 2.80266e+0, 7.16487e-4, 2.77668e+0, 7.26226e-4, 2.00000e+1, 0.00000e+0, 1.58000e+1, 3.61478e+0, 3, 1, 
03/18/2022 23:16:14.571, 03/18/2022 23:16:14.513, 4.15846e+0, 5.66533e-5, 9.79855e+1, 8.43055e-3, 1.87148e+0, 2.92583e-3, 1.99404e+4, 1.05879e+2, 4.03100e+2, 1.10549e+0, 1.90955e+0, 2.87089e-3, 4.11301e+2, 1.14039e+0, 4.99198e+2, 5.56338e-1, 2.59199e+1, 2.74213e-2, 2.89732e+1, 3.00296e-2, 2.80279e+0, 4.41691e-4, 2.77642e+0, 6.34638e-4, 2.00000e+1, 0.00000e+0, 1.65000e+1, 3.68932e+0, 3, 1, 
03/18/2022 23:16:24.515, 03/18/2022 23:16:24.458, 4.15861e+0, 1.07281e-4, 9.80072e+1, 1.59644e-2, 1.87319e+0, 5.07926e-3, 1.98836e+4, 1.17736e+2, 4.00573e+2, 1.66262e+0, 1.91119e+0, 5.08892e-3, 4.08700e+2, 1.69595e+0, 4.99117e+2, 5.96471e-1, 2.59611e+1, 2.03282e-2, 2.90379e+1, 3.21579e-2, 2.80259e+0, 7.13154e-4, 2.77635e+0, 5.40226e-4, 2.00000e+1, 0.00000e+0, 1.37000e+1, 2.21359e+0, 3, 1, 
03/18/2022 23:16:34.489, 03/18/2022 23:16:34.403, 4.15862e+0, 1.31910e-4, 9.80088e+1, 1.96294e-2, 1.87088e+0, 5.57397e-3, 1.98995e+4, 1.04889e+2, 3.98024e+2, 1.42210e+0, 1.90887e+0, 5.65113e-3, 4.06105e+2, 1.42687e+0, 4.99355e+2, 7.05534e-1, 2.59610e+1, 2.59715e-2, 2.91148e+1, 3.80474e-2, 2.80257e+0, 9.91972e-4, 2.77639e+0, 8.26257e-4, 2.00000e+1, 0.00000e+0, 1.58000e+1, 3.61478e+0, 3, 1, 
03/18/2022 23:16:44.404, 03/18/2022 23:16:44.349, 4.15866e+0, 9.57014e-5, 9.80155e+1, 1.42413e-2, 1.87005e+0, 5.61451e-3, 1.99056e+4, 2.16220e+2, 3.96776e+2, 1.62302e+0, 1.90803e+0, 5.79350e-3, 4.04834e+2, 1.64269e+0, 4.99220e+2, 5.90431e-1, 2.60354e+1, 1.06510e-1, 2.91754e+1, 2.99321e-2, 2.80230e+0, 4.74406e-4, 2.77616e+0, 7.78538e-4, 2.00000e+1, 0.00000e+0, 1.30000e+1, 0.00000e+0, 3, 1, 
03/18/2022 23:16:54.354, 03/18/2022 23:16:54.294, 4.15875e+0, 6.60982e-5, 9.80275e+1, 9.83605e-3, 1.86947e+0, 4.87693e-3, 1.99669e+4, 1.60518e+2, 3.98560e+2, 1.95272e+0, 1.90756e+0, 5.04623e-3, 4.06680e+2, 1.98225e+0, 4.99099e+2, 6.52412e-1, 2.60191e+1, 2.84110e-2, 2.92426e+1, 1.75923e-2, 2.80205e+0, 4.67483e-4, 2.77643e+0, 8.32738e-4, 2.00000e+1, 0.00000e+0, 1.30000e+1, 0.00000e+0, 3, 1, 
03/18/2022 23:17:04.303, 03/18/2022 23:17:04.240, 4.15876e+0, 1.24367e-4, 9.80294e+1, 1.85069e-2, 1.87019e+0, 2.99139e-3, 2.00055e+4, 8.16684e+1, 3.97921e+2, 1.11683e+0, 1.90837e+0, 3.04646e-3, 4.06044e+2, 1.14335e+0, 4.99303e+2, 6.43626e-1, 2.60201e+1, 2.84870e-2, 2.93297e+1, 3.40568e-2, 2.80228e+0, 8.84031e-4, 2.77599e+0, 5.25978e-4, 2.00000e+1, 0.00000e+0, 1.30000e+1, 0.00000e+0, 3, 2, 
03/18/2022 23:17:14.242, 03/18/2022 23:17:14.185, 4.15890e+0, 1.29255e-4, 9.80506e+1, 1.92344e-2, 1.87160e+0, 3.54247e-3, 2.00322e+4, 1.47752e+2, 3.98155e+2, 1.78631e+0, 1.90985e+0, 3.52581e-3, 4.06295e+2, 1.83810e+0, 4.99298e+2, 5.28778e-1, 2.60440e+1, 2.94940e-2, 2.93778e+1, 4.29190e-2, 2.80239e+0, 1.10333e-3, 2.77620e+0, 1.20270e-3, 2.00000e+1, 0.00000e+0, 1.72000e+1, 3.61478e+0, 3, 2, 
03/18/2022 23:17:24.188, 03/18/2022 23:17:24.131, 4.15893e+0, 1.20245e-4, 9.80544e+1, 1.78936e-2, 1.87163e+0, 4.04898e-3, 2.01004e+4, 1.02455e+2, 3.97230e+2, 8.05001e-1, 1.91002e+0, 4.01101e-3, 4.05378e+2, 8.25078e-1, 4.99111e+2, 5.96893e-1, 2.60799e+1, 4.00754e-2, 2.94527e+1, 5.12234e-2, 2.80228e+0, 6.37197e-4, 2.77619e+0, 5.01342e-4, 2.00000e+1, 0.00000e+0, 1.65000e+1, 3.68932e+0, 3, 2, 
03/18/2022 23:17:34.187, 03/18/2022 23:17:34.076, 4.15892e+0, 9.38253e-5, 9.80539e+1, 1.39621e-2, 1.87119e+0, 4.74556e-3, 2.00511e+4, 1.48124e+2, 3.96884e+2, 1.06006e+0, 1.90947e+0, 4.78894e-3, 4.05004e+2, 1.05245e+0, 4.99165e+2, 7.26154e-1, 2.61044e+1, 3.87028e-2, 2.95138e+1, 3.91201e-2, 2.80218e+0, 9.06604e-4, 2.77612e+0, 7.68091e-4, 2.00000e+1, 0.00000e+0, 1.58000e+1, 3.61478e+0, 3, 2, 
03/18/2022 23:17:44.087, 03/18/2022 23:17:44.028, 4.15900e+0, 1.56588e-4, 9.80650e+1, 2.33018e-2, 1.87185e+0, 5.15987e-3, 2.01629e+4, 2.09209e+2, 3.97579e+2, 1.35770e+0, 1.91037e+0, 5.23033e-3, 4.05760e+2, 1.32639e+0, 4.99408e+2, 7.34961e-1, 2.60857e+1, 3.17514e-2, 2.95761e+1, 3.89758e-2, 2.80198e+0, 7.93160e-4, 2.77585e+0, 6.80137e-4, 2.00000e+1, 0.00000e+0, 1.30000e+1, 0.00000e+0, 3, 2, 
03/18/2022 23:17:54.038, 03/18/2022 23:17:53.974, 4.15899e+0, 1.28850e-4, 9.80647e+1, 1.91741e-2, 1.87147e+0, 2.84405e-3, 2.02521e+4, 1.34804e+2, 3.98365e+2, 1.33961e+0, 1.91015e+0, 2.81647e-3, 4.06600e+2, 1.35231e+0, 4.99058e+2, 6.74273e-1, 2.60850e+1, 1.83685e-2, 2.96385e+1, 2.99831e-2, 2.80224e+0, 3.89065e-4, 2.77599e+0, 6.96390e-4, 2.00000e+1, 0.00000e+0, 1.30000e+1, 0.00000e+0, 3, 2, 
03/18/2022 23:18:03.987, 03/18/2022 23:18:03.925, 4.15905e+0, 1.45810e-4, 9.80736e+1, 2.16979e-2, 1.86857e+0, 2.66242e-3, 2.02077e+4, 1.02525e+2, 4.04820e+2, 3.33539e+0, 1.90710e+0, 2.72320e-3, 4.13169e+2, 3.39890e+0, 4.99207e+2, 7.13487e-1, 2.60594e+1, 2.47521e-2, 2.96853e+1, 3.02546e-2, 2.80205e+0, 4.32687e-4, 2.77580e+0, 5.67082e-4, 2.00000e+1, 0.00000e+0, 1.30000e+1, 0.00000e+0, 3, 1, 
03/18/2022 23:18:13.928, 03/18/2022 23:18:13.871, 4.15910e+0, 8.09977e-5, 9.80802e+1, 1.20532e-2, 1.86775e+0, 3.77860e-3, 2.01710e+4, 9.49066e+1, 4.01420e+2, 2.83784e+0, 1.90620e+0, 3.92646e-3, 4.09684e+2, 2.89408e+0, 4.99307e+2, 5.33131e-1, 2.60996e+1, 5.41973e-2, 2.97648e+1, 2.24877e-2, 2.80198e+0, 7.16439e-4, 2.77571e+0, 6.27805e-4, 2.00000e+1, 0.00000e+0, 1.65000e+1, 3.68932e+0, 3, 1, 
03/18/2022 23:18:23.876, 03/18/2022 23:18:23.816, 4.15913e+0, 1.06547e-4, 9.80853e+1, 1.58552e-2, 1.86830e+0, 4.45455e-3, 2.02573e+4, 1.54927e+2, 3.97302e+2, 1.43117e+0, 1.90693e+0, 4.50902e-3, 4.05517e+2, 1.47750e+0, 4.99088e+2, 4.70709e-1, 2.61131e+1, 2.76855e-2, 2.98260e+1, 3.32672e-2, 2.80141e+0, 6.82889e-4, 2.77547e+0, 6.98712e-4, 2.00000e+1, 0.00000e+0, 1.65000e+1, 3.68932e+0, 3, 1, 
03/18/2022 23:18:33.820, 03/18/2022 23:18:33.762, 4.15917e+0, 1.16139e-4, 9.80907e+1, 1.72826e-2, 1.87015e+0, 5.00144e-3, 2.02687e+4, 1.21191e+2, 3.97235e+2, 1.15659e+0, 1.90884e+0, 5.07473e-3, 4.05452e+2, 1.14482e+0, 4.99116e+2, 6.95282e-1, 2.61844e+1, 2.91386e-2, 2.98865e+1, 5.07810e-2, 2.80172e+0, 3.86686e-4, 2.77540e+0, 5.44401e-4, 2.00000e+1, 0.00000e+0, 1.30000e+1, 0.00000e+0, 3, 1, 
03/18/2022 23:18:43.829, 03/18/2022 23:18:43.707, 4.15921e+0, 1.40904e-4, 9.80969e+1, 2.09679e-2, 1.86841e+0, 4.16767e-3, 2.03237e+4, 1.86843e+2, 3.96882e+2, 1.28131e+0, 1.90717e+0, 4.23817e-3, 4.05116e+2, 1.30342e+0, 4.99215e+2, 5.61577e-1, 2.61954e+1, 2.49112e-2, 2.99318e+1, 3.74722e-2, 2.80159e+0, 7.80931e-4, 2.77547e+0, 5.96877e-4, 2.00000e+1, 0.00000e+0, 1.37000e+1, 2.21359e+0, 3, 1, 
03/18/2022 23:18:53.713, 03/18/2022 23:18:53.653, 4.15923e+0, 1.85328e-4, 9.80995e+1, 2.75786e-2, 1.86879e+0, 2.63590e-3, 2.04099e+4, 1.42689e+2, 3.96605e+2, 1.45173e+0, 1.90773e+0, 2.77788e-3, 4.04868e+2, 1.43310e+0, 4.99217e+2, 6.24741e-1, 2.62141e+1, 4.52547e-2, 2.99858e+1, 3.89586e-2, 2.80154e+0, 7.28291e-4, 2.77523e+0, 6.07386e-4, 2.00000e+1, 0.00000e+0, 1.93000e+1, 2.21359e+0, 3, 1, 
03/18/2022 23:19:03.658, 03/18/2022 23:19:03.598, 4.15927e+0, 1.33065e-4, 9.81054e+1, 1.98013e-2, 1.86855e+0, 3.70546e-3, 2.03985e+4, 1.81829e+2, 3.97605e+2, 1.38319e+0, 1.90746e+0, 3.90623e-3, 4.05885e+2, 1.40280e+0, 4.99156e+2, 7.37112e-1, 2.62586e+1, 7.67064e-2, 3.00448e+1, 3.88403e-2, 2.80192e+0, 7.80253e-4, 2.77515e+0, 8.98574e-4, 2.00000e+1, 0.00000e+0, 1.30000e+1, 0.00000e+0, 3, 2, 
03/18/2022 23:19:13.604, 03/18/2022 23:19:13.543, 4.15929e+0, 1.40125e-4, 9.81088e+1, 2.08519e-2, 1.86802e+0, 4.58801e-3, 2.03185e+4, 1.76451e+2, 3.97026e+2, 1.15042e+0, 1.90676e+0, 4.63694e-3, 4.05260e+2, 1.15692e+0, 4.99128e+2, 6.20924e-1, 2.62540e+1, 2.53188e-2, 3.01186e+1, 4.06727e-2, 2.80155e+0, 4.76590e-4, 2.77530e+0, 5.15337e-4, 2.00000e+1, 0.00000e+0, 1.30000e+1, 0.00000e+0, 3, 2, 
03/18/2022 23:19:23.569, 03/18/2022 23:19:23.489, 4.15942e+0, 1.42300e-4, 9.81274e+1, 2.11757e-2, 1.86728e+0, 3.62811e-3, 2.04676e+4, 1.05116e+2, 3.96696e+2, 8.19728e-1, 1.90630e+0, 3.65803e-3, 4.04985e+2, 8.30386e-1, 4.99235e+2, 6.12029e-1, 2.62801e+1, 1.56358e-2, 3.01507e+1, 5.67656e-2, 2.80162e+0, 4.59289e-4, 2.77510e+0, 2.85781e-4, 2.00000e+1, 0.00000e+0, 1.37000e+1, 2.21359e+0, 3, 2, 
03/18/2022 23:19:33.489, 03/18/2022 23:19:33.434, 4.15951e+0, 9.53667e-5, 9.81418e+1, 1.41915e-2, 1.86779e+0, 3.67040e-3, 2.04697e+4, 1.13426e+2, 3.96804e+2, 8.24121e-1, 1.90682e+0, 3.79994e-3, 4.05096e+2, 8.22891e-1, 4.99234e+2, 4.52847e-1, 2.63012e+1, 1.72805e-2, 3.02068e+1, 3.46517e-2, 2.80138e+0, 7.71819e-4, 2.77484e+0, 6.12744e-4, 2.00000e+1, 0.00000e+0, 2.00000e+1, 0.00000e+0, 3, 2, 
03/18/2022 23:19:43.452, 03/18/2022 23:19:43.380, 4.15949e+0, 9.34218e-5, 9.81390e+1, 1.39021e-2, 1.86768e+0, 3.96814e-3, 2.04223e+4, 1.31540e+2, 3.97448e+2, 9.63660e-1, 1.90661e+0, 4.02024e-3, 4.05734e+2, 9.81800e-1, 4.99095e+2, 6.23210e-1, 2.63246e+1, 1.38024e-2, 3.02551e+1, 3.39555e-2, 2.80107e+0, 4.43698e-4, 2.77509e+0, 6.13262e-4, 2.00000e+1, 0.00000e+0, 1.58000e+1, 3.61478e+0, 3, 2, 
03/18/2022 23:19:53.394, 03/18/2022 23:19:53.325, 4.15949e+0, 9.19207e-5, 9.81390e+1, 1.36787e-2, 1.86588e+0, 3.37671e-3, 2.05422e+4, 1.72626e+2, 4.04242e+2, 8.27313e+0, 1.90501e+0, 3.35303e-3, 4.12720e+2, 8.43165e+0, 4.99092e+2, 6.47652e-1, 2.63361e+1, 4.41164e-2, 3.02968e+1, 3.91814e-2, 2.80153e+0, 4.78346e-4, 2.77493e+0, 6.57874e-4, 2.00000e+1, 0.00000e+0, 1.37000e+1, 2.21359e+0, 3, 2, 
03/18/2022 23:20:03.332, 03/18/2022 23:20:03.271, 4.15953e+0, 9.90627e-5, 9.81446e+1, 1.47415e-2, 1.86642e+0, 3.46529e-3, 2.05282e+4, 1.40044e+2, 4.11577e+2, 9.17251e+0, 1.90554e+0, 3.46968e-3, 4.20203e+2, 9.37772e+0, 4.99211e+2, 6.76159e-1, 2.63564e+1, 3.32653e-2, 3.03532e+1, 4.36178e-2, 2.80117e+0, 4.93370e-4, 2.77435e+0, 8.80127e-4, 2.00000e+1, 0.00000e+0, 1.58000e+1, 3.61478e+0, 3, 1, 
03/18/2022 23:20:13.277, 03/18/2022 23:20:13.216, 4.15957e+0, 1.16435e-4, 9.81505e+1, 1.73267e-2, 1.86822e+0, 4.73603e-3, 2.06519e+4, 1.70380e+2, 3.97205e+2, 1.34474e+0, 1.90762e+0, 4.73449e-3, 4.05581e+2, 1.39740e+0, 4.99122e+2, 7.70012e-1, 2.63275e+1, 1.99782e-2, 3.04122e+1, 4.15417e-2, 2.80095e+0, 7.44394e-4, 2.77458e+0, 3.88245e-4, 2.00000e+1, 0.00000e+0, 1.30000e+1, 0.00000e+0, 3, 1, 
03/18/2022 23:20:23.224, 03/18/2022 23:20:23.161, 4.15956e+0, 8.57328e-5, 9.81493e+1, 1.27579e-2, 1.86594e+0, 2.36825e-3, 2.07020e+4, 1.00740e+2, 3.96431e+2, 9.11480e-1, 1.90538e+0, 2.34058e-3, 4.04811e+2, 9.29200e-1, 4.99043e+2, 5.24463e-1, 2.63253e+1, 2.58844e-2, 3.04765e+1, 3.53205e-2, 2.80109e+0, 5.52108e-4, 2.77503e+0, 5.23584e-4, 2.00000e+1, 0.00000e+0, 1.72000e+1, 3.61478e+0, 3, 1, 
03/18/2022 23:20:33.162, 03/18/2022 23:20:33.107, 4.15961e+0, 1.22660e-4, 9.81561e+1, 1.82529e-2, 1.86618e+0, 5.15192e-3, 2.07074e+4, 1.22030e+2, 3.97366e+2, 1.27128e+0, 1.90564e+0, 5.33210e-3, 4.05768e+2, 1.27743e+0, 4.99122e+2, 7.04133e-1, 2.63372e+1, 1.51407e-2, 3.05295e+1, 3.85247e-2, 2.80122e+0, 8.07632e-4, 2.77487e+0, 6.14602e-4, 2.00000e+1, 0.00000e+0, 1.58000e+1, 3.61478e+0, 3, 1, 
03/18/2022 23:20:43.104, 03/18/2022 23:20:43.051, 4.15969e+0, 1.18442e-4, 9.81675e+1, 1.76253e-2, 1.86457e+0, 5.59574e-3, 2.08023e+4, 1.42565e+2, 3.97049e+2, 1.71775e+0, 1.90418e+0, 5.73162e-3, 4.05484e+2, 1.74749e+0, 4.99211e+2, 6.89368e-1, 2.63957e+1, 2.07423e-2, 3.05637e+1, 4.40325e-2, 2.80090e+0, 8.00695e-4, 2.77449e+0, 5.14142e-4, 2.00000e+1, 0.00000e+0, 1.37000e+1, 2.21359e+0, 3, 1, 
03/18/2022 23:20:53.056, 03/18/2022 23:20:52.998, 4.15967e+0, 1.26012e-4, 9.81656e+1, 1.87518e-2, 1.86566e+0, 2.85882e-3, 2.08363e+4, 7.47898e+1, 3.97435e+2, 1.20671e+0, 1.90536e+0, 2.88556e-3, 4.05892e+2, 1.21551e+0, 4.99050e+2, 5.64050e-1, 2.64284e+1, 3.14151e-2, 3.06165e+1, 4.13954e-2, 2.80105e+0, 7.12568e-4, 2.77477e+0, 4.73270e-4, 2.00000e+1, 0.00000e+0, 2.00000e+1, 0.00000e+0, 3, 1, 
03/18/2022 23:21:03.005, 03/18/2022 23:21:02.942, 4.15974e+0, 1.50350e-4, 9.81756e+1, 2.23735e-2, 1.86522e+0, 3.26486e-3, 2.08700e+4, 1.18505e+2, 3.99493e+2, 1.73918e+0, 1.90498e+0, 3.37906e-3, 4.08008e+2, 1.78088e+0, 4.99026e+2, 6.61516e-1, 2.64813e+1, 4.90645e-2, 3.06530e+1, 4.70383e-2, 2.80124e+0, 9.78682e-4, 2.77446e+0, 3.71647e-4, 2.00000e+1, 0.00000e+0, 1.58000e+1, 3.61478e+0, 3, 2, 
03/18/2022 23:21:12.944, 03/18/2022 23:21:12.888, 4.15979e+0, 1.45448e-4, 9.81830e+1, 2.16441e-2, 1.86401e+0, 3.11653e-3, 2.08668e+4, 1.63175e+2, 4.03283e+2, 1.89932e+0, 1.90373e+0, 3.21025e-3, 4.11878e+2, 1.95823e+0, 4.99237e+2, 6.25246e-1, 2.64883e+1, 2.93913e-2, 3.06831e+1, 4.19158e-2, 2.80085e+0, 4.66515e-4, 2.77447e+0, 7.89209e-4, 2.00000e+1, 0.00000e+0, 1.37000e+1, 2.21359e+0, 3, 2, 
03/18/2022 23:21:22.890, 03/18/2022 23:21:22.833, 4.15977e+0, 1.27259e-4, 9.81794e+1, 1.89374e-2, 1.86429e+0, 4.08604e-3, 2.09209e+4, 9.17676e+1, 3.99049e+2, 1.41780e+0, 1.90413e+0, 4.19794e-3, 4.07576e+2, 1.44967e+0, 4.98970e+2, 6.91287e-1, 2.65152e+1, 2.90305e-2, 3.07275e+1, 4.37631e-2, 2.80106e+0, 6.65914e-4, 2.77430e+0, 6.58450e-4, 2.00000e+1, 0.00000e+0, 1.58000e+1, 3.61478e+0, 3, 2, 
03/18/2022 23:21:32.838, 03/18/2022 23:21:32.779, 4.15982e+0, 1.30794e-4, 9.81868e+1, 1.94634e-2, 1.86664e+0, 5.80142e-3, 2.08722e+4, 1.37547e+2, 3.98475e+2, 1.37643e+0, 1.90643e+0, 5.77691e-3, 4.06970e+2, 1.38909e+0, 4.98997e+2, 5.90450e-1, 2.65524e+1, 2.61701e-2, 3.07740e+1, 4.72654e-2, 2.80080e+0, 7.34385e-4, 2.77463e+0, 6.06239e-4, 2.00000e+1, 0.00000e+0, 1.65000e+1, 3.68932e+0, 3, 2, 
03/18/2022 23:21:42.804, 03/18/2022 23:21:42.725, 4.15985e+0, 1.41867e-4, 9.81914e+1, 2.11111e-2, 1.86402e+0, 2.41664e-3, 2.09590e+4, 1.21896e+2, 3.97911e+2, 1.30828e+0, 1.90392e+0, 2.55094e-3, 4.06429e+2, 1.31366e+0, 4.99140e+2, 7.48100e-1, 2.65598e+1, 2.68097e-2, 3.07982e+1, 4.51051e-2, 2.80105e+0, 4.71803e-4, 2.77443e+0, 7.70533e-4, 2.00000e+1, 0.00000e+0, 1.30000e+1, 0.00000e+0, 3, 2, 
03/18/2022 23:21:52.725, 03/18/2022 23:21:52.671, 4.15997e+0, 1.63048e-4, 9.82103e+1, 2.42630e-2, 1.86394e+0, 2.86654e-3, 2.09791e+4, 1.21353e+2, 3.99267e+2, 1.30079e+0, 1.90389e+0, 2.95283e-3, 4.07822e+2, 1.30793e+0, 4.99124e+2, 5.83542e-1, 2.65724e+1, 1.72355e-2, 3.08243e+1, 4.85631e-2, 2.80128e+0, 6.70248e-4, 2.77471e+0, 4.47536e-4, 2.00000e+1, 0.00000e+0, 1.37000e+1, 2.21359e+0, 3, 2, 
03/18/2022 23:22:02.724, 03/18/2022 23:22:02.615, 4.16001e+0, 1.25344e-4, 9.82151e+1, 1.86524e-2, 1.86491e+0, 2.55840e-3, 2.09800e+4, 1.10151e+2, 3.99445e+2, 8.39069e-1, 1.90487e+0, 2.67402e-3, 4.08005e+2, 8.41535e-1, 4.99026e+2, 5.68647e-1, 2.66070e+1, 4.33227e-2, 3.08812e+1, 4.21546e-2, 2.80053e+0, 5.75613e-4, 2.77435e+0, 5.94506e-4, 2.00000e+1, 0.00000e+0, 1.93000e+1, 2.21359e+0, 3, 2, 
03/18/2022 23:22:12.616, 03/18/2022 23:22:12.561, 4.15997e+0, 1.60519e-4, 9.82093e+1, 2.38867e-2, 1.86356e+0, 2.57317e-3, 2.10376e+4, 1.51957e+2, 4.01303e+2, 1.95683e+0, 1.90360e+0, 2.59128e-3, 4.09927e+2, 1.98669e+0, 4.99180e+2, 5.11381e-1, 2.66209e+1, 1.49208e-2, 3.09223e+1, 5.16320e-2, 2.80076e+0, 5.17567e-4, 2.77428e+0, 6.06424e-4, 2.00000e+1, 0.00000e+0, 1.65000e+1, 3.68932e+0, 3, 1, 
03/18/2022 23:22:22.563, 03/18/2022 23:22:22.506, 4.16007e+0, 1.24740e-4, 9.82245e+1, 1.85625e-2, 1.86485e+0, 3.68793e-3, 2.11370e+4, 1.29564e+2, 4.00343e+2, 2.05517e+0, 1.90511e+0, 3.76074e-3, 4.08987e+2, 2.11184e+0, 4.99127e+2, 5.88161e-1, 2.66087e+1, 2.55410e-2, 3.09704e+1, 5.08751e-2, 2.80048e+0, 7.33103e-4, 2.77426e+0, 6.76288e-4, 2.00000e+1, 0.00000e+0, 1.37000e+1, 2.21359e+0, 3, 1, 
03/18/2022 23:22:32.506, 03/18/2022 23:22:32.451, 4.16001e+0, 1.40364e-4, 9.82162e+1, 2.08876e-2, 1.86091e+0, 2.63264e-3, 2.10937e+4, 1.37534e+2, 3.96113e+2, 1.25758e+0, 1.90101e+0, 2.70242e-3, 4.04649e+2, 1.27190e+0, 4.98938e+2, 7.89366e-1, 2.66082e+1, 2.09165e-2, 3.10261e+1, 5.72442e-2, 2.80084e+0, 5.07115e-4, 2.77432e+0, 5.65401e-4, 2.00000e+1, 0.00000e+0, 1.58000e+1, 3.61478e+0, 3, 1, 
03/18/2022 23:22:42.512, 03/18/2022 23:22:42.398, 4.16005e+0, 1.59980e-4, 9.82220e+1, 2.38066e-2, 1.85875e+0, 5.00796e-3, 2.11964e+4, 1.45201e+2, 3.94940e+2, 8.21376e-1, 1.89900e+0, 5.08170e-3, 4.03492e+2, 8.53156e-1, 4.99150e+2, 7.50958e-1, 2.66282e+1, 2.88663e-2, 3.10755e+1, 4.52927e-2, 2.80097e+0, 5.43562e-4, 2.77440e+0, 6.87408e-4, 2.00000e+1, 0.00000e+0, 1.30000e+1, 0.00000e+0, 3, 1, 
03/18/2022 23:22:52.399, 03/18/2022 23:22:52.342, 4.16002e+0, 1.34126e-4, 9.82179e+1, 1.99593e-2, 1.85972e+0, 1.74052e-3, 2.11490e+4, 1.18979e+2, 3.96089e+2, 1.56155e+0, 1.89990e+0, 1.65902e-3, 4.04647e+2, 1.59904e+0, 4.99083e+2, 6.50001e-1, 2.66695e+1, 3.34920e-2, 3.11018e+1, 6.86265e-2, 2.80090e+0, 3.67621e-4, 2.77429e+0, 5.77626e-4, 2.00000e+1, 0.00000e+0, 1.30000e+1, 0.00000e+0, 3, 1, 
03/18/2022 23:23:02.347, 03/18/2022 23:23:02.288, 4.16011e+0, 8.37293e-5, 9.82311e+1, 1.24597e-2, 1.86033e+0, 4.14870e-3, 2.12415e+4, 1.35473e+2, 3.95926e+2, 1.33180e+0, 1.90071e+0, 4.12846e-3, 4.04519e+2, 1.36727e+0, 4.98939e+2, 6.29458e-1, 2.67165e+1, 2.32638e-2, 3.11391e+1, 2.24209e-2, 2.80062e+0, 4.97028e-4, 2.77425e+0, 5.05351e-4, 2.00000e+1, 0.00000e+0, 1.37000e+1, 2.21359e+0, 3, 1, 
03/18/2022 23:23:12.317, 03/18/2022 23:23:12.232, 4.16017e+0, 1.70378e-4, 9.82392e+1, 2.53538e-2, 1.85660e+0, 4.93102e-3, 2.12087e+4, 1.26290e+2, 3.94801e+2, 1.22357e+0, 1.89683e+0, 5.02297e-3, 4.03356e+2, 1.23635e+0, 4.99279e+2, 6.64367e-1, 2.67573e+1, 1.83026e-2, 3.11744e+1, 3.68627e-2, 2.80138e+0, 6.59736e-4, 2.77393e+0, 5.19474e-4, 2.00000e+1, 0.00000e+0, 1.58000e+1, 3.61478e+0, 3, 2, 
03/18/2022 23:23:22.259, 03/18/2022 23:23:22.179, 4.16012e+0, 1.13844e-4, 9.82315e+1, 1.69411e-2, 1.85719e+0, 3.47396e-3, 2.12075e+4, 9.42292e+1, 3.94465e+2, 8.60959e-1, 1.89743e+0, 3.63511e-3, 4.03012e+2, 8.70951e-1, 4.99059e+2, 6.61353e-1, 2.67745e+1, 4.42445e-2, 3.12254e+1, 3.82771e-2, 2.80076e+0, 6.55818e-4, 2.77408e+0, 6.15314e-4, 2.00000e+1, 0.00000e+0, 1.30000e+1, 0.00000e+0, 3, 2, 
03/18/2022 23:23:32.181, 03/18/2022 23:23:32.124, 4.16021e+0, 1.93396e-4, 9.82449e+1, 2.87791e-2, 1.85829e+0, 2.78943e-3, 2.12069e+4, 1.47663e+2, 3.96600e+2, 2.33808e+0, 1.89855e+0, 3.01342e-3, 4.05193e+2, 2.39072e+0, 4.99109e+2, 7.05942e-1, 2.68050e+1, 2.29807e-2, 3.12663e+1, 7.18037e-2, 2.80035e+0, 6.42608e-4, 2.77392e+0, 3.47607e-4, 2.00000e+1, 0.00000e+0, 1.30000e+1, 0.00000e+0, 3, 2, 
03/18/2022 23:23:42.124, 03/18/2022 23:23:42.069, 4.16020e+0, 1.70444e-4, 9.82440e+1, 2.53637e-2, 1.85772e+0, 2.12023e-3, 2.12566e+4, 1.36085e+2, 3.97697e+2, 1.82486e+0, 1.89806e+0, 2.21588e-3, 4.06334e+2, 1.86007e+0, 4.99166e+2, 5.68176e-1, 2.68206e+1, 4.52998e-2, 3.13001e+1, 6.39013e-2, 2.80039e+0, 5.73486e-4, 2.77390e+0, 5.31913e-4, 2.00000e+1, 0.00000e+0, 1.65000e+1, 3.68932e+0, 3, 2, 
03/18/2022 23:23:52.139, 03/18/2022 23:23:52.021, 4.16021e+0, 1.74764e-4, 9.82460e+1, 2.60066e-2, 1.85745e+0, 3.22836e-3, 2.12193e+4, 1.81019e+2, 3.95408e+2, 1.03518e+0, 1.89771e+0, 3.50978e-3, 4.03980e+2, 1.04867e+0, 4.99002e+2, 6.69984e-1, 2.68479e+1, 4.18648e-2, 3.13475e+1, 5.61992e-2, 2.80058e+0, 6.55737e-4, 2.77407e+0, 6.44795e-4, 2.00000e+1, 0.00000e+0, 1.30000e+1, 0.00000e+0, 3, 2, 
03/18/2022 23:24:02.022, 03/18/2022 23:24:01.967, 4.16026e+0, 1.41612e-4, 9.82537e+1, 2.10732e-2, 1.85508e+0, 4.08278e-3, 2.11744e+4, 1.29654e+2, 3.95674e+2, 1.18215e+0, 1.89521e+0, 4.27542e-3, 4.04233e+2, 1.18901e+0, 4.99211e+2, 5.81249e-1, 2.68767e+1, 2.46242e-2, 3.14012e+1, 6.88721e-2, 2.80066e+0, 6.89366e-4, 2.77375e+0, 3.94365e-4, 2.00000e+1, 0.00000e+0, 1.65000e+1, 3.68932e+0, 3, 2, 
03/18/2022 23:24:11.970, 03/18/2022 23:24:11.913, 4.16036e+0, 1.65658e-4, 9.82680e+1, 2.46515e-2, 1.85697e+0, 3.79590e-3, 2.11774e+4, 1.17036e+2, 3.96441e+2, 1.90534e+0, 1.89715e+0, 3.80860e-3, 4.05019e+2, 1.96923e+0, 4.98996e+2, 5.20102e-1, 2.68920e+1, 1.30281e-2, 3.14308e+1, 6.41036e-2, 2.80059e+0, 4.35648e-4, 2.77414e+0, 6.01171e-4, 2.00000e+1, 0.00000e+0, 1.65000e+1, 3.68932e+0, 3, 1, 
03/18/2022 23:24:21.918, 03/18/2022 23:24:21.857, 4.16032e+0, 1.66849e-4, 9.82614e+1, 2.48288e-2, 1.85786e+0, 2.57976e-3, 2.10935e+4, 1.71219e+2, 4.03823e+2, 1.75114e+0, 1.89789e+0, 2.68318e-3, 4.12524e+2, 1.81869e+0, 4.99110e+2, 5.60246e-1, 2.69090e+1, 1.18977e-2, 3.14672e+1, 6.79932e-2, 2.80069e+0, 4.35743e-4, 2.77387e+0, 3.50761e-4, 2.00000e+1, 0.00000e+0, 1.37000e+1, 2.21359e+0, 3, 1, 
03/18/2022 23:24:31.885, 03/18/2022 23:24:31.803, 4.16029e+0, 1.84371e-4, 9.82577e+1, 2.74362e-2, 1.85783e+0, 3.30921e-3, 2.11534e+4, 7.71098e+1, 4.02726e+2, 1.34867e+0, 1.89798e+0, 3.39407e-3, 4.11429e+2, 1.39143e+0, 4.99186e+2, 5.51046e-1, 2.69273e+1, 2.55492e-2, 3.14987e+1, 6.76546e-2, 2.80054e+0, 6.47260e-4, 2.77421e+0, 7.85409e-4, 2.00000e+1, 0.00000e+0, 1.65000e+1, 3.68932e+0, 3, 1, 
03/18/2022 23:24:41.801, 03/18/2022 23:24:41.749, 4.16027e+0, 1.63899e-4, 9.82541e+1, 2.43898e-2, 1.85891e+0, 3.89696e-3, 2.11850e+4, 1.46045e+2, 3.98990e+2, 2.08182e+0, 1.89914e+0, 4.19307e-3, 4.07625e+2, 2.12834e+0, 4.98972e+2, 5.80875e-1, 2.69454e+1, 4.45223e-2, 3.15394e+1, 6.96832e-2, 2.80038e+0, 7.94275e-4, 2.77409e+0, 5.26898e-4, 2.00000e+1, 0.00000e+0, 1.93000e+1, 2.21359e+0, 3, 1, 
03/18/2022 23:24:51.751, 03/18/2022 23:24:51.694, 4.16031e+0, 1.93658e-4, 9.82611e+1, 2.88181e-2, 1.85663e+0, 3.42566e-3, 2.11915e+4, 9.63065e+1, 3.95663e+2, 1.87117e+0, 1.89683e+0, 3.49275e-3, 4.04229e+2, 1.92560e+0, 4.99203e+2, 6.51702e-1, 2.69141e+1, 2.39944e-2, 3.15574e+1, 7.09103e-2, 2.80030e+0, 5.80362e-4, 2.77411e+0, 7.26023e-4, 2.00000e+1, 0.00000e+0, 1.30000e+1, 0.00000e+0, 3, 1, 
03/18/2022 23:25:01.701, 03/18/2022 23:25:01.639, 4.16034e+0, 1.93428e-4, 9.82643e+1, 2.87839e-2, 1.85597e+0, 2.77650e-3, 2.11516e+4, 9.04138e+1, 3.94355e+2, 7.67199e-1, 1.89607e+0, 2.85526e-3, 4.02877e+2, 8.08379e-1, 4.98935e+2, 7.59026e-1, 2.69422e+1, 2.57574e-2, 3.15872e+1, 6.62429e-2, 2.80058e+0, 5.16301e-4, 2.77394e+0, 7.29519e-4, 2.00000e+1, 0.00000e+0, 1.30000e+1, 0.00000e+0, 3, 1, 
03/18/2022 23:25:11.670, 03/18/2022 23:25:11.584, 4.16040e+0, 2.05607e-4, 9.82731e+1, 3.05963e-2, 1.85569e+0, 1.82536e-3, 2.11816e+4, 1.76877e+2, 3.94453e+2, 1.17266e+0, 1.89585e+0, 1.78815e-3, 4.02989e+2, 1.20811e+0, 4.99207e+2, 7.20384e-1, 2.69906e+1, 2.08352e-2, 3.16223e+1, 6.63402e-2, 2.80051e+0, 5.09721e-4, 2.77413e+0, 4.90110e-4, 2.00000e+1, 0.00000e+0, 1.30000e+1, 0.00000e+0, 3, 2, 
03/18/2022 23:25:21.583, 03/18/2022 23:25:21.530, 4.16039e+0, 1.81338e-4, 9.82726e+1, 2.69848e-2, 1.85705e+0, 3.20086e-3, 2.11297e+4, 1.19195e+2, 3.94115e+2, 1.04290e+0, 1.89714e+0, 3.37825e-3, 4.02622e+2, 1.07253e+0, 4.98980e+2, 6.06492e-1, 2.70491e+1, 3.31808e-2, 3.16659e+1, 6.60260e-2, 2.80035e+0, 5.85870e-4, 2.77392e+0, 5.07916e-4, 2.00000e+1, 0.00000e+0, 1.65000e+1, 3.68932e+0, 3, 2, 
03/18/2022 23:25:31.531, 03/18/2022 23:25:31.476, 4.16045e+0, 2.11056e-4, 9.82808e+1, 3.14071e-2, 1.85652e+0, 2.75185e-3, 2.11831e+4, 2.12403e+2, 3.94417e+2, 1.07311e+0, 1.89670e+0, 3.01461e-3, 4.02953e+2, 1.07942e+0, 4.99194e+2, 7.71171e-1, 2.70677e+1, 2.17362e-2, 3.16802e+1, 6.85375e-2, 2.80006e+0, 5.47059e-4, 2.77393e+0, 7.95136e-4, 2.00000e+1, 0.00000e+0, 1.65000e+1, 3.68932e+0, 3, 2, 
03/18/2022 23:25:41.479, 03/18/2022 23:25:41.420, 4.16042e+0, 1.75787e-4, 9.82771e+1, 2.61588e-2, 1.85513e+0, 3.58039e-3, 2.11286e+4, 1.28612e+2, 3.94077e+2, 1.16870e+0, 1.89517e+0, 3.70127e-3, 4.02583e+2, 1.21796e+0, 4.98960e+2, 6.07510e-1, 2.71027e+1, 2.79464e-2, 3.17336e+1, 6.55208e-2, 2.80064e+0, 5.10772e-4, 2.77393e+0, 5.42015e-4, 2.00000e+1, 0.00000e+0, 1.37000e+1, 2.21359e+0, 3, 2, 
03/18/2022 23:25:51.423, 03/18/2022 23:25:51.365, 4.16040e+0, 1.87443e-4, 9.82740e+1, 2.78932e-2, 1.85575e+0, 3.73463e-3, 2.11260e+4, 1.54658e+2, 3.93329e+2, 1.35690e+0, 1.89580e+0, 3.83092e-3, 4.01818e+2, 1.39100e+0, 4.99191e+2, 7.40692e-1, 2.71203e+1, 2.56267e-2, 3.17548e+1, 7.01725e-2, 2.80019e+0, 6.14276e-4, 2.77379e+0, 8.45763e-4, 2.00000e+1, 0.00000e+0, 1.58000e+1, 3.61478e+0, 3, 2, 
03/18/2022 23:26:01.372, 03/18/2022 23:26:01.311, 4.16040e+0, 1.82506e-4, 9.82736e+1, 2.71586e-2, 1.85467e+0, 2.07077e-3, 2.12552e+4, 1.41820e+2, 3.93725e+2, 1.14039e+0, 1.89495e+0, 2.13314e-3, 4.02276e+2, 1.19299e+0, 4.99018e+2, 7.25222e-1, 2.71402e+1, 1.63593e-2, 3.17933e+1, 6.36895e-2, 2.80035e+0, 3.23601e-4, 2.77383e+0, 7.19638e-4, 2.00000e+1, 0.00000e+0, 1.30000e+1, 0.00000e+0, 3, 2, 
03/18/2022 23:26:11.313, 03/18/2022 23:26:11.256, 4.16054e+0, 1.92792e-4, 9.82949e+1, 2.86893e-2, 1.85523e+0, 2.73937e-3, 2.12229e+4, 1.23216e+2, 3.94095e+2, 1.31665e+0, 1.89545e+0, 2.75185e-3, 4.02640e+2, 1.32697e+0, 4.99185e+2, 7.45600e-1, 2.71815e+1, 2.71887e-2, 3.18104e+1, 6.55787e-2, 2.80074e+0, 4.55475e-4, 2.77396e+0, 6.14714e-4, 2.00000e+1, 0.00000e+0, 1.30000e+1, 0.00000e+0, 3, 1, 
03/18/2022 23:26:21.257, 03/18/2022 23:26:21.202, 4.16059e+0, 1.75362e-4, 9.83019e+1, 2.60955e-2, 1.85755e+0, 2.32945e-3, 2.12681e+4, 1.74650e+2, 3.93938e+2, 8.77288e-1, 1.89791e+0, 2.35265e-3, 4.02499e+2, 9.16830e-1, 4.99095e+2, 6.87873e-1, 2.71821e+1, 2.03595e-2, 3.18503e+1, 5.86954e-2, 2.80029e+0, 5.41515e-4, 2.77407e+0, 7.05756e-4, 2.00000e+1, 0.00000e+0, 1.30000e+1, 0.00000e+0, 3, 1, 
03/18/2022 23:26:31.208, 03/18/2022 23:26:31.147, 4.16056e+0, 2.06134e-4, 9.82976e+1, 3.06748e-2, 1.85462e+0, 4.21829e-3, 2.12713e+4, 6.80474e+1, 3.93540e+2, 1.78055e+0, 1.89492e+0, 4.35638e-3, 4.02093e+2, 1.81770e+0, 4.99107e+2, 7.48477e-1, 2.72087e+1, 2.29122e-2, 3.18827e+1, 7.73882e-2, 2.80033e+0, 5.89378e-4, 2.77400e+0, 7.65974e-4, 2.00000e+1, 0.00000e+0, 1.30000e+1, 0.00000e+0, 3, 1, 
03/18/2022 23:26:41.152, 03/18/2022 23:26:41.093, 4.16056e+0, 2.13660e-4, 9.82974e+1, 3.17946e-2, 1.85599e+0, 3.75698e-3, 2.14585e+4, 9.66296e+1, 3.94363e+2, 8.19695e-1, 1.89669e+0, 3.82914e-3, 4.03011e+2, 8.37528e-1, 4.98982e+2, 6.74098e-1, 2.72298e+1, 2.14503e-2, 3.19046e+1, 7.51339e-2, 2.80039e+0, 4.80310e-4, 2.77358e+0, 4.88392e-4, 2.00000e+1, 0.00000e+0, 1.30000e+1, 0.00000e+0, 3, 1, 
03/18/2022 23:26:51.105, 03/18/2022 23:26:51.038, 4.16058e+0, 2.02959e-4, 9.83012e+1, 3.02023e-2, 1.85512e+0, 2.29306e-3, 2.13706e+4, 7.06505e+1, 3.94486e+2, 1.21320e+0, 1.89563e+0, 2.32715e-3, 4.03101e+2, 1.22298e+0, 4.99120e+2, 5.59107e-1, 2.72506e+1, 2.23235e-2, 3.19334e+1, 6.95085e-2, 2.80028e+0, 6.65194e-4, 2.77378e+0, 5.42897e-4, 2.00000e+1, 0.00000e+0, 1.65000e+1, 3.68932e+0, 3, 1, 
03/18/2022 23:27:01.047, 03/18/2022 23:27:00.984, 4.16058e+0, 2.01823e-4, 9.83012e+1, 3.00332e-2, 1.85661e+0, 2.83703e-3, 2.14599e+4, 1.90244e+2, 3.95059e+2, 1.60221e+0, 1.89732e+0, 2.83223e-3, 4.03722e+2, 1.63739e+0, 4.99165e+2, 7.52708e-1, 2.72306e+1, 1.48821e-2, 3.19680e+1, 7.68015e-2, 2.80026e+0, 3.52824e-4, 2.77364e+0, 3.77369e-4, 2.00000e+1, 0.00000e+0, 1.30000e+1, 0.00000e+0, 3, 1, 
03/18/2022 23:27:10.987, 03/18/2022 23:27:10.929, 4.16056e+0, 2.11454e-4, 9.82971e+1, 3.14663e-2, 1.85564e+0, 6.20988e-3, 2.14629e+4, 1.54818e+2, 3.99001e+2, 2.71780e+0, 1.89634e+0, 6.23585e-3, 4.07753e+2, 2.75219e+0, 4.99019e+2, 8.00771e-1, 2.72550e+1, 4.54112e-2, 3.20180e+1, 7.39807e-2, 2.80048e+0, 6.59781e-4, 2.77397e+0, 5.86288e-4, 2.00000e+1, 0.00000e+0, 1.30000e+1, 0.00000e+0, 3, 2, 
03/18/2022 23:27:20.926, 03/18/2022 23:27:20.874, 4.16064e+0, 2.50553e-4, 9.83090e+1, 3.72846e-2, 1.85596e+0, 5.14545e-3, 2.14665e+4, 1.37663e+2, 3.97654e+2, 1.71090e+0, 1.89668e+0, 5.23137e-3, 4.06377e+2, 1.71734e+0, 4.99095e+2, 6.75719e-1, 2.72738e+1, 2.61443e-2, 3.20403e+1, 8.07668e-2, 2.80067e+0, 6.38789e-4, 2.77375e+0, 5.64182e-4, 2.00000e+1, 0.00000e+0, 1.30000e+1, 0.00000e+0, 3, 2, 
03/18/2022 23:27:30.876, 03/18/2022 23:27:30.820, 4.16071e+0, 2.36469e-4, 9.83200e+1, 3.51889e-2, 1.85649e+0, 3.79740e-3, 2.14557e+4, 1.43542e+2, 3.95029e+2, 6.57991e-1, 1.89719e+0, 3.84923e-3, 4.03691e+2, 6.62655e-1, 4.99146e+2, 7.12764e-1, 2.73286e+1, 4.04008e-2, 3.20883e+1, 7.79168e-2, 2.79999e+0, 6.99227e-4, 2.77355e+0, 5.45253e-4, 2.00000e+1, 0.00000e+0, 1.30000e+1, 0.00000e+0, 3, 2, 
03/18/2022 23:27:40.844, 03/18/2022 23:27:40.765, 4.16064e+0, 2.21603e-4, 9.83090e+1, 3.29766e-2, 1.85780e+0, 2.86491e-3, 2.15550e+4, 1.44580e+2, 3.93554e+2, 6.52531e-1, 1.89873e+0, 2.70982e-3, 4.02224e+2, 6.46779e-1, 4.98984e+2, 6.08982e-1, 2.73678e+1, 3.42658e-2, 3.21370e+1, 8.30978e-2, 2.80063e+0, 8.38613e-4, 2.77365e+0, 5.20010e-4, 2.00000e+1, 0.00000e+0, 1.65000e+1, 3.68932e+0, 3, 2, 
03/18/2022 23:27:50.767, 03/18/2022 23:27:50.710, 4.16074e+0, 2.34414e-4, 9.83241e+1, 3.48830e-2, 1.85648e+0, 1.29003e-3, 2.15699e+4, 1.67573e+2, 3.94021e+2, 6.36015e-1, 1.89740e+0, 1.33405e-3, 4.02708e+2, 6.87747e-1, 4.99206e+2, 7.83390e-1, 2.73915e+1, 2.15764e-2, 3.21467e+1, 7.27360e-2, 2.80048e+0, 4.90617e-4, 2.77393e+0, 5.79698e-4, 2.00000e+1, 0.00000e+0, 1.30000e+1, 0.00000e+0, 3, 2, 
03/18/2022 23:28:00.717, 03/18/2022 23:28:00.656, 4.16070e+0, 2.19344e-4, 9.83183e+1, 3.26405e-2, 1.85530e+0, 3.50853e-3, 2.15968e+4, 1.20616e+2, 3.94410e+2, 1.79159e+0, 1.89626e+0, 3.58455e-3, 4.03116e+2, 1.82541e+0, 4.98900e+2, 7.67781e-1, 2.74129e+1, 2.08285e-2, 3.22074e+1, 8.18476e-2, 2.80086e+0, 5.83918e-4, 2.77373e+0, 8.01193e-4, 2.00000e+1, 0.00000e+0, 1.30000e+1, 0.00000e+0, 3, 2, 
03/18/2022 23:28:10.662, 03/18/2022 23:28:10.602, 4.16074e+0, 2.16437e-4, 9.83239e+1, 3.22079e-2, 1.85892e+0, 4.27813e-3, 2.16922e+4, 1.46001e+2, 3.93935e+2, 9.63498e-1, 1.90014e+0, 4.40262e-3, 4.02670e+2, 1.02538e+0, 4.99170e+2, 7.72020e-1, 2.74383e+1, 1.20631e-2, 3.22127e+1, 7.73032e-2, 2.80055e+0, 4.77632e-4, 2.77381e+0, 6.34546e-4, 2.00000e+1, 0.00000e+0, 1.30000e+1, 0.00000e+0, 3, 1, 
03/18/2022 23:28:20.607, 03/18/2022 23:28:20.547, 4.16078e+0, 2.20547e-4, 9.83310e+1, 3.28195e-2, 1.86210e+0, 2.91181e-3, 2.17180e+4, 9.77860e+1, 3.94232e+2, 9.36786e-1, 1.90344e+0, 2.91851e-3, 4.02984e+2, 9.56234e-1, 4.99067e+2, 7.51301e-1, 2.74718e+1, 2.31389e-2, 3.22339e+1, 7.56531e-2, 2.80027e+0, 5.49723e-4, 2.77378e+0, 4.96949e-4, 2.00000e+1, 0.00000e+0, 1.30000e+1, 0.00000e+0, 3, 1, 
03/18/2022 23:28:30.549, 03/18/2022 23:28:30.492, 4.16076e+0, 2.35421e-4, 9.83280e+1, 3.50328e-2, 1.85592e+0, 3.39504e-3, 2.17084e+4, 1.87183e+2, 3.93176e+2, 9.83582e-1, 1.89710e+0, 3.37678e-3, 4.01900e+2, 9.55836e-1, 4.98997e+2, 7.34059e-1, 2.74953e+1, 2.85063e-2, 3.22671e+1, 7.94072e-2, 2.80063e+0, 4.63084e-4, 2.77387e+0, 5.85219e-4, 2.00000e+1, 0.00000e+0, 1.30000e+1, 0.00000e+0, 3, 1, 
03/18/2022 23:28:40.524, 03/18/2022 23:28:40.438, 4.16083e+0, 2.08674e-4, 9.83381e+1, 3.10527e-2, 1.85547e+0, 4.40189e-3, 2.17917e+4, 1.35583e+2, 3.95294e+2, 2.17163e+0, 1.89680e+0, 4.33766e-3, 4.04101e+2, 2.24706e+0, 4.99127e+2, 7.06524e-1, 2.75295e+1, 3.08265e-2, 3.22827e+1, 8.27122e-2, 2.80011e+0, 5.67189e-4, 2.77384e+0, 6.00701e-4, 2.00000e+1, 0.00000e+0, 1.30000e+1, 0.00000e+0, 3, 1, 
03/18/2022 23:28:50.444, 03/18/2022 23:28:50.383, 4.16086e+0, 2.52528e-4, 9.83430e+1, 3.75786e-2, 1.85734e+0, 5.48394e-3, 2.17467e+4, 8.20607e+1, 3.96891e+2, 1.10445e+0, 1.89863e+0, 5.60313e-3, 4.05713e+2, 1.12945e+0, 4.98879e+2, 7.04339e-1, 2.75452e+1, 4.57890e-2, 3.23027e+1, 7.88077e-2, 2.80046e+0, 4.07182e-4, 2.77387e+0, 6.08240e-4, 2.00000e+1, 0.00000e+0, 1.30000e+1, 0.00000e+0, 3, 1, 
03/18/2022 23:29:00.399, 03/18/2022 23:29:00.342, 4.16087e+0, 2.12558e-4, 9.83433e+1, 3.16306e-2, 1.85503e+0, 5.50117e-3, 2.16931e+4, 1.46858e+2, 3.94136e+2, 2.31983e+0, 1.89616e+0, 5.42861e-3, 4.02876e+2, 2.36806e+0, 4.99121e+2, 6.78359e-1, 2.75933e+1, 8.31808e-2, 3.23133e+1, 7.97315e-2, 2.80047e+0, 6.07313e-4, 2.77372e+0, 6.78626e-4, 2.00000e+1, 0.00000e+0, 1.65000e+1, 3.68932e+0, 3, 1, 
03/18/2022 23:29:10.365, 03/18/2022 23:29:10.288, 4.16089e+0, 2.39953e-4, 9.83460e+1, 3.57073e-2, 1.85379e+0, 4.06902e-3, 2.16999e+4, 1.61856e+2, 3.93077e+2, 1.10896e+0, 1.89490e+0, 4.17430e-3, 4.01796e+2, 1.13385e+0, 4.99022e+2, 7.13054e-1, 2.75628e+1, 2.37675e-2, 3.23375e+1, 8.57287e-2, 2.80024e+0, 7.37507e-4, 2.77350e+0, 5.43183e-4, 2.00000e+1, 0.00000e+0, 1.30000e+1, 0.00000e+0, 3, 2, 
03/18/2022 23:29:20.290, 03/18/2022 23:29:20.232, 4.16086e+0, 2.32100e-4, 9.83428e+1, 3.45388e-2, 1.85243e+0, 3.06658e-3, 2.17785e+4, 1.11304e+2, 3.92326e+2, 1.32830e+0, 1.89368e+0, 3.13490e-3, 4.01061e+2, 1.33441e+0, 4.98902e+2, 6.89116e-1, 2.75359e+1, 9.96899e-3, 3.23902e+1, 8.71824e-2, 2.80007e+0, 5.89723e-4, 2.77338e+0, 6.92724e-4, 2.00000e+1, 0.00000e+0, 1.30000e+1, 0.00000e+0, 3, 2, 
03/18/2022 23:29:30.236, 03/18/2022 23:29:30.178, 4.16090e+0, 2.32321e-4, 9.83479e+1, 3.45716e-2, 1.85221e+0, 5.43702e-3, 2.17380e+4, 1.11768e+2, 3.92182e+2, 1.48803e+0, 1.89337e+0, 5.42437e-3, 4.00897e+2, 1.50781e+0, 4.99131e+2, 7.48023e-1, 2.75708e+1, 2.69963e-2, 3.23916e+1, 7.90476e-2, 2.80042e+0, 6.18942e-4, 2.77364e+0, 5.81566e-4, 2.00000e+1, 0.00000e+0, 1.30000e+1, 0.00000e+0, 3, 2, 
03/18/2022 23:29:40.179, 03/18/2022 23:29:40.123, 4.16098e+0, 2.20880e-4, 9.83601e+1, 3.28691e-2, 1.85142e+0, 2.68499e-3, 2.16857e+4, 1.09816e+2, 3.92881e+2, 9.50692e-1, 1.89246e+0, 2.65521e-3, 4.01590e+2, 9.76713e-1, 4.99074e+2, 7.54165e-1, 2.76017e+1, 2.68915e-2, 3.24021e+1, 7.04645e-2, 2.80040e+0, 5.63360e-4, 2.77357e+0, 4.77358e-4, 2.00000e+1, 0.00000e+0, 1.30000e+1, 0.00000e+0, 3, 2, 
03/18/2022 23:29:50.128, 03/18/2022 23:29:50.069, 4.16093e+0, 2.19359e-4, 9.83524e+1, 3.26427e-2, 1.85285e+0, 4.46805e-3, 2.17457e+4, 1.45745e+2, 3.93124e+2, 6.96136e-1, 1.89404e+0, 4.47816e-3, 4.01862e+2, 7.25706e-1, 4.98921e+2, 7.14680e-1, 2.76617e+1, 2.18398e-2, 3.24347e+1, 8.46471e-2, 2.80020e+0, 6.60622e-4, 2.77322e+0, 5.80995e-4, 2.00000e+1, 0.00000e+0, 1.30000e+1, 0.00000e+0, 3, 2, 
03/18/2022 23:30:00.078, 03/18/2022 23:30:00.014, 4.16083e+0, 2.54983e-4, 9.83383e+1, 3.79439e-2, 1.85233e+0, 3.71012e-3, 2.16788e+4, 1.37813e+2, 3.93818e+2, 1.81126e+0, 1.89338e+0, 3.74382e-3, 4.02545e+2, 1.87763e+0, 4.99045e+2, 5.96961e-1, 2.76902e+1, 3.39530e-2, 3.24644e+1, 8.75873e-2, 2.80006e+0, 4.12006e-4, 2.77361e+0, 4.92961e-4, 2.00000e+1, 0.00000e+0, 1.37000e+1, 2.21359e+0, 3, 2, 
03/18/2022 23:30:10.018, 03/18/2022 23:30:09.960, 4.16090e+0, 2.31424e-4, 9.83477e+1, 3.44382e-2, 1.85247e+0, 4.51766e-3, 2.15867e+4, 1.74814e+2, 3.93716e+2, 1.44063e+0, 1.89335e+0, 4.46010e-3, 4.02403e+2, 1.47068e+0, 4.98906e+2, 6.94776e-1, 2.77289e+1, 3.22321e-2, 3.24850e+1, 8.01117e-2, 2.80010e+0, 8.45890e-4, 2.77376e+0, 5.27418e-4, 2.00000e+1, 0.00000e+0, 1.58000e+1, 3.61478e+0, 3, 1, 
03/18/2022 23:30:19.966, 03/18/2022 23:30:19.905, 4.16089e+0, 2.31373e-4, 9.83474e+1, 3.44305e-2, 1.85314e+0, 5.22319e-3, 2.16254e+4, 1.78467e+2, 3.93001e+2, 1.36418e+0, 1.89410e+0, 5.21698e-3, 4.01687e+2, 1.33503e+0, 4.98930e+2, 7.69281e-1, 2.77626e+1, 2.54378e-2, 3.25120e+1, 8.15360e-2, 2.80018e+0, 2.27127e-4, 2.77358e+0, 7.68250e-4, 2.00000e+1, 0.00000e+0, 1.30000e+1, 0.00000e+0, 3, 1, 
03/18/2022 23:30:29.907, 03/18/2022 23:30:29.850, 4.16083e+0, 2.46269e-4, 9.83372e+1, 3.66472e-2, 1.85143e+0, 4.10485e-3, 2.15841e+4, 1.81002e+2, 3.93239e+2, 1.33964e+0, 1.89227e+0, 4.14038e-3, 4.01914e+2, 1.33900e+0, 4.99103e+2, 7.19439e-1, 2.77827e+1, 1.95517e-2, 3.25558e+1, 8.75863e-2, 2.80041e+0, 5.53682e-4, 2.77351e+0, 3.75183e-4, 2.00000e+1, 0.00000e+0, 1.30000e+1, 0.00000e+0, 3, 1, 
03/18/2022 23:30:39.875, 03/18/2022 23:30:39.796, 4.16099e+0, 2.11430e-4, 9.83623e+1, 3.14628e-2, 1.85206e+0, 2.20793e-3, 2.15378e+4, 1.09477e+2, 3.92874e+2, 1.03332e+0, 1.89283e+0, 2.15299e-3, 4.01522e+2, 1.07717e+0, 4.98938e+2, 8.98553e-1, 2.78032e+1, 2.23200e-2, 3.25701e+1, 7.85493e-2, 2.80001e+0, 5.66649e-4, 2.77335e+0, 6.83905e-4, 2.00000e+1, 0.00000e+0, 1.30000e+1, 0.00000e+0, 3, 1, 
03/18/2022 23:30:49.799, 03/18/2022 23:30:49.742, 4.16111e+0, 2.37412e-4, 9.83802e+1, 3.53292e-2, 1.85335e+0, 4.15952e-3, 2.15440e+4, 1.46427e+2, 3.93004e+2, 1.00424e+0, 1.89416e+0, 4.26379e-3, 4.01657e+2, 1.00694e+0, 4.98846e+2, 8.52713e-1, 2.78087e+1, 1.64073e-2, 3.25695e+1, 8.34867e-2, 2.79991e+0, 7.49999e-4, 2.77356e+0, 4.54742e-4, 2.00000e+1, 0.00000e+0, 1.30000e+1, 0.00000e+0, 3, 1, 
03/18/2022 23:30:59.766, 03/18/2022 23:30:59.687, 4.16100e+0, 2.52496e-4, 9.83629e+1, 3.75738e-2, 1.85265e+0, 2.14480e-3, 2.15697e+4, 1.31426e+2, 3.93661e+2, 1.40262e+0, 1.89350e+0, 2.05841e-3, 4.02339e+2, 1.45468e+0, 4.98984e+2, 7.94650e-1, 2.78363e+1, 3.27024e-2, 3.26135e+1, 8.11986e-2, 2.79993e+0, 7.60920e-4, 2.77357e+0, 4.38036e-4, 2.00000e+1, 0.00000e+0, 1.30000e+1, 0.00000e+0, 3, 1, 
03/18/2022 23:31:09.690, 03/18/2022 23:31:09.633, 4.16098e+0, 2.54675e-4, 9.83594e+1, 3.78980e-2, 1.85335e+0, 1.87737e-3, 2.15951e+4, 1.35346e+2, 3.98339e+2, 1.64112e+0, 1.89426e+0, 1.81130e-3, 4.07131e+2, 1.71305e+0, 4.98981e+2, 8.10059e-1, 2.78640e+1, 4.45920e-2, 3.26231e+1, 8.83854e-2, 2.80036e+0, 6.25832e-4, 2.77383e+0, 9.89774e-4, 2.00000e+1, 0.00000e+0, 1.30000e+1, 0.00000e+0, 3, 1, 
03/18/2022 23:31:19.645, 03/18/2022 23:31:19.578, 4.16108e+0, 1.78534e-4, 9.83749e+1, 2.65675e-2, 1.85127e+0, 3.25055e-3, 2.14242e+4, 1.22019e+2, 3.97351e+2, 1.48841e+0, 1.89180e+0, 3.32745e-3, 4.06050e+2, 1.49687e+0, 4.99085e+2, 7.22565e-1, 2.78728e+1, 3.02785e-2, 3.25992e+1, 6.87563e-2, 2.80022e+0, 6.60834e-4, 2.77352e+0, 7.29443e-4, 2.00000e+1, 0.00000e+0, 1.30000e+1, 0.00000e+0, 3, 2, 
03/18/2022 23:31:29.609, 03/18/2022 23:31:29.522, 4.16104e+0, 2.06750e-4, 9.83695e+1, 3.07663e-2, 1.85335e+0, 3.64513e-3, 2.15185e+4, 1.75039e+2, 3.99689e+2, 2.20051e+0, 1.89410e+0, 3.75612e-3, 4.08479e+2, 2.26823e+0, 4.99001e+2, 7.99822e-1, 2.78615e+1, 1.36867e-2, 3.26520e+1, 7.75585e-2, 2.80041e+0, 4.45745e-4, 2.77373e+0, 5.81111e-4, 2.00000e+1, 0.00000e+0, 1.30000e+1, 0.00000e+0, 3, 2, 
03/18/2022 23:31:39.547, 03/18/2022 23:31:39.469, 4.16111e+0, 2.08421e-4, 9.83798e+1, 3.10150e-2, 1.85228e+0, 2.58799e-3, 2.14761e+4, 1.95587e+2, 3.95709e+2, 1.49519e+0, 1.89294e+0, 2.52860e-3, 4.04394e+2, 1.56417e+0, 4.98853e+2, 7.02687e-1, 2.78631e+1, 1.74022e-2, 3.26812e+1, 8.03683e-2, 2.80042e+0, 7.33552e-4, 2.77388e+0, 7.22818e-4, 2.00000e+1, 0.00000e+0, 1.30000e+1, 0.00000e+0, 3, 2, 
03/18/2022 23:31:49.488, 03/18/2022 23:31:49.414, 4.16101e+0, 2.73417e-4, 9.83645e+1, 4.06871e-2, 1.85221e+0, 4.52527e-3, 2.14814e+4, 1.70014e+2, 3.93169e+2, 1.43222e+0, 1.89287e+0, 4.57819e-3, 4.01800e+2, 1.42735e+0, 4.98991e+2, 8.67093e-1, 2.78929e+1, 1.81511e-2, 3.27339e+1, 8.08393e-2, 2.80059e+0, 9.11574e-4, 2.77418e+0, 5.06300e-4, 2.00000e+1, 0.00000e+0, 1.30000e+1, 0.00000e+0, 3, 2, 
03/18/2022 23:31:59.443, 03/18/2022 23:31:59.366, 4.16101e+0, 2.25530e-4, 9.83643e+1, 3.35610e-2, 1.85120e+0, 4.05912e-3, 2.14178e+4, 1.71038e+2, 3.96429e+2, 8.78444e-1, 1.89172e+0, 4.15935e-3, 4.05105e+2, 9.15125e-1, 4.98918e+2, 8.43872e-1, 2.79474e+1, 3.12314e-2, 3.27609e+1, 8.37101e-2, 2.80057e+0, 5.99430e-4, 2.77385e+0, 6.70976e-4, 2.00000e+1, 0.00000e+0, 1.30000e+1, 0.00000e+0, 3, 2, 
03/18/2022 23:32:09.374, 03/18/2022 23:32:09.311, 4.16106e+0, 2.21932e-4, 9.83716e+1, 3.30256e-2, 1.85087e+0, 2.73385e-3, 2.14299e+4, 1.48332e+2, 3.93274e+2, 1.07891e+0, 1.89140e+0, 2.65975e-3, 4.01886e+2, 1.07951e+0, 4.98985e+2, 8.43703e-1, 2.79947e+1, 2.29389e-2, 3.27620e+1, 9.96225e-2, 2.80069e+0, 5.79188e-4, 2.77384e+0, 5.52538e-4, 2.00000e+1, 0.00000e+0, 1.30000e+1, 0.00000e+0, 3, 2, 
03/18/2022 23:32:19.319, 03/18/2022 23:32:19.257, 4.16133e+0, 1.05456e-4, 9.84118e+1, 1.56928e-2, 1.85159e+0, 5.08485e-3, 2.14948e+4, 1.43234e+2, 3.93940e+2, 1.45604e+0, 1.89227e+0, 5.15509e-3, 4.02594e+2, 1.46279e+0, 4.98944e+2, 9.19565e-1, 2.80210e+1, 3.21159e-2, 3.27246e+1, 3.69088e-2, 2.80044e+0, 5.13481e-4, 2.77394e+0, 6.28530e-4, 2.00000e+1, 0.00000e+0, 1.30000e+1, 0.00000e+0, 3, 1, 
03/18/2022 23:32:29.279, 03/18/2022 23:32:29.209, 4.16085e+0, 1.30131e-4, 9.83415e+1, 1.93647e-2, 1.85330e+0, 1.45330e-3, 2.15016e+4, 1.26054e+2, 4.03666e+2, 4.73927e+0, 1.89403e+0, 1.58573e-3, 4.12537e+2, 4.85385e+0, 4.98891e+2, 7.73373e-1, 2.80284e+1, 2.47723e-2, 3.28721e+1, 5.46956e-2, 2.80052e+0, 4.20219e-4, 2.77383e+0, 4.59922e-4, 2.00000e+1, 0.00000e+0, 1.30000e+1, 0.00000e+0, 3, 1, 
03/18/2022 23:32:39.210, 03/18/2022 23:32:39.154, 4.16131e+0, 8.59151e-5, 9.84094e+1, 1.27850e-2, 1.85293e+0, 3.43945e-3, 2.15501e+4, 9.46472e+1, 4.03564e+2, 5.76969e+0, 1.89374e+0, 3.50628e-3, 4.12453e+2, 5.91325e+0, 4.98829e+2, 6.92373e-1, 2.80434e+1, 2.07877e-2, 3.27686e+1, 3.50804e-2, 2.80056e+0, 8.01384e-4, 2.77397e+0, 8.20273e-4, 2.00000e+1, 0.00000e+0, 1.30000e+1, 0.00000e+0, 3, 1, 
03/18/2022 23:32:49.159, 03/18/2022 23:32:49.099, 4.16112e+0, 1.78497e-4, 9.83816e+1, 2.65621e-2, 1.85273e+0, 3.71141e-3, 2.15337e+4, 1.99868e+2, 3.94700e+2, 1.34664e+0, 1.89351e+0, 3.57835e-3, 4.03387e+2, 1.37375e+0, 4.98972e+2, 8.84683e-1, 2.80806e+1, 3.19324e-2, 3.28049e+1, 6.54506e-2, 2.80068e+0, 9.92521e-4, 2.77370e+0, 5.89473e-4, 2.00000e+1, 0.00000e+0, 1.30000e+1, 0.00000e+0, 3, 1, 
03/18/2022 23:32:59.103, 03/18/2022 23:32:59.045, 4.16090e+0, 1.11505e-4, 9.83475e+1, 1.65930e-2, 1.85206e+0, 3.73368e-3, 2.15458e+4, 6.68392e+1, 3.92832e+2, 1.20386e+0, 1.89284e+0, 3.79136e-3, 4.01482e+2, 1.22890e+0, 4.99030e+2, 7.34607e-1, 2.80929e+1, 1.44880e-2, 3.29738e+1, 2.13792e-2, 2.80055e+0, 5.64519e-4, 2.77421e+0, 7.45250e-4, 2.00000e+1, 0.00000e+0, 1.30000e+1, 0.00000e+0, 3, 1, 
03/18/2022 23:33:09.047, 03/18/2022 23:33:08.991, 4.16127e+0, 1.10760e-4, 9.84029e+1, 1.64822e-2, 1.85191e+0, 3.41026e-3, 2.15560e+4, 1.51424e+2, 3.93444e+2, 9.87013e-1, 1.89271e+0, 3.61307e-3, 4.02112e+2, 9.81669e-1, 4.98967e+2, 6.79444e-1, 2.81450e+1, 3.51913e-2, 3.29308e+1, 4.93290e-2, 2.80051e+0, 4.36263e-4, 2.77412e+0, 7.06531e-4, 2.00000e+1, 0.00000e+0, 1.30000e+1, 0.00000e+0, 3, 1, 
03/18/2022 23:33:18.993, 03/18/2022 23:33:18.936, 4.16141e+0, 4.34700e-5, 9.84243e+1, 6.46875e-3, 1.85281e+0, 2.88345e-3, 2.16250e+4, 1.28006e+2, 3.93324e+2, 6.19498e-1, 1.89376e+0, 2.95582e-3, 4.02017e+2, 6.49001e-1, 4.98992e+2, 8.37400e-1, 2.81418e+1, 4.06098e-2, 3.28498e+1, 1.71366e-2, 2.80040e+0, 2.93544e-4, 2.77400e+0, 6.83999e-4, 2.00000e+1, 0.00000e+0, 1.30000e+1, 0.00000e+0, 3, 2, 
03/18/2022 23:33:28.941, 03/18/2022 23:33:28.882, 4.16151e+0, 6.78810e-5, 9.84385e+1, 1.01013e-2, 1.85191e+0, 4.62777e-3, 2.16326e+4, 1.69455e+2, 3.93701e+2, 1.37162e+0, 1.89285e+0, 4.64745e-3, 4.02406e+2, 1.39006e+0, 4.98978e+2, 9.26803e-1, 2.81653e+1, 1.80498e-2, 3.28305e+1, 1.87940e-2, 2.80083e+0, 7.49816e-4, 2.77392e+0, 5.15277e-4, 2.00000e+1, 0.00000e+0, 1.30000e+1, 0.00000e+0, 3, 2, 
03/18/2022 23:33:38.902, 03/18/2022 23:33:38.828, 4.16154e+0, 6.82181e-5, 9.84432e+1, 1.01515e-2, 1.85302e+0, 2.34423e-3, 2.17728e+4, 1.33122e+2, 3.93836e+2, 1.70008e+0, 1.89426e+0, 2.34156e-3, 4.02601e+2, 1.75792e+0, 4.98920e+2, 8.34586e-1, 2.81538e+1, 2.51946e-2, 3.28419e+1, 2.28099e-2, 2.80067e+0, 6.37679e-4, 2.77391e+0, 6.42971e-4, 2.00000e+1, 0.00000e+0, 1.30000e+1, 0.00000e+0, 3, 2, 
03/18/2022 23:33:48.886, 03/18/2022 23:33:48.772, 4.16150e+0, 9.85045e-5, 9.84377e+1, 1.46584e-2, 1.85275e+0, 2.84582e-3, 2.17871e+4, 1.86818e+2, 3.94179e+2, 1.12566e+0, 1.89402e+0, 2.97902e-3, 4.02959e+2, 1.17892e+0, 4.98925e+2, 7.67624e-1, 2.81457e+1, 7.92810e-3, 3.28941e+1, 5.78910e-2, 2.80043e+0, 7.27260e-4, 2.77359e+0, 5.84506e-4, 2.00000e+1, 0.00000e+0, 1.30000e+1, 0.00000e+0, 3, 2, 
03/18/2022 23:33:58.774, 03/18/2022 23:33:58.718, 4.16104e+0, 9.36795e-5, 9.83688e+1, 1.39404e-2, 1.85025e+0, 3.45057e-3, 2.17471e+4, 1.16691e+2, 3.93991e+2, 9.15607e-1, 1.89139e+0, 3.40597e-3, 4.02749e+2, 9.08053e-1, 4.98905e+2, 7.84885e-1, 2.81513e+1, 8.44945e-3, 3.30706e+1, 4.66898e-2, 2.80078e+0, 3.63075e-4, 2.77391e+0, 4.61356e-4, 2.00000e+1, 0.00000e+0, 1.30000e+1, 0.00000e+0, 3, 2, 
03/18/2022 23:34:08.718, 03/18/2022 23:34:08.662, 4.16150e+0, 1.11414e-4, 9.84382e+1, 1.65794e-2, 1.85177e+0, 2.31304e-3, 2.18516e+4, 1.79380e+2, 3.93872e+2, 1.05643e+0, 1.89314e+0, 2.36414e-3, 4.02671e+2, 1.09609e+0, 4.98930e+2, 8.99053e-1, 2.81997e+1, 2.35848e-2, 3.29380e+1, 1.95939e-2, 2.80092e+0, 7.30097e-4, 2.77383e+0, 3.63871e-4, 2.00000e+1, 0.00000e+0, 1.30000e+1, 0.00000e+0, 3, 2, 
03/18/2022 23:34:18.667, 03/18/2022 23:34:18.608, 4.16110e+0, 1.89955e-4, 9.83780e+1, 2.82672e-2, 1.85288e+0, 3.36805e-3, 2.17581e+4, 1.23703e+2, 3.94398e+2, 7.44525e-1, 1.89409e+0, 3.43044e-3, 4.03170e+2, 7.63283e-1, 4.98953e+2, 7.98834e-1, 2.82438e+1, 2.18187e-2, 3.30816e+1, 5.64422e-2, 2.80062e+0, 6.70782e-4, 2.77367e+0, 4.85401e-4, 2.00000e+1, 0.00000e+0, 1.30000e+1, 0.00000e+0, 3, 1, 
03/18/2022 23:34:28.615, 03/18/2022 23:34:28.554, 4.16148e+0, 1.15882e-4, 9.84342e+1, 1.72443e-2, 1.85372e+0, 3.50953e-3, 2.17227e+4, 1.46456e+2, 3.94170e+2, 1.09917e+0, 1.89488e+0, 3.59040e-3, 4.02923e+2, 1.14449e+0, 4.98953e+2, 8.69318e-1, 2.82950e+1, 9.66331e-3, 3.29750e+1, 5.75585e-2, 2.80073e+0, 7.08516e-4, 2.77382e+0, 8.98815e-4, 2.00000e+1, 0.00000e+0, 1.30000e+1, 0.00000e+0, 3, 1, 
03/18/2022 23:34:38.563, 03/18/2022 23:34:38.506, 4.16111e+0, 1.60432e-4, 9.83790e+1, 2.38738e-2, 1.85205e+0, 3.94385e-3, 2.17771e+4, 1.31043e+2, 3.94486e+2, 8.55826e-1, 1.89328e+0, 4.03635e-3, 4.03268e+2, 8.80011e-1, 4.99065e+2, 7.49949e-1, 2.83081e+1, 2.58886e-2, 3.31053e+1, 8.19703e-2, 2.80090e+0, 6.56182e-4, 2.77447e+0, 6.11223e-4, 2.00000e+1, 0.00000e+0, 1.30000e+1, 0.00000e+0, 3, 1, 
03/18/2022 23:34:48.529, 03/18/2022 23:34:48.452, 4.16136e+0, 1.55933e-4, 9.84169e+1, 2.32044e-2, 1.85254e+0, 2.14045e-3, 2.17402e+4, 1.92919e+2, 3.93759e+2, 5.80216e-1, 1.89371e+0, 2.37868e-3, 4.02509e+2, 6.08675e-1, 4.98972e+2, 8.15571e-1, 2.83299e+1, 1.71942e-2, 3.30440e+1, 7.86107e-2, 2.80073e+0, 5.37576e-4, 2.77407e+0, 8.32710e-4, 2.00000e+1, 0.00000e+0, 1.30000e+1, 0.00000e+0, 3, 1, 
03/18/2022 23:34:58.473, 03/18/2022 23:34:58.396, 4.16114e+0, 2.79046e-4, 9.83839e+1, 4.15246e-2, 1.85356e+0, 2.57780e-3, 2.18525e+4, 2.43193e+2, 3.94083e+2, 1.18792e+0, 1.89497e+0, 2.61186e-3, 4.02887e+2, 1.21390e+0, 4.98943e+2, 8.27515e-1, 2.83587e+1, 2.53083e-2, 3.31333e+1, 8.49156e-2, 2.80080e+0, 4.00630e-4, 2.77400e+0, 5.69500e-4, 2.00000e+1, 0.00000e+0, 1.30000e+1, 0.00000e+0, 3, 1, 
03/18/2022 23:35:08.396, 03/18/2022 23:35:08.342, 4.16140e+0, 2.18393e-4, 9.84224e+1, 3.24990e-2, 1.85313e+0, 2.53841e-3, 2.18001e+4, 1.47750e+2, 3.93561e+2, 1.16678e+0, 1.89442e+0, 2.59300e-3, 4.02332e+2, 1.21511e+0, 4.98866e+2, 7.18070e-1, 2.83727e+1, 2.16787e-2, 3.31323e+1, 9.65904e-2, 2.80088e+0, 6.97244e-4, 2.77405e+0, 7.13917e-4, 2.00000e+1, 0.00000e+0, 1.30000e+1, 0.00000e+0, 3, 1, 
03/18/2022 23:35:18.356, 03/18/2022 23:35:18.287, 4.16144e+0, 2.68937e-4, 9.84283e+1, 4.00204e-2, 1.85250e+0, 3.77863e-3, 2.18121e+4, 2.10565e+2, 4.03906e+2, 8.09591e+0, 1.89381e+0, 3.72190e-3, 4.12914e+2, 8.31643e+0, 4.99020e+2, 8.51738e-1, 2.83898e+1, 2.57201e-2, 3.31130e+1, 6.25307e-2, 2.80076e+0, 7.73091e-4, 2.77430e+0, 7.25388e-4, 2.00000e+1, 0.00000e+0, 1.30000e+1, 0.00000e+0, 3, 2, 
03/18/2022 23:35:28.313, 03/18/2022 23:35:28.232, 4.16138e+0, 2.26173e-4, 9.84203e+1, 3.36568e-2, 1.85257e+0, 2.88964e-3, 2.18949e+4, 1.72305e+2, 4.13152e+2, 3.12159e+0, 1.89404e+0, 2.80916e-3, 4.22401e+2, 3.17832e+0, 4.98919e+2, 8.73882e-1, 2.84049e+1, 1.89551e-2, 3.31876e+1, 8.37534e-2, 2.80121e+0, 6.29851e-4, 2.77436e+0, 3.98472e-4, 2.00000e+1, 0.00000e+0, 1.30000e+1, 0.00000e+0, 3, 2, 
03/18/2022 23:35:38.256, 03/18/2022 23:35:38.178, 4.16141e+0, 2.20607e-4, 9.84245e+1, 3.28284e-2, 1.85248e+0, 4.50282e-3, 2.17595e+4, 1.88920e+2, 4.02602e+2, 3.79695e+0, 1.89368e+0, 4.69000e-3, 4.11558e+2, 3.92776e+0, 4.98935e+2, 8.70749e-1, 2.84347e+1, 1.15165e-2, 3.31695e+1, 7.00480e-2, 2.80127e+0, 5.23043e-4, 2.77428e+0, 7.25315e-4, 2.00000e+1, 0.00000e+0, 1.30000e+1, 0.00000e+0, 3, 2, 
03/18/2022 23:35:48.180, 03/18/2022 23:35:48.124, 4.16153e+0, 2.84244e-4, 9.84425e+1, 4.22983e-2, 1.85220e+0, 3.30322e-3, 2.18230e+4, 7.99678e+1, 3.95927e+2, 1.83652e+0, 1.89352e+0, 3.35321e-3, 4.04761e+2, 1.87391e+0, 4.98930e+2, 8.34622e-1, 2.84432e+1, 3.46446e-2, 3.31507e+1, 9.44239e-2, 2.80043e+0, 4.04092e-4, 2.77413e+0, 4.13189e-4, 2.00000e+1, 0.00000e+0, 1.30000e+1, 0.00000e+0, 3, 2, 
03/18/2022 23:35:58.122, 03/18/2022 23:35:58.070, 4.16155e+0, 1.84898e-4, 9.84445e+1, 2.75146e-2, 1.85201e+0, 4.61581e-3, 2.17602e+4, 1.88806e+2, 3.93379e+2, 1.21473e+0, 1.89320e+0, 4.77452e-3, 4.02130e+2, 1.23649e+0, 4.98870e+2, 7.18115e-1, 2.84514e+1, 1.55865e-2, 3.31449e+1, 5.79725e-2, 2.80118e+0, 8.35558e-4, 2.77443e+0, 6.94109e-4, 2.00000e+1, 0.00000e+0, 1.30000e+1, 0.00000e+0, 3, 2, 
03/18/2022 23:36:08.077, 03/18/2022 23:36:08.021, 4.16148e+0, 2.34178e-4, 9.84349e+1, 3.48479e-2, 1.85191e+0, 3.07666e-3, 2.17775e+4, 1.64897e+2, 3.93090e+2, 1.04819e+0, 1.89314e+0, 3.06474e-3, 4.01841e+2, 1.10128e+0, 4.98978e+2, 8.58906e-1, 2.84580e+1, 2.70875e-2, 3.31809e+1, 8.23791e-2, 2.80089e+0, 5.45995e-4, 2.77422e+0, 5.47552e-4, 2.00000e+1, 0.00000e+0, 1.30000e+1, 0.00000e+0, 3, 2, 
03/18/2022 23:36:18.022, 03/18/2022 23:36:17.967, 4.16149e+0, 2.82625e-4, 9.84357e+1, 4.20573e-2, 1.85523e+0, 5.83518e-3, 2.16826e+4, 1.77070e+2, 3.93330e+2, 1.01810e+0, 1.89635e+0, 5.76160e-3, 4.02047e+2, 1.02237e+0, 4.98974e+2, 8.03881e-1, 2.85014e+1, 9.71819e-2, 3.31917e+1, 8.90391e-2, 2.80071e+0, 5.57007e-4, 2.77396e+0, 6.45844e-4, 2.00000e+1, 0.00000e+0, 1.30000e+1, 0.00000e+0, 3, 1, 
03/18/2022 23:36:27.990, 03/18/2022 23:36:27.911, 4.16147e+0, 2.38008e-4, 9.84335e+1, 3.54178e-2, 1.85259e+0, 3.89355e-3, 2.16896e+4, 1.67456e+2, 3.96257e+2, 1.04627e+0, 1.89366e+0, 3.96007e-3, 4.05042e+2, 1.08894e+0, 4.99039e+2, 8.84541e-1, 2.85214e+1, 2.73121e-2, 3.31909e+1, 8.21646e-2, 2.80084e+0, 5.85814e-4, 2.77381e+0, 6.10604e-4, 2.00000e+1, 0.00000e+0, 1.30000e+1, 0.00000e+0, 3, 1, 
03/18/2022 23:36:37.939, 03/18/2022 23:36:37.865, 4.16148e+0, 2.33652e-4, 9.84342e+1, 3.47696e-2, 1.85426e+0, 3.08196e-3, 2.16204e+4, 1.20597e+2, 3.94282e+2, 1.01939e+0, 1.89524e+0, 3.03670e-3, 4.02995e+2, 1.07572e+0, 4.98881e+2, 7.26182e-1, 2.85789e+1, 3.18092e-2, 3.32137e+1, 8.16735e-2, 2.80084e+0, 7.65143e-4, 2.77396e+0, 5.85875e-4, 2.00000e+1, 0.00000e+0, 1.30000e+1, 0.00000e+0, 3, 1, 
03/18/2022 23:36:47.862, 03/18/2022 23:36:47.809, 4.16144e+0, 2.25045e-4, 9.84289e+1, 3.34888e-2, 1.85353e+0, 3.83841e-3, 2.16011e+4, 2.19505e+2, 3.94755e+2, 1.51874e+0, 1.89445e+0, 4.00923e-3, 4.03470e+2, 1.53579e+0, 4.98872e+2, 9.27254e-1, 2.85856e+1, 2.42691e-2, 3.32280e+1, 8.32964e-2, 2.80085e+0, 6.55381e-4, 2.77404e+0, 5.54834e-4, 2.00000e+1, 0.00000e+0, 1.30000e+1, 0.00000e+0, 3, 1, 
03/18/2022 23:36:57.812, 03/18/2022 23:36:57.755, 4.16150e+0, 2.38500e-4, 9.84380e+1, 3.54910e-2, 1.85285e+0, 3.76414e-3, 2.15452e+4, 1.69766e+2, 3.93318e+2, 1.03319e+0, 1.89364e+0, 3.81015e-3, 4.01978e+2, 1.05056e+0, 4.98986e+2, 7.47970e-1, 2.85962e+1, 9.05252e-3, 3.32412e+1, 8.61940e-2, 2.80050e+0, 7.64655e-4, 2.77413e+0, 4.70794e-4, 2.00000e+1, 0.00000e+0, 1.30000e+1, 0.00000e+0, 3, 1, 
03/18/2022 23:37:07.757, 03/18/2022 23:37:07.701, 4.16154e+0, 2.45898e-4, 9.84433e+1, 3.65920e-2, 1.85269e+0, 4.52947e-3, 2.15541e+4, 1.66038e+2, 3.93796e+2, 8.90473e-1, 1.89350e+0, 4.68875e-3, 4.02471e+2, 9.03331e-1, 4.98862e+2, 8.25834e-1, 2.86184e+1, 2.10877e-2, 3.32420e+1, 8.41370e-2, 2.80034e+0, 6.84106e-4, 2.77412e+0, 6.14339e-4, 2.00000e+1, 0.00000e+0, 1.30000e+1, 0.00000e+0, 3, 1, 
03/18/2022 23:37:17.703, 03/18/2022 23:37:17.645, 4.16155e+0, 2.17962e-4, 9.84452e+1, 3.24347e-2, 1.85211e+0, 2.94206e-3, 2.15189e+4, 1.25884e+2, 3.95914e+2, 2.64889e+0, 1.89284e+0, 2.99988e-3, 4.04621e+2, 2.68414e+0, 4.98947e+2, 9.10087e-1, 2.86455e+1, 2.04459e-2, 3.32375e+1, 8.19379e-2, 2.80081e+0, 6.07599e-4, 2.77373e+0, 4.76746e-4, 2.00000e+1, 0.00000e+0, 1.30000e+1, 0.00000e+0, 3, 2, 
03/18/2022 23:37:27.652, 03/18/2022 23:37:27.590, 4.16166e+0, 2.07507e-4, 9.84612e+1, 3.08790e-2, 1.85109e+0, 3.04193e-3, 2.12836e+4, 4.54855e+2, 3.97482e+2, 1.86389e+0, 1.89134e+0, 2.96741e-3, 4.06126e+2, 1.99182e+0, 4.98936e+2, 7.98644e-1, 2.86598e+1, 3.10867e-2, 3.32328e+1, 8.46306e-2, 2.80075e+0, 7.23595e-4, 2.77404e+0, 3.56828e-4, 2.00000e+1, 0.00000e+0, 1.30000e+1, 0.00000e+0, 3, 2, 
03/18/2022 23:37:37.651, 03/18/2022 23:37:37.536, 4.16162e+0, 2.49669e-4, 9.84548e+1, 3.71532e-2, 1.85259e+0, 4.42746e-3, 2.11715e+4, 6.88828e+2, 3.95743e+2, 2.87742e+0, 1.89266e+0, 5.00215e-3, 4.04302e+2, 2.87771e+0, 4.98964e+2, 8.26407e-1, 2.86758e+1, 1.86110e-2, 3.32787e+1, 8.35594e-2, 2.80067e+0, 5.61027e-4, 2.77409e+0, 5.56977e-4, 2.00000e+1, 0.00000e+0, 1.30000e+1, 0.00000e+0, 3, 2, 
03/18/2022 23:37:47.539, 03/18/2022 23:37:47.482, 4.16159e+0, 2.29397e-4, 9.84512e+1, 3.41365e-2, 1.85242e+0, 2.90078e-3, 2.14121e+4, 1.64611e+2, 4.11327e+2, 5.00373e+0, 1.89295e+0, 2.77305e-3, 4.20328e+2, 5.14694e+0, 4.98899e+2, 8.73961e-1, 2.87131e+1, 2.09123e-2, 3.32720e+1, 7.51018e-2, 2.80085e+0, 4.69511e-4, 2.77411e+0, 6.87453e-4, 2.00000e+1, 0.00000e+0, 1.30000e+1, 0.00000e+0, 3, 2, 
03/18/2022 23:37:57.481, 03/18/2022 23:37:57.427, 4.16152e+0, 2.08059e-4, 9.84410e+1, 3.09612e-2, 1.85097e+0, 3.68995e-3, 2.13515e+4, 1.38375e+2, 4.02942e+2, 6.43440e+0, 1.89136e+0, 3.59199e-3, 4.11733e+2, 6.57116e+0, 4.98901e+2, 9.01357e-1, 2.87131e+1, 1.65484e-2, 3.33325e+1, 7.66625e-2, 2.80092e+0, 6.26718e-4, 2.77439e+0, 7.03395e-4, 2.00000e+1, 0.00000e+0, 1.30000e+1, 0.00000e+0, 3, 2, 
03/18/2022 23:38:07.427, 03/18/2022 23:38:07.372, 4.16160e+0, 2.36557e-4, 9.84519e+1, 3.52019e-2, 1.85226e+0, 3.52233e-3, 2.14167e+4, 1.22663e+2, 3.93121e+2, 1.60618e+0, 1.89280e+0, 3.65872e-3, 4.01725e+2, 1.64766e+0, 4.98875e+2, 8.15795e-1, 2.87297e+1, 1.17080e-2, 3.33296e+1, 8.64982e-2, 2.80107e+0, 6.93632e-4, 2.77418e+0, 6.04433e-4, 2.00000e+1, 0.00000e+0, 1.30000e+1, 0.00000e+0, 3, 2, 
03/18/2022 23:38:17.376, 03/18/2022 23:38:17.318, 4.16154e+0, 2.41732e-4, 9.84428e+1, 3.59720e-2, 1.85060e+0, 3.27151e-3, 2.07172e+4, 8.56571e+2, 3.92347e+2, 1.37117e+0, 1.88976e+0, 3.66861e-3, 4.00648e+2, 1.43029e+0, 4.98975e+2, 8.34616e-1, 2.87240e+1, 1.97767e-2, 3.33426e+1, 7.25056e-2, 2.80084e+0, 7.23079e-4, 2.77412e+0, 5.11194e-4, 2.00000e+1, 0.00000e+0, 1.30000e+1, 0.00000e+0, 3, 1, 
03/18/2022 23:38:27.321, 03/18/2022 23:38:27.264, 4.16158e+0, 2.59668e-4, 9.84499e+1, 3.86411e-2, 1.85086e+0, 4.23357e-3, 2.10473e+4, 5.92520e+2, 3.91472e+2, 1.58175e+0, 1.89065e+0, 5.21078e-3, 3.99888e+2, 1.50282e+0, 4.98953e+2, 8.85283e-1, 2.87147e+1, 1.70725e-2, 3.33696e+1, 8.52761e-2, 2.80102e+0, 8.33417e-4, 2.77423e+0, 5.42836e-4, 2.00000e+1, 0.00000e+0, 1.30000e+1, 0.00000e+0, 3, 1, 
03/18/2022 23:38:37.268, 03/18/2022 23:38:37.208, 4.16156e+0, 2.45197e-4, 9.84464e+1, 3.64877e-2, 1.85125e+0, 4.26250e-3, 2.12952e+4, 4.40568e+2, 3.91490e+2, 1.00596e+0, 1.89153e+0, 4.85932e-3, 4.00008e+2, 9.79776e-1, 4.98971e+2, 8.20930e-1, 2.87506e+1, 2.16390e-2, 3.33764e+1, 8.36156e-2, 2.80071e+0, 8.99556e-4, 2.77410e+0, 8.38088e-4, 2.00000e+1, 0.00000e+0, 1.30000e+1, 0.00000e+0, 3, 1, 
03/18/2022 23:38:47.211, 03/18/2022 23:38:47.155, 4.16162e+0, 2.61513e-4, 9.84552e+1, 3.89156e-2, 1.85257e+0, 4.70465e-3, 2.06104e+4, 7.08231e+2, 3.92245e+2, 1.41780e+0, 1.89155e+0, 4.36425e-3, 4.00500e+2, 1.59626e+0, 4.98859e+2, 9.57683e-1, 2.87935e+1, 4.39451e-2, 3.33861e+1, 8.28827e-2, 2.80104e+0, 5.22526e-4, 2.77419e+0, 7.35514e-4, 2.00000e+1, 0.00000e+0, 1.30000e+1, 0.00000e+0, 3, 1, 
03/18/2022 23:38:57.162, 03/18/2022 23:38:57.099, 4.16177e+0, 1.99566e-4, 9.84777e+1, 2.96973e-2, 1.85226e+0, 2.90261e-3, 2.13140e+4, 3.61849e+2, 3.93218e+2, 1.40534e+0, 1.89260e+0, 3.20215e-3, 4.01781e+2, 1.37207e+0, 4.98935e+2, 8.31316e-1, 2.88213e+1, 2.18956e-2, 3.33875e+1, 7.40692e-2, 2.80134e+0, 7.26540e-4, 2.77428e+0, 5.52083e-4, 2.00000e+1, 0.00000e+0, 1.30000e+1, 0.00000e+0, 3, 1, 
03/18/2022 23:39:07.113, 03/18/2022 23:39:07.051, 4.16162e+0, 2.35816e-4, 9.84560e+1, 3.50916e-2, 1.85088e+0, 2.98045e-3, 2.12422e+4, 5.99509e+2, 3.92574e+2, 1.61098e+0, 1.89105e+0, 3.35152e-3, 4.01094e+2, 1.68242e+0, 4.98928e+2, 9.26319e-1, 2.88688e+1, 1.97327e-2, 3.34219e+1, 8.84200e-2, 2.80139e+0, 6.60283e-4, 2.77444e+0, 6.49086e-4, 2.00000e+1, 0.00000e+0, 1.30000e+1, 0.00000e+0, 3, 1, 
03/18/2022 23:39:17.078, 03/18/2022 23:39:16.997, 4.16169e+0, 2.35045e-4, 9.84651e+1, 3.49769e-2, 1.85190e+0, 3.65403e-3, 2.13423e+4, 4.29048e+2, 3.92794e+2, 1.22640e+0, 1.89228e+0, 3.95611e-3, 4.01360e+2, 1.21343e+0, 4.98831e+2, 8.90474e-1, 2.88684e+1, 3.45412e-2, 3.34404e+1, 8.11200e-2, 2.80071e+0, 5.41768e-4, 2.77406e+0, 6.27849e-4, 2.00000e+1, 0.00000e+0, 1.30000e+1, 0.00000e+0, 3, 2, 
03/18/2022 23:39:27.021, 03/18/2022 23:39:26.943, 4.16164e+0, 2.41802e-4, 9.84576e+1, 3.59824e-2, 1.85290e+0, 3.94221e-3, 2.13027e+4, 3.98642e+2, 3.92439e+2, 1.63892e+0, 1.89323e+0, 4.06603e-3, 4.00981e+2, 1.64946e+0, 4.98820e+2, 8.09277e-1, 2.89083e+1, 2.68569e-2, 3.34639e+1, 8.26275e-2, 2.80116e+0, 8.01078e-4, 2.77416e+0, 3.59527e-4, 2.00000e+1, 0.00000e+0, 1.30000e+1, 0.00000e+0, 3, 2, 
03/18/2022 23:39:36.944, 03/18/2022 23:39:36.887, 4.16164e+0, 2.31492e-4, 9.84588e+1, 3.44482e-2, 1.85240e+0, 2.91880e-3, 2.11495e+4, 6.54574e+2, 3.92673e+2, 1.16234e+0, 1.89242e+0, 1.95659e-3, 4.01157e+2, 1.20520e+0, 4.98871e+2, 8.40606e-1, 2.89076e+1, 3.09692e-2, 3.34963e+1, 8.70380e-2, 2.80117e+0, 3.95524e-4, 2.77454e+0, 5.13331e-4, 2.00000e+1, 0.00000e+0, 1.30000e+1, 0.00000e+0, 3, 2, 
03/18/2022 23:39:46.911, 03/18/2022 23:39:46.833, 4.16167e+0, 2.47419e-4, 9.84628e+1, 3.68183e-2, 1.85149e+0, 4.59459e-3, 2.14753e+4, 1.91693e+2, 3.92681e+2, 1.17284e+0, 1.89212e+0, 4.80538e-3, 4.01299e+2, 1.18857e+0, 4.99031e+2, 9.17754e-1, 2.89427e+1, 1.88453e-2, 3.35188e+1, 8.79702e-2, 2.80085e+0, 3.11640e-4, 2.77440e+0, 5.48128e-4, 2.00000e+1, 0.00000e+0, 1.30000e+1, 0.00000e+0, 3, 2, 
03/18/2022 23:39:56.840, 03/18/2022 23:39:56.778, 4.16175e+0, 2.12297e-4, 9.84748e+1, 3.15918e-2, 1.85157e+0, 5.32633e-3, 2.13968e+4, 5.52160e+2, 3.92802e+2, 1.38792e+0, 1.89206e+0, 5.72009e-3, 4.01390e+2, 1.31752e+0, 4.98901e+2, 8.51715e-1, 2.89486e+1, 2.25724e-2, 3.35282e+1, 8.03203e-2, 2.80102e+0, 6.00108e-4, 2.77478e+0, 4.93585e-4, 2.00000e+1, 0.00000e+0, 1.30000e+1, 0.00000e+0, 3, 2, 
03/18/2022 23:40:06.784, 03/18/2022 23:40:06.724, 4.16175e+0, 2.59390e-4, 9.84749e+1, 3.85997e-2, 1.85041e+0, 3.77067e-3, 2.13838e+4, 5.01549e+2, 4.03267e+2, 6.75554e+0, 1.89085e+0, 3.82003e-3, 4.12078e+2, 6.89279e+0, 4.98872e+2, 8.62640e-1, 2.89730e+1, 1.71072e-2, 3.35256e+1, 7.42213e-2, 2.80114e+0, 5.42699e-4, 2.77436e+0, 5.07009e-4, 2.00000e+1, 0.00000e+0, 1.30000e+1, 0.00000e+0, 3, 2, 
03/18/2022 23:40:16.727, 03/18/2022 23:40:16.670, 4.16175e+0, 1.96055e-4, 9.84749e+1, 2.91748e-2, 1.85250e+0, 2.55959e-3, 2.16010e+4, 1.11945e+2, 4.03296e+2, 6.89699e+0, 1.89340e+0, 2.65377e-3, 4.12200e+2, 7.06075e+0, 4.98899e+2, 9.13935e-1, 2.89900e+1, 1.57589e-2, 3.35153e+1, 8.11391e-2, 2.80081e+0, 4.35420e-4, 2.77438e+0, 5.20510e-4, 2.00000e+1, 0.00000e+0, 1.30000e+1, 0.00000e+0, 3, 2, 
03/18/2022 23:40:26.669, 03/18/2022 23:40:26.614, 4.16172e+0, 2.22081e-4, 9.84707e+1, 3.30478e-2, 1.85315e+0, 3.27681e-3, 2.16774e+4, 9.64967e+1, 3.93942e+2, 1.04027e+0, 1.89421e+0, 3.25319e-3, 4.02671e+2, 1.05180e+0, 4.98890e+2, 9.01815e-1, 2.89779e+1, 1.14157e-2, 3.35442e+1, 8.28894e-2, 2.80071e+0, 4.26019e-4, 2.77417e+0, 5.63287e-4, 2.00000e+1, 0.00000e+0, 1.30000e+1, 0.00000e+0, 3, 1, 
03/18/2022 23:40:36.617, 03/18/2022 23:40:36.560, 4.16176e+0, 2.42344e-4, 9.84765e+1, 3.60631e-2, 1.85144e+0, 4.89730e-3, 2.17544e+4, 1.47359e+2, 3.93348e+2, 1.24892e+0, 1.89262e+0, 4.93979e-3, 4.02095e+2, 1.27043e+0, 4.98782e+2, 8.52485e-1, 2.89678e+1, 1.52274e-2, 3.35611e+1, 8.01269e-2, 2.80140e+0, 4.99388e-4, 2.77405e+0, 4.82120e-4, 2.00000e+1, 0.00000e+0, 1.30000e+1, 0.00000e+0, 3, 1, 
03/18/2022 23:40:46.568, 03/18/2022 23:40:46.505, 4.16178e+0, 2.34043e-4, 9.84796e+1, 3.48278e-2, 1.85086e+0, 2.46741e-3, 2.17605e+4, 1.03433e+2, 3.93730e+2, 9.19733e-1, 1.89203e+0, 2.49010e-3, 4.02488e+2, 9.08692e-1, 4.99000e+2, 1.01305e+0, 2.89794e+1, 2.14212e-2, 3.35639e+1, 7.43683e-2, 2.80156e+0, 5.03310e-4, 2.77441e+0, 3.88190e-4, 2.00000e+1, 0.00000e+0, 1.30000e+1, 0.00000e+0, 3, 1, 
03/18/2022 23:40:56.503, 03/18/2022 23:40:56.451, 4.16173e+0, 2.42844e-4, 9.84720e+1, 3.61374e-2, 1.85161e+0, 4.59370e-3, 2.17760e+4, 1.40208e+2, 3.94789e+2, 1.16603e+0, 1.89283e+0, 4.69507e-3, 4.03577e+2, 1.21861e+0, 4.98956e+2, 9.23022e-1, 2.90190e+1, 1.72476e-2, 3.35894e+1, 8.41529e-2, 2.80129e+0, 5.33393e-4, 2.77449e+0, 5.08792e-4, 2.00000e+1, 0.00000e+0, 1.30000e+1, 0.00000e+0, 3, 1, 
03/18/2022 23:41:06.453, 03/18/2022 23:41:06.396, 4.16176e+0, 1.89504e-4, 9.84762e+1, 2.82000e-2, 1.85257e+0, 2.98137e-3, 2.16826e+4, 1.05029e+2, 3.95448e+2, 9.22734e-1, 1.89363e+0, 2.93659e-3, 4.04213e+2, 9.47078e-1, 4.98880e+2, 8.51586e-1, 2.90751e+1, 2.71257e-2, 3.35939e+1, 7.68200e-2, 2.80130e+0, 7.52265e-4, 2.77441e+0, 6.76706e-4, 2.00000e+1, 0.00000e+0, 1.30000e+1, 0.00000e+0, 3, 1, 
03/18/2022 23:41:16.401, 03/18/2022 23:41:16.342, 4.16179e+0, 2.07517e-4, 9.84809e+1, 3.08806e-2, 1.85163e+0, 3.29911e-3, 2.17305e+4, 1.19255e+2, 4.02336e+2, 6.37893e+0, 1.89277e+0, 3.31591e-3, 4.11273e+2, 6.51164e+0, 4.98791e+2, 8.32528e-1, 2.90893e+1, 2.47377e-2, 3.35789e+1, 8.16477e-2, 2.80116e+0, 7.80014e-4, 2.77421e+0, 7.14510e-4, 2.00000e+1, 0.00000e+0, 1.30000e+1, 0.00000e+0, 3, 1, 
03/18/2022 23:41:26.364, 03/18/2022 23:41:26.287, 4.16176e+0, 2.42331e-4, 9.84758e+1, 3.60612e-2, 1.85171e+0, 2.90835e-3, 2.17967e+4, 1.37973e+2, 4.05630e+2, 1.54558e+0, 1.89297e+0, 2.90374e-3, 4.14669e+2, 1.59973e+0, 4.98976e+2, 1.07976e+0, 2.91013e+1, 1.58720e-2, 3.36000e+1, 7.92536e-2, 2.80133e+0, 4.70338e-4, 2.77457e+0, 4.76115e-4, 2.00000e+1, 0.00000e+0, 1.30000e+1, 0.00000e+0, 3, 2, 
03/18/2022 23:41:36.295, 03/18/2022 23:41:36.232, 4.16180e+0, 1.89696e-4, 9.84827e+1, 2.82285e-2, 1.85175e+0, 4.02287e-3, 2.18150e+4, 1.64770e+2, 3.99669e+2, 2.54407e+0, 1.89305e+0, 4.22305e-3, 4.08582e+2, 2.60821e+0, 4.98912e+2, 8.45104e-1, 2.91262e+1, 8.78735e-3, 3.36218e+1, 7.20237e-2, 2.80111e+0, 3.98564e-4, 2.77435e+0, 5.77015e-4, 2.00000e+1, 0.00000e+0, 1.30000e+1, 0.00000e+0, 3, 2, 
03/18/2022 23:41:46.235, 03/18/2022 23:41:46.179, 4.16171e+0, 2.80381e-4, 9.84689e+1, 4.17233e-2, 1.85396e+0, 4.15953e-3, 2.17615e+4, 1.78936e+2, 3.95150e+2, 1.26847e+0, 1.89520e+0, 4.42807e-3, 4.03940e+2, 1.25015e+0, 4.98823e+2, 8.62029e-1, 2.91402e+1, 2.83824e-2, 3.36419e+1, 8.33396e-2, 2.80131e+0, 7.06318e-4, 2.77459e+0, 5.77762e-4, 2.00000e+1, 0.00000e+0, 1.30000e+1, 0.00000e+0, 3, 2, 
03/18/2022 23:41:56.243, 03/18/2022 23:41:56.123, 4.16181e+0, 2.26320e-4, 9.84839e+1, 3.36786e-2, 1.85044e+0, 5.64223e-3, 2.17820e+4, 1.83418e+2, 3.94173e+2, 8.79958e-1, 1.89164e+0, 5.64325e-3, 4.02950e+2, 9.42220e-1, 4.98890e+2, 8.90668e-1, 2.91741e+1, 1.44737e-2, 3.36451e+1, 7.59538e-2, 2.80109e+0, 8.91349e-4, 2.77416e+0, 4.79934e-4, 2.00000e+1, 0.00000e+0, 1.30000e+1, 0.00000e+0, 3, 2, 
03/18/2022 23:42:06.129, 03/18/2022 23:42:06.068, 4.16193e+0, 1.99283e-4, 9.85017e+1, 2.96553e-2, 1.85159e+0, 3.77541e-3, 2.17235e+4, 1.51484e+2, 3.94013e+2, 1.19974e+0, 1.89271e+0, 3.92636e-3, 4.02763e+2, 1.23226e+0, 4.98996e+2, 9.56830e-1, 2.91840e+1, 2.28090e-2, 3.36377e+1, 7.95284e-2, 2.80135e+0, 4.93671e-4, 2.77444e+0, 5.02160e-4, 2.00000e+1, 0.00000e+0, 1.30000e+1, 0.00000e+0, 3, 2, 
03/18/2022 23:42:16.073, 03/18/2022 23:42:16.014, 4.16185e+0, 2.34753e-4, 9.84900e+1, 3.49335e-2, 1.85345e+0, 3.20953e-3, 2.17640e+4, 1.75368e+2, 3.94647e+2, 8.52655e-1, 1.89469e+0, 3.22972e-3, 4.03428e+2, 8.32818e-1, 4.98926e+2, 8.67726e-1, 2.92134e+1, 2.78654e-2, 3.36678e+1, 7.48978e-2, 2.80122e+0, 3.28050e-4, 2.77424e+0, 7.51770e-4, 2.00000e+1, 0.00000e+0, 1.30000e+1, 0.00000e+0, 3, 2, 
03/18/2022 23:42:26.026, 03/18/2022 23:42:25.967, 4.16189e+0, 2.56782e-4, 9.84961e+1, 3.82116e-2, 1.85258e+0, 5.01254e-3, 2.17748e+4, 2.08056e+2, 3.94443e+2, 1.02917e+0, 1.89382e+0, 5.06024e-3, 4.03223e+2, 1.05389e+0, 4.98749e+2, 1.01974e+0, 2.92296e+1, 2.30540e-2, 3.36541e+1, 7.72648e-2, 2.80149e+0, 7.37203e-4, 2.77471e+0, 6.50348e-4, 2.00000e+1, 0.00000e+0, 1.30000e+1, 0.00000e+0, 3, 1, 
03/18/2022 23:42:35.973, 03/18/2022 23:42:35.911, 4.16190e+0, 2.40273e-4, 9.84971e+1, 3.57549e-2, 1.85359e+0, 1.97052e-3, 2.16690e+4, 1.40875e+2, 3.93838e+2, 1.29718e+0, 1.89464e+0, 1.98064e-3, 4.02561e+2, 1.30162e+0, 4.99012e+2, 8.29350e-1, 2.92438e+1, 2.28010e-2, 3.36673e+1, 8.05932e-2, 2.80080e+0, 6.54347e-4, 2.77443e+0, 6.30200e-4, 2.00000e+1, 0.00000e+0, 1.30000e+1, 0.00000e+0, 3, 1, 
03/18/2022 23:42:45.915, 03/18/2022 23:42:45.858, 4.16181e+0, 2.36002e-4, 9.84836e+1, 3.51194e-2, 1.85272e+0, 3.78761e-3, 2.17702e+4, 1.94004e+2, 3.95106e+2, 1.18265e+0, 1.89396e+0, 3.84771e-3, 4.03899e+2, 1.24039e+0, 4.98950e+2, 8.67987e-1, 2.92354e+1, 1.25964e-2, 3.36651e+1, 7.79092e-2, 2.80147e+0, 6.91821e-4, 2.77444e+0, 6.94849e-4, 2.00000e+1, 0.00000e+0, 1.30000e+1, 0.00000e+0, 3, 1, 
03/18/2022 23:42:55.868, 03/18/2022 23:42:55.809, 4.16185e+0, 2.50788e-4, 9.84899e+1, 3.73196e-2, 1.85240e+0, 3.16330e-3, 2.16236e+4, 4.90199e+2, 3.98100e+2, 2.20906e+0, 1.89335e+0, 3.47290e-3, 4.06899e+2, 2.20019e+0, 4.98763e+2, 8.07488e-1, 2.92219e+1, 1.69769e-2, 3.36793e+1, 8.13856e-2, 2.80172e+0, 6.16393e-4, 2.77455e+0, 5.62861e-4, 2.00000e+1, 0.00000e+0, 1.30000e+1, 0.00000e+0, 3, 1, 
03/18/2022 23:43:05.814, 03/18/2022 23:43:05.754, 4.16195e+0, 2.19343e-4, 9.85039e+1, 3.26404e-2, 1.85187e+0, 4.03859e-3, 2.14531e+4, 6.88272e+2, 3.97835e+2, 9.39404e-1, 1.89247e+0, 4.24898e-3, 4.06558e+2, 1.08932e+0, 4.98917e+2, 7.79204e-1, 2.92189e+1, 1.31967e-2, 3.36928e+1, 7.53609e-2, 2.80120e+0, 7.06025e-4, 2.77463e+0, 5.24437e-4, 2.00000e+1, 0.00000e+0, 1.30000e+1, 0.00000e+0, 3, 1, 
03/18/2022 23:43:15.765, 03/18/2022 23:43:15.707, 4.16189e+0, 2.23339e-4, 9.84960e+1, 3.32350e-2, 1.85316e+0, 4.10984e-3, 2.15292e+4, 4.32697e+2, 3.95982e+2, 1.26637e+0, 1.89393e+0, 3.98836e-3, 4.04694e+2, 1.32719e+0, 4.98940e+2, 8.43975e-1, 2.92609e+1, 2.10883e-2, 3.37228e+1, 7.55085e-2, 2.80172e+0, 5.40890e-4, 2.77501e+0, 7.40368e-4, 2.00000e+1, 0.00000e+0, 1.30000e+1, 0.00000e+0, 3, 1, 
03/18/2022 23:43:25.712, 03/18/2022 23:43:25.658, 4.16194e+0, 1.99460e-4, 9.85024e+1, 2.96816e-2, 1.85356e+0, 4.18735e-3, 2.13844e+4, 6.08429e+2, 3.94133e+2, 1.13295e+0, 1.89406e+0, 4.82200e-3, 4.02746e+2, 1.15031e+0, 4.98817e+2, 7.38565e-1, 2.93150e+1, 2.94976e-2, 3.37099e+1, 7.51208e-2, 2.80162e+0, 4.64564e-4, 2.77499e+0, 5.61347e-4, 2.00000e+1, 0.00000e+0, 1.65000e+1, 3.68932e+0, 3, 2, 
03/18/2022 23:43:35.659, 03/18/2022 23:43:35.604, 4.16190e+0, 2.12844e-4, 9.84975e+1, 3.16732e-2, 1.85145e+0, 3.40025e-3, 2.03554e+4, 5.10894e+2, 3.93930e+2, 7.05806e-1, 1.88992e+0, 3.87546e-3, 4.02116e+2, 7.82791e-1, 4.98781e+2, 1.01572e+0, 2.93402e+1, 2.63380e-2, 3.37189e+1, 7.66214e-2, 2.80192e+0, 3.96467e-4, 2.77471e+0, 6.19721e-4, 2.00000e+1, 0.00000e+0, 1.30000e+1, 0.00000e+0, 3, 2, 
03/18/2022 23:43:45.608, 03/18/2022 23:43:45.549, 4.16185e+0, 2.12374e-4, 9.84896e+1, 3.16033e-2, 1.85163e+0, 3.58839e-3, 2.01140e+4, 4.43973e+2, 3.93755e+2, 1.15113e+0, 1.88964e+0, 3.76476e-3, 4.01838e+2, 1.10321e+0, 4.98944e+2, 8.59321e-1, 2.93508e+1, 2.09969e-2, 3.37441e+1, 7.51337e-2, 2.80142e+0, 6.07087e-4, 2.77459e+0, 5.92355e-4, 2.00000e+1, 0.00000e+0, 1.30000e+1, 0.00000e+0, 3, 2, 
03/18/2022 23:43:55.607, 03/18/2022 23:43:55.494, 4.16183e+0, 1.85348e-4, 9.84870e+1, 2.75816e-2, 1.85166e+0, 5.72309e-3, 2.06916e+4, 7.21626e+2, 3.93604e+2, 1.48648e+0, 1.89079e+0, 5.90412e-3, 4.01921e+2, 1.59319e+0, 4.98744e+2, 8.82630e-1, 2.93773e+1, 1.82120e-2, 3.37648e+1, 7.53250e-2, 2.80171e+0, 3.72803e-4, 2.77461e+0, 9.04862e-4, 2.00000e+1, 0.00000e+0, 1.30000e+1, 0.00000e+0, 3, 2, 
03/18/2022 23:44:05.500, 03/18/2022 23:44:05.441, 4.16192e+0, 2.44516e-4, 9.85005e+1, 3.63863e-2, 1.85400e+0, 3.60958e-3, 2.05734e+4, 7.09738e+2, 3.94256e+2, 1.34428e+0, 1.89294e+0, 3.82459e-3, 4.02538e+2, 1.35766e+0, 4.98753e+2, 8.32646e-1, 2.93902e+1, 2.01005e-2, 3.37700e+1, 7.34645e-2, 2.80174e+0, 6.66075e-4, 2.77496e+0, 7.34935e-4, 2.00000e+1, 0.00000e+0, 1.30000e+1, 0.00000e+0, 3, 2, 
03/18/2022 23:44:15.453, 03/18/2022 23:44:15.387, 4.16194e+0, 2.09613e-4, 9.85030e+1, 3.11924e-2, 1.85312e+0, 3.99753e-3, 2.04479e+4, 8.36222e+2, 3.93150e+2, 1.22134e+0, 1.89181e+0, 4.61537e-3, 4.01357e+2, 1.17151e+0, 4.99000e+2, 9.38098e-1, 2.93998e+1, 1.83739e-2, 3.37504e+1, 8.28177e-2, 2.80172e+0, 4.99563e-4, 2.77497e+0, 6.05466e-4, 2.00000e+1, 0.00000e+0, 1.30000e+1, 0.00000e+0, 3, 2, 
03/18/2022 23:44:25.392, 03/18/2022 23:44:25.332, 4.16199e+0, 2.07068e-4, 9.85107e+1, 3.08136e-2, 1.85328e+0, 2.37608e-3, 2.05134e+4, 6.51664e+2, 3.95669e+2, 1.19724e+0, 1.89209e+0, 2.22691e-3, 4.03955e+2, 1.13750e+0, 4.98798e+2, 6.29113e-1, 2.94378e+1, 1.61703e-2, 3.37570e+1, 7.17840e-2, 2.80182e+0, 3.68833e-4, 2.77508e+0, 6.14123e-4, 2.00000e+1, 0.00000e+0, 1.30000e+1, 0.00000e+0, 3, 1, 
03/18/2022 23:44:35.337, 03/18/2022 23:44:35.276, 4.16204e+0, 1.77637e-4, 9.85172e+1, 2.64341e-2, 1.85187e+0, 2.99781e-3, 2.08341e+4, 7.38262e+2, 3.94520e+2, 9.30206e-1, 1.89127e+0, 3.44198e-3, 4.02914e+2, 8.31064e-1, 4.98856e+2, 7.80922e-1, 2.94445e+1, 2.85469e-2, 3.37899e+1, 7.15799e-2, 2.80188e+0, 5.79526e-4, 2.77521e+0, 3.92229e-4, 2.00000e+1, 0.00000e+0, 1.30000e+1, 0.00000e+0, 3, 1, 
03/18/2022 23:44:45.279, 03/18/2022 23:44:45.222, 4.16201e+0, 2.55560e-4, 9.85138e+1, 3.80298e-2, 1.85274e+0, 2.56375e-3, 2.08746e+4, 5.75313e+2, 3.93123e+2, 1.25687e+0, 1.89224e+0, 3.26268e-3, 4.01505e+2, 1.34999e+0, 4.98861e+2, 7.23624e-1, 2.94570e+1, 2.78665e-2, 3.37973e+1, 6.95485e-2, 2.80176e+0, 6.24189e-4, 2.77510e+0, 6.28983e-4, 2.00000e+1, 0.00000e+0, 1.30000e+1, 0.00000e+0, 3, 1, 
03/18/2022 23:44:55.250, 03/18/2022 23:44:55.167, 4.16204e+0, 1.74013e-4, 9.85185e+1, 2.58948e-2, 1.85311e+0, 4.34226e-3, 2.07790e+4, 6.70596e+2, 3.92681e+2, 5.95612e-1, 1.89243e+0, 5.19823e-3, 4.01013e+2, 5.65387e-1, 4.98710e+2, 8.58277e-1, 2.94574e+1, 2.01674e-2, 3.38118e+1, 6.91448e-2, 2.80182e+0, 5.69741e-4, 2.77470e+0, 5.24370e-4, 2.00000e+1, 0.00000e+0, 1.30000e+1, 0.00000e+0, 3, 1, 
03/18/2022 23:45:05.166, 03/18/2022 23:45:05.113, 4.16200e+0, 2.57596e-4, 9.85124e+1, 3.83327e-2, 1.85345e+0, 3.50214e-3, 2.02382e+4, 5.75668e+2, 3.92271e+2, 8.09466e-1, 1.89173e+0, 3.60655e-3, 4.00374e+2, 9.54511e-1, 4.98868e+2, 7.61100e-1, 2.94504e+1, 2.70644e-2, 3.38104e+1, 8.28165e-2, 2.80160e+0, 8.14193e-4, 2.77470e+0, 3.56867e-4, 2.00000e+1, 0.00000e+0, 1.65000e+1, 3.68932e+0, 3, 1, 
03/18/2022 23:45:15.113, 03/18/2022 23:45:15.059, 4.16202e+0, 2.36909e-4, 9.85151e+1, 3.52543e-2, 1.85134e+0, 2.98535e-3, 2.07497e+4, 6.77360e+2, 3.92366e+2, 8.36419e-1, 1.89056e+0, 3.11716e-3, 4.00680e+2, 9.40757e-1, 4.98953e+2, 8.77420e-1, 2.94382e+1, 1.26631e-2, 3.38294e+1, 6.63416e-2, 2.80216e+0, 7.18488e-4, 2.77533e+0, 4.57393e-4, 2.00000e+1, 0.00000e+0, 1.30000e+1, 0.00000e+0, 3, 1, 
03/18/2022 23:45:25.094, 03/18/2022 23:45:25.003, 4.16205e+0, 1.90223e-4, 9.85192e+1, 2.83069e-2, 1.85114e+0, 3.61039e-3, 2.09040e+4, 6.77088e+2, 3.91633e+2, 1.30850e+0, 1.89066e+0, 3.69825e-3, 3.99995e+2, 1.34029e+0, 4.98718e+2, 8.73154e-1, 2.94669e+1, 1.28975e-2, 3.38275e+1, 7.27548e-2, 2.80208e+0, 5.23958e-4, 2.77491e+0, 6.53200e-4, 2.00000e+1, 0.00000e+0, 1.30000e+1, 0.00000e+0, 3, 2, 
03/18/2022 23:45:35.006, 03/18/2022 23:45:34.948, 4.16212e+0, 1.87776e-4, 9.85302e+1, 2.79429e-2, 1.84982e+0, 3.68025e-3, 2.05091e+4, 7.16778e+2, 3.92394e+2, 1.47867e+0, 1.88855e+0, 4.27095e-3, 4.00611e+2, 1.53682e+0, 4.99091e+2, 1.06190e+0, 2.95068e+1, 2.60274e-2, 3.38443e+1, 7.43926e-2, 2.80194e+0, 6.43776e-4, 2.77495e+0, 7.49738e-4, 2.00000e+1, 0.00000e+0, 1.30000e+1, 0.00000e+0, 3, 2, 
03/18/2022 23:45:44.951, 03/18/2022 23:45:44.895, 4.16210e+0, 2.13694e-4, 9.85266e+1, 3.17997e-2, 1.85198e+0, 4.42564e-3, 2.12033e+4, 4.05052e+2, 3.91963e+2, 1.12316e+0, 1.89210e+0, 4.48989e-3, 4.00454e+2, 1.16178e+0, 4.98918e+2, 9.25802e-1, 2.95492e+1, 1.72370e-2, 3.38648e+1, 7.62652e-2, 2.80214e+0, 6.41730e-4, 2.77517e+0, 3.62606e-4, 2.00000e+1, 0.00000e+0, 1.30000e+1, 0.00000e+0, 3, 2, 
03/18/2022 23:45:54.891, 03/18/2022 23:45:54.840, 4.16212e+0, 2.48514e-4, 9.85294e+1, 3.69813e-2, 1.85211e+0, 2.83836e-3, 2.05119e+4, 6.52871e+2, 3.91390e+2, 1.22296e+0, 1.89089e+0, 3.48608e-3, 3.99586e+2, 1.22299e+0, 4.98703e+2, 1.00451e+0, 2.95694e+1, 2.25205e-2, 3.38867e+1, 7.89275e-2, 2.80162e+0, 6.64031e-4, 2.77476e+0, 8.08273e-4, 2.00000e+1, 0.00000e+0, 1.30000e+1, 0.00000e+0, 3, 2, 
03/18/2022 23:46:04.843, 03/18/2022 23:46:04.784, 4.16210e+0, 1.97356e-4, 9.85270e+1, 2.93685e-2, 1.85124e+0, 4.41481e-3, 2.05940e+4, 6.69939e+2, 3.91478e+2, 1.22105e+0, 1.89017e+0, 5.15459e-3, 3.99710e+2, 1.31692e+0, 4.99010e+2, 9.78866e-1, 2.95928e+1, 1.85509e-2, 3.38766e+1, 6.35864e-2, 2.80173e+0, 4.94423e-4, 2.77492e+0, 5.39949e-4, 2.00000e+1, 0.00000e+0, 1.30000e+1, 0.00000e+0, 3, 2, 
03/18/2022 23:46:14.791, 03/18/2022 23:46:14.730, 4.16208e+0, 1.53841e-4, 9.85235e+1, 2.28931e-2, 1.85252e+0, 3.31335e-3, 2.07006e+4, 6.74714e+2, 3.92055e+2, 1.11270e+0, 1.89168e+0, 3.77283e-3, 4.00342e+2, 1.17809e+0, 4.98712e+2, 7.70584e-1, 2.96477e+1, 1.62569e-1, 3.38765e+1, 6.40031e-2, 2.80182e+0, 4.88614e-4, 2.77492e+0, 5.55872e-4, 2.00000e+1, 0.00000e+0, 1.30000e+1, 0.00000e+0, 3, 2, 
03/18/2022 23:46:24.756, 03/18/2022 23:46:24.676, 4.16217e+0, 1.48293e-4, 9.85377e+1, 2.20674e-2, 1.85108e+0, 4.17516e-3, 2.07711e+4, 6.51593e+2, 3.92372e+2, 1.27380e+0, 1.89035e+0, 4.44997e-3, 4.00694e+2, 1.27939e+0, 4.99012e+2, 1.08600e+0, 2.96307e+1, 3.37545e-2, 3.39081e+1, 7.46156e-2, 2.80172e+0, 7.81129e-4, 2.77502e+0, 9.14088e-4, 2.00000e+1, 0.00000e+0, 1.30000e+1, 0.00000e+0, 3, 1, 
03/18/2022 23:46:34.681, 03/18/2022 23:46:34.622, 4.16227e+0, 2.21064e-4, 9.85517e+1, 3.28964e-2, 1.85225e+0, 3.64795e-3, 2.06138e+4, 6.71673e+2, 3.94226e+2, 3.30390e+0, 1.89124e+0, 4.38833e-3, 4.02522e+2, 3.19037e+0, 4.98784e+2, 1.02408e+0, 2.96386e+1, 1.28666e-2, 3.38929e+1, 7.68444e-2, 2.80182e+0, 7.31553e-4, 2.77509e+0, 4.56420e-4, 2.00000e+1, 0.00000e+0, 1.30000e+1, 0.00000e+0, 3, 1, 
03/18/2022 23:46:44.624, 03/18/2022 23:46:44.566, 4.16230e+0, 2.25888e-4, 9.85559e+1, 3.36143e-2, 1.85138e+0, 3.34099e-3, 2.04535e+4, 6.93382e+2, 4.02252e+2, 1.81371e+0, 1.89004e+0, 4.21241e-3, 4.10652e+2, 2.02083e+0, 4.98902e+2, 6.22397e-1, 2.96550e+1, 1.21782e-2, 3.39054e+1, 7.34199e-2, 2.80221e+0, 7.53062e-4, 2.77466e+0, 5.43423e-4, 2.00000e+1, 0.00000e+0, 1.65000e+1, 3.68932e+0, 3, 1, 
03/18/2022 23:46:54.569, 03/18/2022 23:46:54.512, 4.16220e+0, 2.15200e-4, 9.85419e+1, 3.20238e-2, 1.84966e+0, 4.18521e-3, 2.04749e+4, 6.82386e+2, 4.03870e+2, 2.09547e+0, 1.88833e+0, 5.11315e-3, 4.12313e+2, 2.16283e+0, 4.98877e+2, 9.96916e-1, 2.96743e+1, 3.84827e-2, 3.39190e+1, 7.83503e-2, 2.80171e+0, 2.93042e-4, 2.77510e+0, 7.73087e-4, 2.00000e+1, 0.00000e+0, 1.30000e+1, 0.00000e+0, 3, 1, 
03/18/2022 23:47:04.535, 03/18/2022 23:47:04.458, 4.16224e+0, 2.27110e-4, 9.85472e+1, 3.37961e-2, 1.85230e+0, 4.06845e-3, 2.06032e+4, 7.55315e+2, 3.99776e+2, 2.31654e+0, 1.89127e+0, 4.62894e-3, 4.08186e+2, 2.23890e+0, 4.98689e+2, 1.00249e+0, 2.96718e+1, 2.66345e-2, 3.38923e+1, 7.24263e-2, 2.80202e+0, 8.95319e-4, 2.77531e+0, 1.00970e-3, 2.00000e+1, 0.00000e+0, 1.30000e+1, 0.00000e+0, 3, 1, 
03/18/2022 23:47:14.480, 03/18/2022 23:47:14.402, 4.16221e+0, 2.04661e-4, 9.85435e+1, 3.04556e-2, 1.84900e+0, 3.68841e-3, 2.01547e+4, 4.12167e+2, 3.93908e+2, 1.62475e+0, 1.88704e+0, 3.86750e-3, 4.02011e+2, 1.71051e+0, 4.98935e+2, 8.22389e-1, 2.96782e+1, 1.76871e-2, 3.38971e+1, 6.03145e-2, 2.80186e+0, 6.48418e-4, 2.77502e+0, 8.69116e-4, 2.00000e+1, 0.00000e+0, 1.30000e+1, 0.00000e+0, 3, 1, 
03/18/2022 23:47:24.405, 03/18/2022 23:47:24.348, 4.16209e+0, 2.48877e-4, 9.85254e+1, 3.70352e-2, 1.85006e+0, 4.37162e-3, 2.04671e+4, 6.46991e+2, 3.93573e+2, 1.19901e+0, 1.88872e+0, 4.26956e-3, 4.01797e+2, 1.07903e+0, 4.98718e+2, 8.69457e-1, 2.96472e+1, 9.31542e-3, 3.38973e+1, 7.76464e-2, 2.80171e+0, 4.34346e-4, 2.77460e+0, 5.25443e-4, 2.00000e+1, 0.00000e+0, 1.30000e+1, 0.00000e+0, 3, 2, 
03/18/2022 23:47:34.408, 03/18/2022 23:47:34.294, 4.16214e+0, 2.36788e-4, 9.85322e+1, 3.52364e-2, 1.84987e+0, 2.60866e-3, 2.06255e+4, 6.23920e+2, 3.93906e+2, 1.27896e+0, 1.88883e+0, 3.38496e-3, 4.02203e+2, 1.47074e+0, 4.98952e+2, 1.05947e+0, 2.96578e+1, 1.37253e-2, 3.38867e+1, 7.83619e-2, 2.80165e+0, 1.05914e-3, 2.77455e+0, 6.65070e-4, 2.00000e+1, 0.00000e+0, 1.30000e+1, 0.00000e+0, 3, 2, 
03/18/2022 23:47:44.300, 03/18/2022 23:47:44.240, 4.16210e+0, 2.18153e-4, 9.85261e+1, 3.24632e-2, 1.84955e+0, 3.07308e-3, 2.08202e+4, 7.17346e+2, 3.94749e+2, 1.56351e+0, 1.88888e+0, 3.09684e-3, 4.03143e+2, 1.70988e+0, 4.98721e+2, 6.40317e-1, 2.96830e+1, 1.27663e-2, 3.38955e+1, 6.66319e-2, 2.80175e+0, 7.26758e-4, 2.77475e+0, 7.17544e-4, 2.00000e+1, 0.00000e+0, 1.65000e+1, 3.68932e+0, 3, 2, 
03/18/2022 23:47:54.302, 03/18/2022 23:47:54.185, 4.16218e+0, 2.68494e-4, 9.85385e+1, 3.99545e-2, 1.84877e+0, 4.63439e-3, 2.06868e+4, 7.98744e+2, 3.95614e+2, 1.39964e+0, 1.88783e+0, 4.76973e-3, 4.03971e+2, 1.58673e+0, 4.98918e+2, 9.70655e-1, 2.97348e+1, 1.67929e-2, 3.38937e+1, 6.80536e-2, 2.80135e+0, 5.29709e-4, 2.77464e+0, 7.45759e-4, 2.00000e+1, 0.00000e+0, 1.30000e+1, 0.00000e+0, 3, 2, 
03/18/2022 23:48:04.188, 03/18/2022 23:48:04.130, 4.16211e+0, 1.91556e-4, 9.85282e+1, 2.85054e-2, 1.84952e+0, 5.61812e-3, 2.10532e+4, 6.95961e+2, 3.96191e+2, 1.59504e+0, 1.88929e+0, 6.28341e-3, 4.04712e+2, 1.78317e+0, 4.98789e+2, 1.03603e+0, 2.97630e+1, 1.72456e-2, 3.39391e+1, 7.15705e-2, 2.80199e+0, 4.96032e-4, 2.77460e+0, 6.77384e-4, 2.00000e+1, 0.00000e+0, 1.30000e+1, 0.00000e+0, 3, 2, 
03/18/2022 23:48:14.133, 03/18/2022 23:48:14.076, 4.16213e+0, 2.26492e-4, 9.85319e+1, 3.37042e-2, 1.85115e+0, 5.40945e-3, 2.10503e+4, 7.02101e+2, 3.96918e+2, 1.13913e+0, 1.89095e+0, 5.54555e-3, 4.05453e+2, 1.22193e+0, 4.98989e+2, 7.32530e-1, 2.97940e+1, 2.12166e-2, 3.39374e+1, 6.63264e-2, 2.80179e+0, 6.02286e-4, 2.77498e+0, 4.97773e-4, 2.00000e+1, 0.00000e+0, 1.30000e+1, 0.00000e+0, 3, 2, 
03/18/2022 23:48:24.081, 03/18/2022 23:48:24.020, 4.16209e+0, 2.03181e-4, 9.85247e+1, 3.02352e-2, 1.84838e+0, 4.37168e-3, 2.10341e+4, 6.35421e+2, 3.96682e+2, 1.79605e+0, 1.88809e+0, 4.31084e-3, 4.05205e+2, 1.79206e+0, 4.98894e+2, 8.95993e-1, 2.98180e+1, 3.22293e-2, 3.39765e+1, 6.50336e-2, 2.80195e+0, 7.26613e-4, 2.77481e+0, 6.83521e-4, 2.00000e+1, 0.00000e+0, 1.30000e+1, 0.00000e+0, 3, 1, 
03/18/2022 23:48:34.084, 03/18/2022 23:48:33.967, 4.16216e+0, 2.33492e-4, 9.85358e+1, 3.47458e-2, 1.84842e+0, 5.26826e-3, 2.14105e+4, 4.01533e+2, 4.01012e+2, 1.90253e+0, 1.88886e+0, 5.25004e-3, 4.09785e+2, 1.87719e+0, 4.98759e+2, 9.60315e-1, 2.98207e+1, 2.34652e-2, 3.39783e+1, 6.99030e-2, 2.80189e+0, 6.87184e-4, 2.77466e+0, 5.84924e-4, 2.00000e+1, 0.00000e+0, 1.30000e+1, 0.00000e+0, 3, 1, 
03/18/2022 23:48:43.973, 03/18/2022 23:48:43.911, 4.16218e+0, 2.36392e-4, 9.85394e+1, 3.51774e-2, 1.84993e+0, 3.79801e-3, 2.12449e+4, 7.94668e+2, 3.95194e+2, 1.40552e+0, 1.89008e+0, 3.42718e-3, 4.03772e+2, 1.49952e+0, 4.98934e+2, 1.01455e+0, 2.98450e+1, 1.58317e-2, 3.39867e+1, 6.67622e-2, 2.80190e+0, 8.98320e-4, 2.77534e+0, 9.39265e-4, 2.00000e+1, 0.00000e+0, 1.30000e+1, 0.00000e+0, 3, 1, 
03/18/2022 23:48:53.912, 03/18/2022 23:48:53.857, 4.16223e+0, 1.81477e-4, 9.85459e+1, 2.70054e-2, 1.84947e+0, 3.34584e-3, 2.09759e+4, 7.93358e+2, 3.93995e+2, 1.00449e+0, 1.88909e+0, 3.47040e-3, 4.02437e+2, 1.09046e+0, 4.98789e+2, 7.45051e-1, 2.98514e+1, 2.56206e-2, 3.40215e+1, 7.03721e-2, 2.80185e+0, 5.76927e-4, 2.77512e+0, 6.52323e-4, 2.00000e+1, 0.00000e+0, 1.37000e+1, 2.21359e+0, 3, 1, 
                                                                                                                                                                                                                                                                                                                                                                                                                                                                                                                                                                                                                                                                                                                                                                                                                                                                                                                                                                                                                                                                                                                                                                                                                           