SN:3K60180500001585 BD:Jul 23 2018 VC:834b9c1 MD5:48f99e4865ed8b810be1bb0eaaabf929
SysTime,                      Time,         Batt_v,      Batt_v_sd,   BATT_PERCENT,BATT_PERCENT_sd,      [CH4]_ppm,   [CH4]_ppm_sd,      [H2O]_ppm,   [H2O]_ppm_sd,     [H2Oa]_ppm,  [H2Oa]_ppm_sd,      [CO2]_ppm,   [CO2]_ppm_sd,     [CH4]d_ppm,  [CH4]d_ppm_sd,     [CO2]d_ppm,  [CO2]d_ppm_sd,      GasP_torr,   GasP_torr_sd,         GasT_C,      GasT_C_sd,         AmbT_C,      AmbT_C_sd,         RD0_us,      RD0_us_sd,         RD1_us,      RD1_us_sd, Temp_Status_mA,Temp_Status_mA_sd,Analyzer_Status_mA,Analyzer_Status_mA_sd,       Fit_Flag,      MIU_VALVE,       MIU_DESC
10/27/2022 18:14:27.783, 10/27/2022 18:14:27.724, 4.11251e+0, 0.00000e+0, 9.83854e+1, 0.00000e+0, 1.87958e+0, 0.00000e+0, 1.60479e+4, 0.00000e+0, 1.91777e+4, 0.00000e+0, 5.39436e+2, 0.00000e+0, 1.91023e+0, 0.00000e+0, 5.48234e+2, 0.00000e+0, 5.05502e+2, 0.00000e+0, 2.17148e+1, 0.00000e+0, 2.47698e+1, 0.00000e+0, 3.44123e+0, 0.00000e+0, 2.86367e+0, 0.00000e+0, 2.00000e+1, 0.00000e+0, 1.50000e+1, 0.00000e+0, 2, -1, Disabled
10/27/2022 18:14:28.778, 10/27/2022 18:14:28.719, 4.11368e+0, 0.00000e+0, 9.84134e+1, 0.00000e+0, 1.89778e+0, 0.00000e+0, 1.70760e+4, 0.00000e+0, 1.99561e+4, 0.00000e+0, -3.09405e+1, 0.00000e+0, 1.93075e+0, 0.00000e+0, -3.14780e+1, 0.00000e+0, 5.05738e+2, 0.00000e+0, 2.17163e+1, 0.00000e+0, 2.46955e+1, 0.00000e+0, 3.43850e+0, 0.00000e+0, 2.86151e+0, 0.00000e+0, 2.00000e+1, 0.00000e+0, 1.20000e+1, 0.00000e+0, 2, -1, Disabled
10/27/2022 18:14:29.769, 10/27/2022 18:14:29.713, 4.11237e+0, 0.00000e+0, 9.83821e+1, 0.00000e+0, 1.89209e+0, 0.00000e+0, 1.68890e+4, 0.00000e+0, 2.00146e+4, 0.00000e+0, -3.58015e+1, 0.00000e+0, 1.92459e+0, 0.00000e+0, -3.64165e+1, 0.00000e+0, 5.05798e+2, 0.00000e+0, 2.17177e+1, 0.00000e+0, 2.48911e+1, 0.00000e+0, 3.43993e+0, 0.00000e+0, 2.86181e+0, 0.00000e+0, 2.00000e+1, 0.00000e+0, 1.20000e+1, 0.00000e+0, 2, -1, Disabled
10/27/2022 18:14:30.785, 10/27/2022 18:14:30.707, 4.11278e+0, 0.00000e+0, 9.83919e+1, 0.00000e+0, 1.89301e+0, 0.00000e+0, 1.74337e+4, 0.00000e+0, 2.00266e+4, 0.00000e+0, -4.71993e+1, 0.00000e+0, 1.92660e+0, 0.00000e+0, -4.80368e+1, 0.00000e+0, 5.05488e+2, 0.00000e+0, 2.17170e+1, 0.00000e+0, 2.47859e+1, 0.00000e+0, 3.44113e+0, 0.00000e+0, 2.85923e+0, 0.00000e+0, 2.00000e+1, 0.00000e+0, 1.20000e+1, 0.00000e+0, 2, -1, Disabled
10/27/2022 18:14:31.782, 10/27/2022 18:14:31.702, 4.11384e+0, 0.00000e+0, 9.84172e+1, 0.00000e+0, 1.89603e+0, 0.00000e+0, 1.69916e+4, 0.00000e+0, 1.96864e+4, 0.00000e+0, 1.45331e+2, 0.00000e+0, 1.92880e+0, 0.00000e+0, 1.47843e+2, 0.00000e+0, 5.05755e+2, 0.00000e+0, 2.17194e+1, 0.00000e+0, 2.47387e+1, 0.00000e+0, 3.44083e+0, 0.00000e+0, 2.86184e+0, 0.00000e+0, 2.00000e+1, 0.00000e+0, 1.20000e+1, 0.00000e+0, 2, -1, Disabled
10/27/2022 18:14:32.771, 10/27/2022 18:14:32.697, 4.11265e+0, 0.00000e+0, 9.83887e+1, 0.00000e+0, 1.89289e+0, 0.00000e+0, 1.75910e+4, 0.00000e+0, 2.08314e+4, 0.00000e+0, 1.14704e+2, 0.00000e+0, 1.92679e+0, 0.00000e+0, 1.16758e+2, 0.00000e+0, 5.05851e+2, 0.00000e+0, 2.17202e+1, 0.00000e+0, 2.49436e+1, 0.00000e+0, 3.43951e+0, 0.00000e+0, 2.86097e+0, 0.00000e+0, 2.00000e+1, 0.00000e+0, 1.20000e+1, 0.00000e+0, 2, -1, Disabled
10/27/2022 18:14:33.748, 10/27/2022 18:14:33.691, 4.11292e+0, 0.00000e+0, 9.83952e+1, 0.00000e+0, 1.88556e+0, 0.00000e+0, 1.81181e+4, 0.00000e+0, 2.09987e+4, 0.00000e+0, 1.43005e+2, 0.00000e+0, 1.92035e+0, 0.00000e+0, 1.45644e+2, 0.00000e+0, 5.05473e+2, 0.00000e+0, 2.17235e+1, 0.00000e+0, 2.48018e+1, 0.00000e+0, 3.43837e+0, 0.00000e+0, 2.86226e+0, 0.00000e+0, 2.00000e+1, 0.00000e+0, 1.20000e+1, 0.00000e+0, 2, -1, Disabled
10/27/2022 18:14:34.740, 10/27/2022 18:14:34.689, 4.11379e+0, 0.00000e+0, 9.84161e+1, 0.00000e+0, 1.88729e+0, 0.00000e+0, 1.78833e+4, 0.00000e+0, 2.06120e+4, 0.00000e+0, 4.89063e+2, 0.00000e+0, 1.92166e+0, 0.00000e+0, 4.97968e+2, 0.00000e+0, 5.05782e+2, 0.00000e+0, 2.17246e+1, 0.00000e+0, 2.47795e+1, 0.00000e+0, 3.44062e+0, 0.00000e+0, 2.86261e+0, 0.00000e+0, 2.00000e+1, 0.00000e+0, 1.50000e+1, 0.00000e+0, 2, -1, Disabled
10/27/2022 18:14:35.731, 10/27/2022 18:14:35.681, 4.11187e+0, 0.00000e+0, 9.83702e+1, 0.00000e+0, 1.89156e+0, 0.00000e+0, 1.77127e+4, 0.00000e+0, 2.04989e+4, 0.00000e+0, 4.78644e+2, 0.00000e+0, 1.92567e+0, 0.00000e+0, 4.87275e+2, 0.00000e+0, 5.05851e+2, 0.00000e+0, 2.17327e+1, 0.00000e+0, 2.49488e+1, 0.00000e+0, 3.44205e+0, 0.00000e+0, 2.86382e+0, 0.00000e+0, 2.00000e+1, 0.00000e+0, 1.50000e+1, 0.00000e+0, 2, -1, Disabled
10/27/2022 18:14:36.728, 10/27/2022 18:14:36.675, 4.11269e+0, 0.00000e+0, 9.83896e+1, 0.00000e+0, 1.88554e+0, 0.00000e+0, 1.77022e+4, 0.00000e+0, 2.07561e+4, 0.00000e+0, 5.78043e+1, 0.00000e+0, 1.91952e+0, 0.00000e+0, 5.88460e+1, 0.00000e+0, 5.05450e+2, 0.00000e+0, 2.17327e+1, 0.00000e+0, 2.48429e+1, 0.00000e+0, 3.44321e+0, 0.00000e+0, 2.86016e+0, 0.00000e+0, 2.00000e+1, 0.00000e+0, 1.20000e+1, 0.00000e+0, 2, -1, Disabled
10/27/2022 18:14:37.747, 10/27/2022 18:14:37.669, 4.11297e+0, 0.00000e+0, 9.83964e+1, 0.00000e+0, 1.88884e+0, 0.00000e+0, 1.81367e+4, 0.00000e+0, 2.10014e+4, 0.00000e+0, 3.53070e+1, 0.00000e+0, 1.92373e+0, 0.00000e+0, 3.59592e+1, 0.00000e+0, 5.05695e+2, 0.00000e+0, 2.17390e+1, 0.00000e+0, 2.47873e+1, 0.00000e+0, 3.44125e+0, 0.00000e+0, 2.86129e+0, 0.00000e+0, 2.00000e+1, 0.00000e+0, 1.20000e+1, 0.00000e+0, 2, -1, Disabled
10/27/2022 18:14:38.745, 10/27/2022 18:14:38.663, 4.11217e+0, 0.00000e+0, 9.83773e+1, 0.00000e+0, 1.88518e+0, 0.00000e+0, 1.81910e+4, 0.00000e+0, 2.12423e+4, 0.00000e+0, 3.11580e+1, 0.00000e+0, 1.92011e+0, 0.00000e+0, 3.17353e+1, 0.00000e+0, 5.05838e+2, 0.00000e+0, 2.17395e+1, 0.00000e+0, 2.49462e+1, 0.00000e+0, 3.44117e+0, 0.00000e+0, 2.86045e+0, 0.00000e+0, 2.00000e+1, 0.00000e+0, 1.20000e+1, 0.00000e+0, 3, -1, Disabled
10/27/2022 18:14:39.718, 10/27/2022 18:14:39.659, 4.11255e+0, 0.00000e+0, 9.83863e+1, 0.00000e+0, 1.88289e+0, 0.00000e+0, 1.78332e+4, 0.00000e+0, 2.07596e+4, 0.00000e+0, 6.68650e+1, 0.00000e+0, 1.91708e+0, 0.00000e+0, 6.80790e+1, 0.00000e+0, 5.05479e+2, 0.00000e+0, 2.17362e+1, 0.00000e+0, 2.49004e+1, 0.00000e+0, 3.44107e+0, 0.00000e+0, 2.86139e+0, 0.00000e+0, 2.00000e+1, 0.00000e+0, 1.20000e+1, 0.00000e+0, 3, -1, Disabled
10/27/2022 18:14:40.716, 10/27/2022 18:14:40.652, 4.11357e+0, 0.00000e+0, 9.84107e+1, 0.00000e+0, 1.88163e+0, 0.00000e+0, 1.82523e+4, 0.00000e+0, 2.08365e+4, 0.00000e+0, 2.48382e+2, 0.00000e+0, 1.91661e+0, 0.00000e+0, 2.52999e+2, 0.00000e+0, 5.05660e+2, 0.00000e+0, 2.17380e+1, 0.00000e+0, 2.47726e+1, 0.00000e+0, 3.44048e+0, 0.00000e+0, 2.86284e+0, 0.00000e+0, 2.00000e+1, 0.00000e+0, 1.20000e+1, 0.00000e+0, 3, -1, Disabled
10/27/2022 18:14:41.708, 10/27/2022 18:14:41.647, 4.11249e+0, 0.00000e+0, 9.83850e+1, 0.00000e+0, 1.88923e+0, 0.00000e+0, 1.79505e+4, 0.00000e+0, 2.08738e+4, 0.00000e+0, 4.86196e+2, 0.00000e+0, 1.92377e+0, 0.00000e+0, 4.95083e+2, 0.00000e+0, 5.05811e+2, 0.00000e+0, 2.17447e+1, 0.00000e+0, 2.49699e+1, 0.00000e+0, 3.44078e+0, 0.00000e+0, 2.86248e+0, 0.00000e+0, 2.00000e+1, 0.00000e+0, 1.50000e+1, 0.00000e+0, 3, -1, Disabled
10/27/2022 18:14:42.695, 10/27/2022 18:14:42.643, 4.11226e+0, 0.00000e+0, 9.83794e+1, 0.00000e+0, 1.88858e+0, 0.00000e+0, 1.78371e+4, 0.00000e+0, 2.05279e+4, 0.00000e+0, 1.36284e+2, 0.00000e+0, 1.92288e+0, 0.00000e+0, 1.38759e+2, 0.00000e+0, 5.05557e+2, 0.00000e+0, 2.17403e+1, 0.00000e+0, 2.49631e+1, 0.00000e+0, 3.44258e+0, 0.00000e+0, 2.86079e+0, 0.00000e+0, 2.00000e+1, 0.00000e+0, 1.20000e+1, 0.00000e+0, 3, -1, Disabled
10/27/2022 18:14:43.718, 10/27/2022 18:14:43.637, 4.11404e+0, 0.00000e+0, 9.84220e+1, 0.00000e+0, 1.89264e+0, 0.00000e+0, 1.76446e+4, 0.00000e+0, 2.04470e+4, 0.00000e+0, -2.57960e+2, 0.00000e+0, 1.92664e+0, 0.00000e+0, -2.62593e+2, 0.00000e+0, 5.05605e+2, 0.00000e+0, 2.17417e+1, 0.00000e+0, 2.48292e+1, 0.00000e+0, 3.44021e+0, 0.00000e+0, 2.84110e+0, 0.00000e+0, 2.00000e+1, 0.00000e+0, 1.20000e+1, 0.00000e+0, 3, -1, Disabled
10/27/2022 18:14:44.687, 10/27/2022 18:14:44.631, 4.11306e+0, 0.00000e+0, 9.83987e+1, 0.00000e+0, 1.89157e+0, 0.00000e+0, 1.73999e+4, 0.00000e+0, 2.02483e+4, 0.00000e+0, 1.02471e+2, 0.00000e+0, 1.92507e+0, 0.00000e+0, 1.04286e+2, 0.00000e+0, 5.05881e+2, 0.00000e+0, 2.17455e+1, 0.00000e+0, 2.50094e+1, 0.00000e+0, 3.44034e+0, 0.00000e+0, 2.86077e+0, 0.00000e+0, 2.00000e+1, 0.00000e+0, 1.20000e+1, 0.00000e+0, 3, -1, Disabled
10/27/2022 18:14:45.675, 10/27/2022 18:14:45.626, 4.11218e+0, 0.00000e+0, 9.83775e+1, 0.00000e+0, 1.88448e+0, 0.00000e+0, 1.73997e+4, 0.00000e+0, 2.03599e+4, 0.00000e+0, 1.44936e+2, 0.00000e+0, 1.91785e+0, 0.00000e+0, 1.47502e+2, 0.00000e+0, 5.05577e+2, 0.00000e+0, 2.17468e+1, 0.00000e+0, 2.50217e+1, 0.00000e+0, 3.44170e+0, 0.00000e+0, 2.86098e+0, 0.00000e+0, 2.00000e+1, 0.00000e+0, 1.20000e+1, 0.00000e+0, 3, -1, Disabled
10/27/2022 18:14:46.719, 10/27/2022 18:14:46.626, 4.11343e+0, 0.00000e+0, 9.84074e+1, 0.00000e+0, 1.87884e+0, 0.00000e+0, 1.71424e+4, 0.00000e+0, 2.02956e+4, 0.00000e+0, 3.21321e+1, 0.00000e+0, 1.91161e+0, 0.00000e+0, 3.26925e+1, 0.00000e+0, 5.05543e+2, 0.00000e+0, 2.17481e+1, 0.00000e+0, 2.48902e+1, 0.00000e+0, 3.44116e+0, 0.00000e+0, 2.85980e+0, 0.00000e+0, 2.00000e+1, 0.00000e+0, 1.20000e+1, 0.00000e+0, 3, -1, Disabled
10/27/2022 18:14:47.674, 10/27/2022 18:14:47.621, 4.11362e+0, 0.00000e+0, 9.84119e+1, 0.00000e+0, 1.88370e+0, 0.00000e+0, 1.74830e+4, 0.00000e+0, 2.04275e+4, 0.00000e+0, 7.39093e+1, 0.00000e+0, 1.91722e+0, 0.00000e+0, 7.52244e+1, 0.00000e+0, 5.05867e+2, 0.00000e+0, 2.17499e+1, 0.00000e+0, 2.49791e+1, 0.00000e+0, 3.44185e+0, 0.00000e+0, 2.86084e+0, 0.00000e+0, 2.00000e+1, 0.00000e+0, 1.20000e+1, 0.00000e+0, 3, -1, Disabled
10/27/2022 18:14:48.674, 10/27/2022 18:14:48.615, 4.11270e+0, 0.00000e+0, 9.83900e+1, 0.00000e+0, 1.88979e+0, 0.00000e+0, 1.76616e+4, 0.00000e+0, 2.08882e+4, 0.00000e+0, 1.14085e+2, 0.00000e+0, 1.92376e+0, 0.00000e+0, 1.16136e+2, 0.00000e+0, 5.05718e+2, 0.00000e+0, 2.17531e+1, 0.00000e+0, 2.50725e+1, 0.00000e+0, 3.43979e+0, 0.00000e+0, 2.86314e+0, 0.00000e+0, 2.00000e+1, 0.00000e+0, 1.20000e+1, 0.00000e+0, 3, -1, Disabled
10/27/2022 18:14:49.687, 10/27/2022 18:14:49.611, 4.11325e+0, 0.00000e+0, 9.84031e+1, 0.00000e+0, 1.89169e+0, 0.00000e+0, 1.74969e+4, 0.00000e+0, 2.07682e+4, 0.00000e+0, 1.04113e+2, 0.00000e+0, 1.92538e+0, 0.00000e+0, 1.05967e+2, 0.00000e+0, 5.05467e+2, 0.00000e+0, 2.17539e+1, 0.00000e+0, 2.49848e+1, 0.00000e+0, 3.44046e+0, 0.00000e+0, 2.86209e+0, 0.00000e+0, 2.00000e+1, 0.00000e+0, 1.20000e+1, 0.00000e+0, 3, -1, Disabled
10/27/2022 18:14:50.669, 10/27/2022 18:14:50.605, 4.11383e+0, 0.00000e+0, 9.84171e+1, 0.00000e+0, 1.89431e+0, 0.00000e+0, 1.76724e+4, 0.00000e+0, 2.04817e+4, 0.00000e+0, 1.10425e+2, 0.00000e+0, 1.92839e+0, 0.00000e+0, 1.12411e+2, 0.00000e+0, 5.05788e+2, 0.00000e+0, 2.17590e+1, 0.00000e+0, 2.50000e+1, 0.00000e+0, 3.44057e+0, 0.00000e+0, 2.86066e+0, 0.00000e+0, 2.00000e+1, 0.00000e+0, 1.20000e+1, 0.00000e+0, 3, -1, Disabled
10/27/2022 18:14:51.653, 10/27/2022 18:14:51.600, 4.11244e+0, 0.00000e+0, 9.83836e+1, 0.00000e+0, 1.89504e+0, 0.00000e+0, 1.73965e+4, 0.00000e+0, 2.02813e+4, 0.00000e+0, 1.62021e+2, 0.00000e+0, 1.92859e+0, 0.00000e+0, 1.64889e+2, 0.00000e+0, 5.05765e+2, 0.00000e+0, 2.17634e+1, 0.00000e+0, 2.51065e+1, 0.00000e+0, 3.44090e+0, 0.00000e+0, 2.86260e+0, 0.00000e+0, 2.00000e+1, 0.00000e+0, 1.20000e+1, 0.00000e+0, 3, -1, Disabled
10/27/2022 18:14:52.662, 10/27/2022 18:14:52.594, 4.11294e+0, 0.00000e+0, 9.83957e+1, 0.00000e+0, 1.89615e+0, 0.00000e+0, 1.71801e+4, 0.00000e+0, 2.03343e+4, 0.00000e+0, 1.66071e+2, 0.00000e+0, 1.92930e+0, 0.00000e+0, 1.68974e+2, 0.00000e+0, 5.05475e+2, 0.00000e+0, 2.17601e+1, 0.00000e+0, 2.50745e+1, 0.00000e+0, 3.44006e+0, 0.00000e+0, 2.86265e+0, 0.00000e+0, 2.00000e+1, 0.00000e+0, 1.20000e+1, 0.00000e+0, 3, -1, Disabled
10/27/2022 18:14:53.635, 10/27/2022 18:14:53.588, 4.11371e+0, 0.00000e+0, 9.84142e+1, 0.00000e+0, 1.89550e+0, 0.00000e+0, 1.70738e+4, 0.00000e+0, 2.01307e+4, 0.00000e+0, 1.18806e+2, 0.00000e+0, 1.92842e+0, 0.00000e+0, 1.20870e+2, 0.00000e+0, 5.05658e+2, 0.00000e+0, 2.17663e+1, 0.00000e+0, 2.49368e+1, 0.00000e+0, 3.43940e+0, 0.00000e+0, 2.85974e+0, 0.00000e+0, 2.00000e+1, 0.00000e+0, 1.20000e+1, 0.00000e+0, 3, -1, Disabled
10/27/2022 18:14:54.634, 10/27/2022 18:14:54.583, 4.11211e+0, 0.00000e+0, 9.83758e+1, 0.00000e+0, 1.88752e+0, 0.00000e+0, 1.76977e+4, 0.00000e+0, 2.05790e+4, 0.00000e+0, 7.28715e+1, 0.00000e+0, 1.92153e+0, 0.00000e+0, 7.41844e+1, 0.00000e+0, 5.05841e+2, 0.00000e+0, 2.17745e+1, 0.00000e+0, 2.51332e+1, 0.00000e+0, 3.43925e+0, 0.00000e+0, 2.85920e+0, 0.00000e+0, 2.00000e+1, 0.00000e+0, 1.20000e+1, 0.00000e+0, 3, -1, Disabled
10/27/2022 18:14:55.631, 10/27/2022 18:14:55.578, 4.11259e+0, 0.00000e+0, 9.83874e+1, 0.00000e+0, 1.88193e+0, 0.00000e+0, 1.82306e+4, 0.00000e+0, 2.11381e+4, 0.00000e+0, 9.04428e+1, 0.00000e+0, 1.91687e+0, 0.00000e+0, 9.21222e+1, 0.00000e+0, 5.05555e+2, 0.00000e+0, 2.17717e+1, 0.00000e+0, 2.51316e+1, 0.00000e+0, 3.43731e+0, 0.00000e+0, 2.85917e+0, 0.00000e+0, 2.00000e+1, 0.00000e+0, 1.20000e+1, 0.00000e+0, 3, -1, Disabled
10/27/2022 18:14:56.650, 10/27/2022 18:14:56.572, 4.11333e+0, 0.00000e+0, 9.84051e+1, 0.00000e+0, 1.88499e+0, 0.00000e+0, 1.80747e+4, 0.00000e+0, 2.10357e+4, 0.00000e+0, 5.58763e+1, 0.00000e+0, 1.91969e+0, 0.00000e+0, 5.69049e+1, 0.00000e+0, 5.05530e+2, 0.00000e+0, 2.17697e+1, 0.00000e+0, 2.49730e+1, 0.00000e+0, 3.43899e+0, 0.00000e+0, 2.85895e+0, 0.00000e+0, 2.00000e+1, 0.00000e+0, 1.20000e+1, 0.00000e+0, 3, -1, Disabled
10/27/2022 18:14:57.644, 10/27/2022 18:14:57.566, 4.11333e+0, 0.00000e+0, 9.84051e+1, 0.00000e+0, 1.88131e+0, 0.00000e+0, 1.81252e+4, 0.00000e+0, 2.10958e+4, 0.00000e+0, 5.35035e+1, 0.00000e+0, 1.91604e+0, 0.00000e+0, 5.44912e+1, 0.00000e+0, 5.05827e+2, 0.00000e+0, 2.17748e+1, 0.00000e+0, 2.51022e+1, 0.00000e+0, 3.43858e+0, 0.00000e+0, 2.85881e+0, 0.00000e+0, 2.00000e+1, 0.00000e+0, 1.20000e+1, 0.00000e+0, 3, -1, Disabled
10/27/2022 18:14:58.643, 10/27/2022 18:14:58.561, 4.11144e+0, 0.00000e+0, 9.83597e+1, 0.00000e+0, 1.88081e+0, 0.00000e+0, 1.82783e+4, 0.00000e+0, 2.13412e+4, 0.00000e+0, 8.81610e+1, 0.00000e+0, 1.91583e+0, 0.00000e+0, 8.98025e+1, 0.00000e+0, 5.05573e+2, 0.00000e+0, 2.17778e+1, 0.00000e+0, 2.51567e+1, 0.00000e+0, 3.43866e+0, 0.00000e+0, 2.85931e+0, 0.00000e+0, 2.00000e+1, 0.00000e+0, 1.20000e+1, 0.00000e+0, 3, -1, Disabled
10/27/2022 18:14:59.612, 10/27/2022 18:14:59.555, 4.11326e+0, 0.00000e+0, 9.84035e+1, 0.00000e+0, 1.88187e+0, 0.00000e+0, 1.81269e+4, 0.00000e+0, 2.09626e+4, 0.00000e+0, 6.49352e+1, 0.00000e+0, 1.91661e+0, 0.00000e+0, 6.61340e+1, 0.00000e+0, 5.05514e+2, 0.00000e+0, 2.17826e+1, 0.00000e+0, 2.50511e+1, 0.00000e+0, 3.43806e+0, 0.00000e+0, 2.85944e+0, 0.00000e+0, 2.00000e+1, 0.00000e+0, 1.20000e+1, 0.00000e+0, 3, -1, Disabled
10/27/2022 18:15:00.612, 10/27/2022 18:15:00.550, 4.11348e+0, 0.00000e+0, 9.84087e+1, 0.00000e+0, 1.87623e+0, 0.00000e+0, 1.82676e+4, 0.00000e+0, 2.12822e+4, 0.00000e+0, 6.08426e+1, 0.00000e+0, 1.91114e+0, 0.00000e+0, 6.19748e+1, 0.00000e+0, 5.05781e+2, 0.00000e+0, 2.17828e+1, 0.00000e+0, 2.50859e+1, 0.00000e+0, 3.43785e+0, 0.00000e+0, 2.85987e+0, 0.00000e+0, 2.00000e+1, 0.00000e+0, 1.20000e+1, 0.00000e+0, 3, -1, Disabled
10/27/2022 18:15:01.604, 10/27/2022 18:15:01.546, 4.11055e+0, 0.00000e+0, 9.83385e+1, 0.00000e+0, 1.88445e+0, 0.00000e+0, 1.81458e+4, 0.00000e+0, 2.12977e+4, 0.00000e+0, 7.50453e+1, 0.00000e+0, 1.91928e+0, 0.00000e+0, 7.64322e+1, 0.00000e+0, 5.05571e+2, 0.00000e+0, 2.17882e+1, 0.00000e+0, 2.51966e+1, 0.00000e+0, 3.43786e+0, 0.00000e+0, 2.86058e+0, 0.00000e+0, 2.00000e+1, 0.00000e+0, 1.20000e+1, 0.00000e+0, 3, -1, Disabled
10/27/2022 18:15:02.612, 10/27/2022 18:15:02.562, 4.11192e+0, 0.00000e+0, 9.83713e+1, 0.00000e+0, 1.88432e+0, 0.00000e+0, 1.75957e+4, 0.00000e+0, 2.10655e+4, 0.00000e+0, 6.58537e+1, 0.00000e+0, 1.91807e+0, 0.00000e+0, 6.70332e+1, 0.00000e+0, 5.05459e+2, 0.00000e+0, 2.17962e+1, 0.00000e+0, 2.51626e+1, 0.00000e+0, 3.43894e+0, 0.00000e+0, 2.85981e+0, 0.00000e+0, 2.00000e+1, 0.00000e+0, 1.20000e+1, 0.00000e+0, 3, -1, Disabled
10/27/2022 18:15:03.618, 10/27/2022 18:15:03.534, 4.11148e+0, 0.00000e+0, 9.83607e+1, 0.00000e+0, 1.88446e+0, 0.00000e+0, 1.81305e+4, 0.00000e+0, 2.11272e+4, 0.00000e+0, 7.74740e+1, 0.00000e+0, 1.91926e+0, 0.00000e+0, 7.89046e+1, 0.00000e+0, 5.05548e+2, 0.00000e+0, 2.17940e+1, 0.00000e+0, 2.50234e+1, 0.00000e+0, 3.43753e+0, 0.00000e+0, 2.86064e+0, 0.00000e+0, 2.00000e+1, 0.00000e+0, 1.20000e+1, 0.00000e+0, 3, -1, Disabled
10/27/2022 18:15:04.584, 10/27/2022 18:15:04.529, 4.11172e+0, 0.00000e+0, 9.83664e+1, 0.00000e+0, 1.88651e+0, 0.00000e+0, 1.78824e+4, 0.00000e+0, 2.11056e+4, 0.00000e+0, 8.45609e+1, 0.00000e+0, 1.92086e+0, 0.00000e+0, 8.61006e+1, 0.00000e+0, 5.05883e+2, 0.00000e+0, 2.17948e+1, 0.00000e+0, 2.52475e+1, 0.00000e+0, 3.43803e+0, 0.00000e+0, 2.86156e+0, 0.00000e+0, 2.00000e+1, 0.00000e+0, 1.20000e+1, 0.00000e+0, 3, -1, Disabled
10/27/2022 18:15:05.617, 10/27/2022 18:15:05.523, 4.11234e+0, 0.00000e+0, 9.83814e+1, 0.00000e+0, 1.88693e+0, 0.00000e+0, 1.76523e+4, 0.00000e+0, 2.05813e+4, 0.00000e+0, 1.04665e+2, 0.00000e+0, 1.92084e+0, 0.00000e+0, 1.06545e+2, 0.00000e+0, 5.05534e+2, 0.00000e+0, 2.17999e+1, 0.00000e+0, 2.52231e+1, 0.00000e+0, 3.43852e+0, 0.00000e+0, 2.86035e+0, 0.00000e+0, 2.00000e+1, 0.00000e+0, 1.20000e+1, 0.00000e+0, 3, -1, Disabled
10/27/2022 18:15:06.575, 10/27/2022 18:15:06.517, 4.11363e+0, 0.00000e+0, 9.84123e+1, 0.00000e+0, 1.88345e+0, 0.00000e+0, 1.80492e+4, 0.00000e+0, 2.09934e+4, 0.00000e+0, 8.10165e+1, 0.00000e+0, 1.91807e+0, 0.00000e+0, 8.25056e+1, 0.00000e+0, 5.05521e+2, 0.00000e+0, 2.17976e+1, 0.00000e+0, 2.51034e+1, 0.00000e+0, 3.43659e+0, 0.00000e+0, 2.86193e+0, 0.00000e+0, 2.00000e+1, 0.00000e+0, 1.20000e+1, 0.00000e+0, 3, -1, Disabled
10/27/2022 18:15:07.590, 10/27/2022 18:15:07.512, 4.11339e+0, 0.00000e+0, 9.84064e+1, 0.00000e+0, 1.88186e+0, 0.00000e+0, 1.80374e+4, 0.00000e+0, 2.09805e+4, 0.00000e+0, 9.29931e+1, 0.00000e+0, 1.91643e+0, 0.00000e+0, 9.47013e+1, 0.00000e+0, 5.05850e+2, 0.00000e+0, 2.18017e+1, 0.00000e+0, 2.52163e+1, 0.00000e+0, 3.44046e+0, 0.00000e+0, 2.85938e+0, 0.00000e+0, 2.00000e+1, 0.00000e+0, 1.20000e+1, 0.00000e+0, 3, -1, Disabled
10/27/2022 18:15:08.563, 10/27/2022 18:15:08.506, 4.11268e+0, 0.00000e+0, 9.83895e+1, 0.00000e+0, 1.88427e+0, 0.00000e+0, 1.81351e+4, 0.00000e+0, 2.11622e+4, 0.00000e+0, 1.17763e+2, 0.00000e+0, 1.91907e+0, 0.00000e+0, 1.19938e+2, 0.00000e+0, 5.05739e+2, 0.00000e+0, 2.18066e+1, 0.00000e+0, 2.53121e+1, 0.00000e+0, 3.44030e+0, 0.00000e+0, 2.86014e+0, 0.00000e+0, 2.00000e+1, 0.00000e+0, 1.20000e+1, 0.00000e+0, 3, -1, Disabled
10/27/2022 18:15:09.576, 10/27/2022 18:15:09.525, 4.11323e+0, 0.00000e+0, 9.84026e+1, 0.00000e+0, 1.88598e+0, 0.00000e+0, 1.81860e+4, 0.00000e+0, 2.11845e+4, 0.00000e+0, 6.69367e+1, 0.00000e+0, 1.92092e+0, 0.00000e+0, 6.81766e+1, 0.00000e+0, 5.05494e+2, 0.00000e+0, 2.18106e+1, 0.00000e+0, 2.52008e+1, 0.00000e+0, 3.43976e+0, 0.00000e+0, 2.85935e+0, 0.00000e+0, 2.00000e+1, 0.00000e+0, 1.20000e+1, 0.00000e+0, 3, -1, Disabled
10/27/2022 18:15:10.546, 10/27/2022 18:15:10.498, 4.11058e+0, 0.00000e+0, 9.83393e+1, 0.00000e+0, 1.88962e+0, 0.00000e+0, 1.76264e+4, 0.00000e+0, 2.05305e+4, 0.00000e+0, 1.42328e+2, 0.00000e+0, 1.92353e+0, 0.00000e+0, 1.44882e+2, 0.00000e+0, 5.05708e+2, 0.00000e+0, 2.18316e+1, 0.00000e+0, 2.51586e+1, 0.00000e+0, 3.43898e+0, 0.00000e+0, 2.86026e+0, 0.00000e+0, 2.00000e+1, 0.00000e+0, 1.20000e+1, 0.00000e+0, 3, -1, Disabled
10/27/2022 18:15:11.590, 10/27/2022 18:15:11.538, 4.11162e+0, 0.00000e+0, 9.83641e+1, 0.00000e+0, 1.88173e+0, 0.00000e+0, 1.71491e+4, 0.00000e+0, 2.01291e+4, 0.00000e+0, 1.38461e+2, 0.00000e+0, 1.91456e+0, 0.00000e+0, 1.40877e+2, 0.00000e+0, 5.05794e+2, 0.00000e+0, 2.18278e+1, 0.00000e+0, 2.53146e+1, 0.00000e+0, 3.43920e+0, 0.00000e+0, 2.86055e+0, 0.00000e+0, 2.00000e+1, 0.00000e+0, 1.20000e+1, 0.00000e+0, 3, -1, Disabled
10/27/2022 18:15:12.543, 10/27/2022 18:15:12.485, 4.11221e+0, 0.00000e+0, 9.83781e+1, 0.00000e+0, 1.88618e+0, 0.00000e+0, 1.77012e+4, 0.00000e+0, 2.06570e+4, 0.00000e+0, 7.38310e+1, 0.00000e+0, 1.92017e+0, 0.00000e+0, 7.51614e+1, 0.00000e+0, 5.05613e+2, 0.00000e+0, 2.18204e+1, 0.00000e+0, 2.53532e+1, 0.00000e+0, 3.43929e+0, 0.00000e+0, 2.85948e+0, 0.00000e+0, 2.00000e+1, 0.00000e+0, 1.20000e+1, 0.00000e+0, 3, -1, Disabled
10/27/2022 18:15:13.565, 10/27/2022 18:15:13.480, 4.11364e+0, 0.00000e+0, 9.84124e+1, 0.00000e+0, 1.88323e+0, 0.00000e+0, 1.77803e+4, 0.00000e+0, 2.09787e+4, 0.00000e+0, 2.01150e+2, 0.00000e+0, 1.91732e+0, 0.00000e+0, 2.04791e+2, 0.00000e+0, 5.05559e+2, 0.00000e+0, 2.18160e+1, 0.00000e+0, 2.51803e+1, 0.00000e+0, 3.43924e+0, 0.00000e+0, 2.85991e+0, 0.00000e+0, 2.00000e+1, 0.00000e+0, 1.20000e+1, 0.00000e+0, 3, -1, Disabled
10/27/2022 18:15:14.557, 10/27/2022 18:15:14.474, 4.11363e+0, 0.00000e+0, 9.84122e+1, 0.00000e+0, 1.88586e+0, 0.00000e+0, 1.75125e+4, 0.00000e+0, 2.04622e+4, 0.00000e+0, 1.16568e+2, 0.00000e+0, 1.91947e+0, 0.00000e+0, 1.18645e+2, 0.00000e+0, 5.05798e+2, 0.00000e+0, 2.18216e+1, 0.00000e+0, 2.53054e+1, 0.00000e+0, 3.43874e+0, 0.00000e+0, 2.85983e+0, 0.00000e+0, 2.00000e+1, 0.00000e+0, 1.20000e+1, 0.00000e+0, 3, -1, Disabled
10/27/2022 18:15:15.523, 10/27/2022 18:15:15.468, 4.11239e+0, 0.00000e+0, 9.83825e+1, 0.00000e+0, 1.88708e+0, 0.00000e+0, 1.74779e+4, 0.00000e+0, 2.02504e+4, 0.00000e+0, 1.06826e+2, 0.00000e+0, 1.92065e+0, 0.00000e+0, 1.08727e+2, 0.00000e+0, 5.05790e+2, 0.00000e+0, 2.18184e+1, 0.00000e+0, 2.53624e+1, 0.00000e+0, 3.44000e+0, 0.00000e+0, 2.85949e+0, 0.00000e+0, 2.00000e+1, 0.00000e+0, 1.20000e+1, 0.00000e+0, 3, -1, Disabled
10/27/2022 18:15:16.546, 10/27/2022 18:15:16.462, 4.11159e+0, 0.00000e+0, 9.83633e+1, 0.00000e+0, 1.88943e+0, 0.00000e+0, 1.75242e+4, 0.00000e+0, 2.03244e+4, 0.00000e+0, 1.47731e+2, 0.00000e+0, 1.92313e+0, 0.00000e+0, 1.50366e+2, 0.00000e+0, 5.05386e+2, 0.00000e+0, 2.18207e+1, 0.00000e+0, 2.52704e+1, 0.00000e+0, 3.43918e+0, 0.00000e+0, 2.85990e+0, 0.00000e+0, 2.00000e+1, 0.00000e+0, 1.20000e+1, 0.00000e+0, 3, -1, Disabled
10/27/2022 18:15:17.512, 10/27/2022 18:15:17.458, 4.11385e+0, 0.00000e+0, 9.84174e+1, 0.00000e+0, 1.87698e+0, 0.00000e+0, 1.78773e+4, 0.00000e+0, 2.06999e+4, 0.00000e+0, 4.91134e+1, 0.00000e+0, 1.91115e+0, 0.00000e+0, 5.00074e+1, 0.00000e+0, 5.05627e+2, 0.00000e+0, 2.18253e+1, 0.00000e+0, 2.52094e+1, 0.00000e+0, 3.44037e+0, 0.00000e+0, 2.85896e+0, 0.00000e+0, 2.00000e+1, 0.00000e+0, 1.20000e+1, 0.00000e+0, 3, -1, Disabled
10/27/2022 18:15:18.528, 10/27/2022 18:15:18.452, 4.11313e+0, 0.00000e+0, 9.84003e+1, 0.00000e+0, 1.87823e+0, 0.00000e+0, 1.84328e+4, 0.00000e+0, 2.15077e+4, 0.00000e+0, 5.04451e+1, 0.00000e+0, 1.91350e+0, 0.00000e+0, 5.13924e+1, 0.00000e+0, 5.05845e+2, 0.00000e+0, 2.18250e+1, 0.00000e+0, 2.53578e+1, 0.00000e+0, 3.43845e+0, 0.00000e+0, 2.86013e+0, 0.00000e+0, 2.00000e+1, 0.00000e+0, 4.00000e+0, 0.00000e+0, 3, -1, Disabled
10/27/2022 18:15:19.605, 10/27/2022 18:15:19.531, 4.11210e+0, 0.00000e+0, 9.83756e+1, 0.00000e+0, 1.88214e+0, 0.00000e+0, 1.80580e+4, 0.00000e+0, 2.10771e+4, 0.00000e+0, 1.31179e+2, 0.00000e+0, 1.91675e+0, 0.00000e+0, 1.33592e+2, 0.00000e+0, 5.05644e+2, 0.00000e+0, 2.18267e+1, 0.00000e+0, 2.53574e+1, 0.00000e+0, 3.43895e+0, 0.00000e+0, 2.86015e+0, 0.00000e+0, 2.00000e+1, 0.00000e+0, 4.00000e+0, 0.00000e+0, 3, -1, Disabled
10/27/2022 18:15:20.499, 10/27/2022 18:15:20.441, 4.11253e+0, 0.00000e+0, 9.83858e+1, 0.00000e+0, 1.88692e+0, 0.00000e+0, 1.75596e+4, 0.00000e+0, 2.06996e+4, 0.00000e+0, 1.10222e+2, 0.00000e+0, 1.92064e+0, 0.00000e+0, 1.12192e+2, 0.00000e+0, 5.05468e+2, 0.00000e+0, 2.18282e+1, 0.00000e+0, 2.53186e+1, 0.00000e+0, 3.43955e+0, 0.00000e+0, 2.85949e+0, 0.00000e+0, 2.00000e+1, 0.00000e+0, 4.00000e+0, 0.00000e+0, 3, -1, Disabled
10/27/2022 18:15:24.218, 10/27/2022 18:15:24.162, 4.11068e+0, 0.00000e+0, 9.83417e+1, 0.00000e+0, 1.89101e+0, 0.00000e+0, 1.75331e+4, 0.00000e+0, 2.04223e+4, 0.00000e+0, 5.01843e+2, 0.00000e+0, 1.92475e+0, 0.00000e+0, 5.10799e+2, 0.00000e+0, 5.05596e+2, 0.00000e+0, 2.18326e+1, 0.00000e+0, 2.53241e+1, 0.00000e+0, 3.43865e+0, 0.00000e+0, 2.86166e+0, 0.00000e+0, 2.00000e+1, 0.00000e+0, 9.00000e+0, 0.00000e+0, 3, -1, Disabled
10/27/2022 18:15:24.300, 10/27/2022 18:15:24.227, 4.11376e+0, 0.00000e+0, 9.84154e+1, 0.00000e+0, 1.88415e+0, 0.00000e+0, 1.76194e+4, 0.00000e+0, 2.07500e+4, 0.00000e+0, 1.03182e+2, 0.00000e+0, 1.91794e+0, 0.00000e+0, 1.05033e+2, 0.00000e+0, 5.05084e+2, 0.00000e+0, 2.18283e+1, 0.00000e+0, 2.50346e+1, 0.00000e+0, 3.43845e+0, 0.00000e+0, 2.85968e+0, 0.00000e+0, 2.00000e+1, 0.00000e+0, 4.00000e+0, 0.00000e+0, 3, -1, Disabled
10/27/2022 18:15:24.355, 10/27/2022 18:15:24.304, 4.11386e+0, 0.00000e+0, 9.84178e+1, 0.00000e+0, 1.88170e+0, 0.00000e+0, 1.77337e+4, 0.00000e+0, 2.08723e+4, 0.00000e+0, 7.84131e+1, 0.00000e+0, 1.91568e+0, 0.00000e+0, 7.98287e+1, 0.00000e+0, 5.04813e+2, 0.00000e+0, 2.18285e+1, 0.00000e+0, 2.50091e+1, 0.00000e+0, 3.44019e+0, 0.00000e+0, 2.85957e+0, 0.00000e+0, 2.00000e+1, 0.00000e+0, 4.00000e+0, 0.00000e+0, 3, -1, Disabled
10/27/2022 18:15:24.570, 10/27/2022 18:15:24.496, 4.10624e+0, 0.00000e+0, 9.82353e+1, 0.00000e+0, 1.88404e+0, 0.00000e+0, 1.74194e+4, 0.00000e+0, 2.08944e+4, 0.00000e+0, 9.51317e+1, 0.00000e+0, 1.91745e+0, 0.00000e+0, 9.68182e+1, 0.00000e+0, 5.04891e+2, 0.00000e+0, 2.18415e+1, 0.00000e+0, 2.55388e+1, 0.00000e+0, 3.43763e+0, 0.00000e+0, 2.86017e+0, 0.00000e+0, 2.00000e+1, 0.00000e+0, 4.00000e+0, 0.00000e+0, 3, -1, Disabled
10/27/2022 18:15:25.464, 10/27/2022 18:15:25.414, 4.11336e+0, 0.00000e+0, 9.84058e+1, 0.00000e+0, 1.88794e+0, 0.00000e+0, 1.78257e+4, 0.00000e+0, 2.10823e+4, 0.00000e+0, 1.33360e+2, 0.00000e+0, 1.92220e+0, 0.00000e+0, 1.35780e+2, 0.00000e+0, 5.05913e+2, 0.00000e+0, 2.18555e+1, 0.00000e+0, 2.53474e+1, 0.00000e+0, 3.44103e+0, 0.00000e+0, 2.85939e+0, 0.00000e+0, 2.00000e+1, 0.00000e+0, 4.00000e+0, 0.00000e+0, 3, -1, Disabled
10/27/2022 18:15:26.463, 10/27/2022 18:15:26.408, 4.11282e+0, 0.00000e+0, 9.83929e+1, 0.00000e+0, 1.88796e+0, 0.00000e+0, 1.75472e+4, 0.00000e+0, 2.02924e+4, 0.00000e+0, 1.25995e+2, 0.00000e+0, 1.92168e+0, 0.00000e+0, 1.28246e+2, 0.00000e+0, 5.05708e+2, 0.00000e+0, 2.18474e+1, 0.00000e+0, 2.54784e+1, 0.00000e+0, 3.44021e+0, 0.00000e+0, 2.85997e+0, 0.00000e+0, 2.00000e+1, 0.00000e+0, 4.00000e+0, 0.00000e+0, 3, -1, Disabled
10/27/2022 18:15:27.487, 10/27/2022 18:15:27.437, 4.11158e+0, 0.00000e+0, 9.83632e+1, 0.00000e+0, 1.88132e+0, 0.00000e+0, 1.77437e+4, 0.00000e+0, 2.07388e+4, 0.00000e+0, 1.45225e+2, 0.00000e+0, 1.91530e+0, 0.00000e+0, 1.47849e+2, 0.00000e+0, 5.05550e+2, 0.00000e+0, 2.18625e+1, 0.00000e+0, 2.54261e+1, 0.00000e+0, 3.43909e+0, 0.00000e+0, 2.86012e+0, 0.00000e+0, 2.00000e+1, 0.00000e+0, 4.00000e+0, 0.00000e+0, 3, -1, Disabled
10/27/2022 18:15:28.453, 10/27/2022 18:15:28.398, 4.11297e+0, 0.00000e+0, 9.83964e+1, 0.00000e+0, 1.88272e+0, 0.00000e+0, 1.73381e+4, 0.00000e+0, 2.06720e+4, 0.00000e+0, 9.68558e+1, 0.00000e+0, 1.91594e+0, 0.00000e+0, 9.85647e+1, 0.00000e+0, 5.05557e+2, 0.00000e+0, 2.18658e+1, 0.00000e+0, 2.53060e+1, 0.00000e+0, 3.43989e+0, 0.00000e+0, 2.86062e+0, 0.00000e+0, 2.00000e+1, 0.00000e+0, 4.00000e+0, 0.00000e+0, 3, -1, Disabled
10/27/2022 18:15:29.452, 10/27/2022 18:15:29.392, 4.11342e+0, 0.00000e+0, 9.84072e+1, 0.00000e+0, 1.88974e+0, 0.00000e+0, 1.75298e+4, 0.00000e+0, 2.04201e+4, 0.00000e+0, 1.45418e+2, 0.00000e+0, 1.92346e+0, 0.00000e+0, 1.48013e+2, 0.00000e+0, 5.05799e+2, 0.00000e+0, 2.18571e+1, 0.00000e+0, 2.54439e+1, 0.00000e+0, 3.43911e+0, 0.00000e+0, 2.86086e+0, 0.00000e+0, 2.00000e+1, 0.00000e+0, 4.00000e+0, 0.00000e+0, 3, -1, Disabled
10/27/2022 18:15:30.445, 10/27/2022 18:15:30.386, 4.11280e+0, 0.00000e+0, 9.83922e+1, 0.00000e+0, 1.88362e+0, 0.00000e+0, 1.71740e+4, 0.00000e+0, 2.00968e+4, 0.00000e+0, -4.94220e+1, 0.00000e+0, 1.91653e+0, 0.00000e+0, -5.02856e+1, 0.00000e+0, 5.05768e+2, 0.00000e+0, 2.18591e+1, 0.00000e+0, 2.55311e+1, 0.00000e+0, 3.44001e+0, 0.00000e+0, 2.85918e+0, 0.00000e+0, 2.00000e+1, 0.00000e+0, 4.00000e+0, 0.00000e+0, 3, -1, Disabled
10/27/2022 18:15:31.442, 10/27/2022 18:15:31.381, 4.11233e+0, 0.00000e+0, 9.83811e+1, 0.00000e+0, 1.88994e+0, 0.00000e+0, 1.73383e+4, 0.00000e+0, 2.03835e+4, 0.00000e+0, 1.34031e+2, 0.00000e+0, 1.92329e+0, 0.00000e+0, 1.36395e+2, 0.00000e+0, 5.05539e+2, 0.00000e+0, 2.18672e+1, 0.00000e+0, 2.54751e+1, 0.00000e+0, 3.43876e+0, 0.00000e+0, 2.86214e+0, 0.00000e+0, 2.00000e+1, 0.00000e+0, 4.00000e+0, 0.00000e+0, 3, -1, Disabled
10/27/2022 18:15:32.493, 10/27/2022 18:15:32.415, 4.11222e+0, 0.00000e+0, 9.83786e+1, 0.00000e+0, 1.88924e+0, 0.00000e+0, 1.72939e+4, 0.00000e+0, 2.01876e+4, 0.00000e+0, 1.08066e+2, 0.00000e+0, 1.92249e+0, 0.00000e+0, 1.09967e+2, 0.00000e+0, 5.05400e+2, 0.00000e+0, 2.18646e+1, 0.00000e+0, 2.53617e+1, 0.00000e+0, 3.43949e+0, 0.00000e+0, 2.86029e+0, 0.00000e+0, 2.00000e+1, 0.00000e+0, 4.00000e+0, 0.00000e+0, 3, -1, Disabled
10/27/2022 18:15:33.448, 10/27/2022 18:15:33.377, 4.11113e+0, 0.00000e+0, 9.83525e+1, 0.00000e+0, 1.88677e+0, 0.00000e+0, 1.67463e+4, 0.00000e+0, 2.01439e+4, 0.00000e+0, 5.19712e+2, 0.00000e+0, 1.91891e+0, 0.00000e+0, 5.28563e+2, 0.00000e+0, 5.05774e+2, 0.00000e+0, 2.18734e+1, 0.00000e+0, 2.54321e+1, 0.00000e+0, 3.43870e+0, 0.00000e+0, 2.86240e+0, 0.00000e+0, 2.00000e+1, 0.00000e+0, 9.00000e+0, 0.00000e+0, 3, -1, Disabled
10/27/2022 18:15:34.421, 10/27/2022 18:15:34.365, 4.11196e+0, 0.00000e+0, 9.83722e+1, 0.00000e+0, 1.88645e+0, 0.00000e+0, 1.70199e+4, 0.00000e+0, 1.98271e+4, 0.00000e+0, 1.77223e-1, 0.00000e+0, 1.91911e+0, 0.00000e+0, 1.80291e-1, 0.00000e+0, 5.05796e+2, 0.00000e+0, 2.18784e+1, 0.00000e+0, 2.55264e+1, 0.00000e+0, 3.43937e+0, 0.00000e+0, 2.86002e+0, 0.00000e+0, 2.00000e+1, 0.00000e+0, 4.00000e+0, 0.00000e+0, 3, -1, Disabled
10/27/2022 18:15:35.420, 10/27/2022 18:15:35.360, 4.11207e+0, 0.00000e+0, 9.83750e+1, 0.00000e+0, 1.88852e+0, 0.00000e+0, 1.68582e+4, 0.00000e+0, 1.99565e+4, 0.00000e+0, 1.53695e+2, 0.00000e+0, 1.92090e+0, 0.00000e+0, 1.56331e+2, 0.00000e+0, 5.05536e+2, 0.00000e+0, 2.18810e+1, 0.00000e+0, 2.55434e+1, 0.00000e+0, 3.43870e+0, 0.00000e+0, 2.86029e+0, 0.00000e+0, 2.00000e+1, 0.00000e+0, 4.00000e+0, 0.00000e+0, 3, -1, Disabled
10/27/2022 18:15:36.411, 10/27/2022 18:15:36.354, 4.11301e+0, 0.00000e+0, 9.83974e+1, 0.00000e+0, 1.88446e+0, 0.00000e+0, 1.69110e+4, 0.00000e+0, 1.98900e+4, 0.00000e+0, 1.36147e+2, 0.00000e+0, 1.91688e+0, 0.00000e+0, 1.38489e+2, 0.00000e+0, 5.05519e+2, 0.00000e+0, 2.18763e+1, 0.00000e+0, 2.54551e+1, 0.00000e+0, 3.43926e+0, 0.00000e+0, 2.85970e+0, 0.00000e+0, 2.00000e+1, 0.00000e+0, 4.00000e+0, 0.00000e+0, 3, -1, Disabled
10/27/2022 18:15:37.450, 10/27/2022 18:15:37.377, 4.11180e+0, 0.00000e+0, 9.83683e+1, 0.00000e+0, 1.88958e+0, 0.00000e+0, 1.73136e+4, 0.00000e+0, 2.04661e+4, 0.00000e+0, 1.03300e+2, 0.00000e+0, 1.92287e+0, 0.00000e+0, 1.05120e+2, 0.00000e+0, 5.05543e+2, 0.00000e+0, 2.18937e+1, 0.00000e+0, 2.53952e+1, 0.00000e+0, 3.43964e+0, 0.00000e+0, 2.85985e+0, 0.00000e+0, 2.00000e+1, 0.00000e+0, 4.00000e+0, 0.00000e+0, 3, -1, Disabled
10/27/2022 18:15:38.399, 10/27/2022 18:15:38.343, 4.11182e+0, 0.00000e+0, 9.83690e+1, 0.00000e+0, 1.88381e+0, 0.00000e+0, 1.70818e+4, 0.00000e+0, 2.01366e+4, 0.00000e+0, 1.35698e+2, 0.00000e+0, 1.91655e+0, 0.00000e+0, 1.38057e+2, 0.00000e+0, 5.05847e+2, 0.00000e+0, 2.18850e+1, 0.00000e+0, 2.55252e+1, 0.00000e+0, 3.43898e+0, 0.00000e+0, 2.86106e+0, 0.00000e+0, 2.00000e+1, 0.00000e+0, 4.00000e+0, 0.00000e+0, 3, -1, Disabled
10/27/2022 18:15:39.420, 10/27/2022 18:15:39.338, 4.11268e+0, 0.00000e+0, 9.83894e+1, 0.00000e+0, 1.88913e+0, 0.00000e+0, 1.73916e+4, 0.00000e+0, 2.03312e+4, 0.00000e+0, 1.34357e+2, 0.00000e+0, 1.92257e+0, 0.00000e+0, 1.36735e+2, 0.00000e+0, 5.05674e+2, 0.00000e+0, 2.18840e+1, 0.00000e+0, 2.55801e+1, 0.00000e+0, 3.43993e+0, 0.00000e+0, 2.86058e+0, 0.00000e+0, 2.00000e+1, 0.00000e+0, 4.00000e+0, 0.00000e+0, 3, -1, Disabled
10/27/2022 18:15:40.390, 10/27/2022 18:15:40.332, 4.11216e+0, 0.00000e+0, 9.83771e+1, 0.00000e+0, 1.88528e+0, 0.00000e+0, 1.74552e+4, 0.00000e+0, 2.04368e+4, 0.00000e+0, 7.53925e+1, 0.00000e+0, 1.91877e+0, 0.00000e+0, 7.67319e+1, 0.00000e+0, 5.05496e+2, 0.00000e+0, 2.18882e+1, 0.00000e+0, 2.55403e+1, 0.00000e+0, 3.44082e+0, 0.00000e+0, 2.86193e+0, 0.00000e+0, 2.00000e+1, 0.00000e+0, 4.00000e+0, 0.00000e+0, 3, -1, Disabled
10/27/2022 18:15:41.386, 10/27/2022 18:15:41.326, 4.11328e+0, 0.00000e+0, 9.84038e+1, 0.00000e+0, 1.88899e+0, 0.00000e+0, 1.73093e+4, 0.00000e+0, 2.02777e+4, 0.00000e+0, 1.60224e+2, 0.00000e+0, 1.92226e+0, 0.00000e+0, 1.63046e+2, 0.00000e+0, 5.05579e+2, 0.00000e+0, 2.18890e+1, 0.00000e+0, 2.54481e+1, 0.00000e+0, 3.43965e+0, 0.00000e+0, 2.86047e+0, 0.00000e+0, 2.00000e+1, 0.00000e+0, 4.00000e+0, 0.00000e+0, 3, -1, Disabled
10/27/2022 18:15:42.376, 10/27/2022 18:15:42.321, 4.11283e+0, 0.00000e+0, 9.83930e+1, 0.00000e+0, 1.88520e+0, 0.00000e+0, 1.71803e+4, 0.00000e+0, 2.01244e+4, 0.00000e+0, -2.73577e+2, 0.00000e+0, 1.91815e+0, 0.00000e+0, -2.78359e+2, 0.00000e+0, 5.05777e+2, 0.00000e+0, 2.18868e+1, 0.00000e+0, 2.55486e+1, 0.00000e+0, 3.43919e+0, 0.00000e+0, 2.83819e+0, 0.00000e+0, 2.00000e+1, 0.00000e+0, 4.00000e+0, 0.00000e+0, 3, -1, Disabled
10/27/2022 18:15:43.395, 10/27/2022 18:15:43.315, 4.11186e+0, 0.00000e+0, 9.83698e+1, 0.00000e+0, 1.89584e+0, 0.00000e+0, 1.72675e+4, 0.00000e+0, 2.00457e+4, 0.00000e+0, 5.66025e+1, 0.00000e+0, 1.92915e+0, 0.00000e+0, 5.75970e+1, 0.00000e+0, 5.05780e+2, 0.00000e+0, 2.18990e+1, 0.00000e+0, 2.56030e+1, 0.00000e+0, 3.43879e+0, 0.00000e+0, 2.86182e+0, 0.00000e+0, 2.00000e+1, 0.00000e+0, 4.00000e+0, 0.00000e+0, 3, -1, Disabled
10/27/2022 18:15:44.434, 10/27/2022 18:15:44.314, 4.10649e+0, 0.00000e+0, 9.82414e+1, 0.00000e+0, 1.88827e+0, 0.00000e+0, 1.72568e+4, 0.00000e+0, 2.02594e+4, 0.00000e+0, -2.76855e+2, 0.00000e+0, 1.92143e+0, 0.00000e+0, -2.81716e+2, 0.00000e+0, 5.05234e+2, 0.00000e+0, 2.19088e+1, 0.00000e+0, 2.55420e+1, 0.00000e+0, 3.44059e+0, 0.00000e+0, 2.83971e+0, 0.00000e+0, 2.00000e+1, 0.00000e+0, 4.00000e+0, 0.00000e+0, 3, -1, Disabled
10/27/2022 18:15:45.508, 10/27/2022 18:15:45.402, 4.10650e+0, 0.00000e+0, 9.82416e+1, 0.00000e+0, 1.89193e+0, 0.00000e+0, 1.72050e+4, 0.00000e+0, 2.01072e+4, 0.00000e+0, 1.78735e+2, 0.00000e+0, 1.92505e+0, 0.00000e+0, 1.81864e+2, 0.00000e+0, 5.05423e+2, 0.00000e+0, 2.19060e+1, 0.00000e+0, 2.54474e+1, 0.00000e+0, 3.43810e+0, 0.00000e+0, 2.86021e+0, 0.00000e+0, 2.00000e+1, 0.00000e+0, 4.00000e+0, 0.00000e+0, 3, -1, Disabled
